,Feature,Duplication,Classification,Duplicate.2,Ka,Ks,Ka.Ks,P.Value
1,Solyc00g007010.3,wgd,TE-like,Solyc02g082750.3,0.0791475,0.676945,0.116919,2.10941e-47
2,Solyc00g007060.3,wgd,gbM,Solyc03g032150.3,0.128709,0.658828,0.195361,3.59515e-27
3,Solyc00g007070.3,wgd,TE-like,Solyc03g032140.3,0.125119,0.570228,0.219419,8.47411e-13
4,Solyc00g007080.3,wgd,gbM,Solyc02g082710.3,0.221277,0.583254,0.379384,1.71046e-05
5,Solyc00g007100.3,wgd,gbM,Solyc02g082550.3,0.0778558,0.65968,0.11802,2.96264e-41
6,Solyc00g007120.3,wgd,gbM,Solyc02g082540.3,0.120397,0.702485,0.171388,5.16055e-39
7,Solyc00g007130.3,wgd,Unmethylated,Solyc03g032090.1,0.116073,1.12659,0.10303,2.66956e-44
8,Solyc00g007190.3,wgd,gbM,Solyc02g082490.3,0.259101,1.97306,0.131319,9.47783e-14
9,Solyc00g007200.3,wgd,TE-like,Solyc02g082430.3,0.0835093,0.786747,0.106145,7.92746e-49
10,Solyc00g007220.3,wgd,Unmethylated,Solyc02g082420.3,0.280103,1.17683,0.238014,8.54513e-14
11,Solyc00g007270.3,wgd,gbM,Solyc02g082360.3,0.333421,1.94428,0.171489,2.66357e-14
12,Solyc00g007300.3,wgd,Unclassified,Solyc02g082350.3,0.14101,1.04663,0.134727,7.23997e-55
13,Solyc01g005070.3,wgd,gbM,Solyc04g008350.1,0.269452,2.85398,0.0944126,3.745e-46
14,Solyc01g005080.3,wgd,TE-like,Solyc04g008290.3,0.142651,0.668896,0.213264,3.35125e-31
15,Solyc01g005120.3,wgd,TE-like,Solyc04g008210.2,0.143212,1.1078,0.129276,1.31582e-32
16,Solyc01g005160.3,wgd,TE-like,Solyc04g008100.2,0.248297,1.14522,0.216811,3.48396e-24
17,Solyc01g005330.3,wgd,gbM,Solyc04g008040.3,0.0614523,0.69027,0.0890264,2.13587e-56
18,Solyc01g005370.3,wgd,Unmethylated,Solyc04g008000.3,0.202494,2.65939,0.076143,1.67257e-31
19,Solyc01g005400.3,wgd,TE-like,Solyc04g007960.3,0.405866,1.96023,0.20705,4.53828e-15
20,Solyc01g005470.3,wgd,Unmethylated,Solyc04g007900.3,0.226696,3.08314,0.0735275,5.07186e-25
21,Solyc01g006730.3,wgd,TE-like,Solyc10g081640.2,0.102714,1.10848,0.0926622,4.7105e-63
22,Solyc01g006740.3,wgd,TE-like,Solyc10g081660.2,0.0606083,0.784207,0.0772861,1.11055e-49
23,Solyc01g006760.3,wgd,NA,Solyc10g081690.1,0.268997,1.1199,0.240196,0.000472184
24,Solyc01g006790.2,wgd,Unmethylated,Solyc10g081700.2,0.266754,5.81545,0.0458699,3.60041e-26
25,Solyc01g006810.3,wgd,TE-like,Solyc10g081710.2,0.305085,0.940265,0.324467,2.09948e-10
26,Solyc01g006825.1,wgd,Unclassified,Solyc10g081720.2,0.156919,1.81081,0.086657,4.91622e-55
27,Solyc01g006830.3,wgd,TE-like,Solyc10g081730.2,0.249535,0.719667,0.346737,8.9597e-14
28,Solyc01g006840.3,wgd,gbM,Solyc10g081740.2,0.119989,0.988228,0.121419,3.96471e-56
29,Solyc01g006870.3,wgd,TE-like,Solyc10g081770.2,0.259127,1.73442,0.149402,2.47393e-26
30,Solyc01g006900.3,wgd,TE-like,Solyc10g081800.2,0.227345,1.33492,0.170307,1.6029e-16
31,Solyc01g006930.3,wgd,TE-like,Solyc10g081840.2,0.35651,0.832555,0.428212,0.000125774
32,Solyc01g006950.3,wgd,TE-like,Solyc10g081850.2,0.0742645,3.66532,0.0202614,1.15884e-78
33,Solyc01g007010.2,wgd,TE-like,Solyc06g074140.1,0.48664,4.18799,0.116199,4.69698e-35
34,Solyc01g007070.3,wgd,TE-like,Solyc06g074120.3,0.421041,4.51742,0.0932039,2.4917e-72
35,Solyc01g007080.3,wgd,TE-like,Solyc10g081890.2,0.282122,1.28289,0.219911,9.0156e-24
36,Solyc01g007130.3,wgd,TE-like,Solyc06g074070.3,0.30006,4.73123,0.0634213,3.67507e-190
37,Solyc01g007150.3,wgd,TE-like,Solyc10g081920.2,0.0325873,0.661402,0.04927,2.12007e-130
38,Solyc01g007220.3,wgd,TE-like,Solyc11g068890.1,0.347589,3.68738,0.0942647,1.34545e-38
39,Solyc01g007230.3,wgd,Unclassified,Solyc10g081970.2,0.164825,3.27094,0.0503907,2.1987e-31
40,Solyc01g007260.3,wgd,TE-like,Solyc10g082000.2,0.233869,2.18716,0.106928,6.2845e-49
41,Solyc01g007270.1,wgd,Unmethylated,Solyc10g082020.2,0.0901885,0.84273,0.107019,9.88403e-08
42,Solyc01g007740.3,wgd,TE-like,Solyc10g082030.2,0.0891629,1.27432,0.0699692,1.63656e-31
43,Solyc01g007760.3,wgd,gbM,Solyc11g068800.2,0.272484,3.85659,0.0706542,3.97978e-58
44,Solyc01g007780.3,wgd,TE-like,Solyc10g082040.2,0.189865,1.02823,0.184653,5.77992e-12
45,Solyc01g007800.3,wgd,Unmethylated,Solyc10g082050.1,0.161089,3.45433,0.0466339,1.76477e-38
46,Solyc01g007810.1,wgd,Unclassified,Solyc10g082060.1,0.478951,2.20381,0.217329,8.88096e-12
47,Solyc01g007840.3,wgd,Unclassified,Solyc06g074030.1,0.293874,3.9156,0.075052,3.21364e-47
48,Solyc01g007860.3,wgd,TE-like,Solyc10g083120.2,0.049332,0.821275,0.0600676,2.49336e-20
49,Solyc01g007870.3,wgd,TE-like,Solyc06g073990.2,0.392489,3.11895,0.12584,4.57041e-14
50,Solyc01g008600.3,wgd,gbM,Solyc11g065320.2,0.182454,0.987913,0.184687,2.16877e-38
51,Solyc01g008610.3,wgd,TE-like,Solyc11g065280.1,0.361125,3.90761,0.092416,1.07382e-40
52,Solyc01g008680.3,wgd,TE-like,Solyc11g065080.2,0.435805,0.928067,0.469583,0.00837727
53,Solyc01g008690.3,wgd,TE-like,Solyc11g065020.2,0.127933,0.780699,0.16387,2.8503e-15
54,Solyc01g008730.3,wgd,TE-like,Solyc11g064950.2,0.129703,1.25855,0.103057,2.22897e-25
55,Solyc01g008740.2,wgd,TE-like,Solyc11g064900.2,0.0873422,2.40025,0.0363889,1.57555e-75
56,Solyc01g008770.3,wgd,TE-like,Solyc11g064880.2,0.0813977,0.651784,0.124884,8.77371e-72
57,Solyc01g008800.2,wgd,TE-like,Solyc11g064830.2,0.184437,0.698298,0.264124,1.88909e-11
58,Solyc01g008820.3,wgd,TE-like,Solyc11g064790.2,0.0662271,0.553385,0.119676,5.52788e-31
59,Solyc01g008960.3,wgd,TE-like,Solyc06g073530.2,0.12207,1.57591,0.0774601,2.03291e-149
60,Solyc01g009040.3,wgd,gbM,Solyc06g073610.3,0.192271,1.3261,0.14499,1.24446e-33
61,Solyc01g009070.3,wgd,TE-like,Solyc06g073640.3,0.230434,0.723378,0.318552,2.30327e-16
62,Solyc01g009100.3,wgd,Unclassified,Solyc11g071490.2,0.035563,0.996822,0.0356763,5.29537e-19
63,Solyc01g009150.3,wgd,Unclassified,Solyc11g071510.2,0.039782,1.32913,0.0299307,3.84996e-26
64,Solyc01g009170.3,wgd,gbM,Solyc06g073720.2,0.149928,0.847342,0.176939,5.1716e-33
65,Solyc01g009200.3,wgd,TE-like,Solyc11g071560.2,0.421798,1.60898,0.262152,4.63001e-13
66,Solyc01g009235.1,wgd,TE-like,Solyc11g071590.1,0.117805,0.533921,0.220642,3.45358e-07
67,Solyc01g009240.3,wgd,TE-like,Solyc11g071640.2,0.227934,2.05127,0.111119,3.14105e-17
68,Solyc01g009250.3,wgd,Unclassified,Solyc11g071780.1,0.443816,1.26098,0.351962,1.40654e-07
69,Solyc01g009260.1,wgd,TE-like,Solyc06g073940.3,0.37389,1.52473,0.245218,4.17314e-24
70,Solyc01g009280.3,wgd,TE-like,Solyc06g073960.3,0.0453109,0.728775,0.0621741,7.41733e-132
71,Solyc01g009300.3,wgd,TE-like,Solyc11g071970.2,0.188832,0.805128,0.234536,1.13344e-48
72,Solyc01g009310.3,wgd,TE-like,Solyc06g074090.3,0.0867783,0.850498,0.102032,1.93451e-47
73,Solyc01g009320.2,wgd,TE-like,Solyc06g074140.1,0.19519,1.3563,0.143914,9.63702e-33
74,Solyc01g009390.3,wgd,TE-like,Solyc06g074210.3,0.101057,0.764539,0.13218,2.97413e-29
75,Solyc01g009520.3,wgd,TE-like,Solyc06g074310.3,0.0465519,0.813766,0.0572055,6.4079e-32
76,Solyc01g009560.1,wgd,TE-like,Solyc06g074350.3,0.229248,3.44262,0.0665911,7.22866e-31
77,Solyc01g010050.3,wgd,TE-like,Solyc05g010420.2,0.123112,1.05435,0.116766,3.87334e-35
78,Solyc01g010055.1,wgd,Unclassified,Solyc05g010423.1,0.246755,0.867588,0.284415,0.000124925
79,Solyc01g010135.1,wgd,TE-like,Solyc04g005220.2,0.336599,1.79426,0.187598,1.63033e-08
80,Solyc01g010140.1,wgd,gbM,Solyc05g011830.3,0.518179,1.08371,0.478152,3.83507e-07
81,Solyc01g010150.3,wgd,TE-like,Solyc05g011920.3,0.0551368,0.750514,0.0734654,8.92854e-56
82,Solyc01g010240.3,wgd,Unclassified,Solyc05g012050.3,0.142021,1.19173,0.119172,2.52781e-13
83,Solyc01g010250.3,wgd,gbM,Solyc05g012110.3,0.0639578,0.743939,0.0859717,2.80675e-32
84,Solyc01g010270.3,wgd,TE-like,Solyc05g012160.3,0.125449,0.857065,0.146371,7.68106e-11
85,Solyc01g010290.3,wgd,TE-like,Solyc05g012330.3,0.15148,0.920907,0.16449,2.38444e-26
86,Solyc01g010310.3,wgd,NA,Solyc05g012380.3,0.202178,1.51025,0.133871,1.53618e-12
87,Solyc01g010360.3,wgd,TE-like,Solyc05g012420.3,0.0687639,0.702304,0.0979118,3.54145e-23
88,Solyc01g010370.3,wgd,TE-like,Solyc04g005430.3,0.113055,0.609831,0.185387,1.18922e-37
89,Solyc01g010410.3,wgd,TE-like,Solyc04g005440.1,0.304453,0.88801,0.342848,1.86177e-14
90,Solyc01g010420.3,wgd,TE-like,Solyc05g006780.3,0.221047,1.31187,0.168497,8.01255e-21
91,Solyc01g010440.3,wgd,Unclassified,Solyc05g006900.2,0.197204,1.17594,0.167699,8.4254e-18
92,Solyc01g010460.3,wgd,TE-like,Solyc05g006930.3,0.29483,1.48669,0.198312,3.6343e-19
93,Solyc01g010480.3,wgd,gbM,Solyc05g007020.3,0.192226,0.76712,0.250582,4.9892e-19
94,Solyc01g010520.3,wgd,TE-like,Solyc05g007270.3,0.0750784,0.675003,0.111227,2.45898e-35
95,Solyc01g010540.3,wgd,gbM,Solyc04g005680.3,NA,0.706187,3.14427e-15,NA
96,Solyc01g010600.3,wgd,Unclassified,Solyc05g007180.3,0.140347,1.66271,0.0844084,2.28528e-27
97,Solyc01g010650.3,wgd,gbM,Solyc05g007150.3,0.0525434,0.939293,0.0559393,5.86457e-38
98,Solyc01g010660.3,wgd,TE-like,Solyc05g007140.3,0.079463,0.886005,0.0896868,6.45618e-50
99,Solyc01g010740.3,wgd,TE-like,Solyc05g007085.1,0.169682,1.65835,0.10232,2.60339e-43
100,Solyc01g010780.3,wgd,gbM,Solyc05g007050.3,0.0330754,0.662106,0.0499548,1.75024e-60
101,Solyc01g010860.3,wgd,TE-like,Solyc05g007460.3,0.0973541,1.60343,0.0607161,1.92993e-33
102,Solyc01g010870.3,wgd,TE-like,Solyc05g007490.3,0.0750105,0.572135,0.131106,2.5638e-44
103,Solyc01g010880.3,wgd,gbM,Solyc05g007670.3,0.127853,0.570875,0.22396,6.91997e-15
104,Solyc01g010910.2,wgd,TE-like,Solyc05g007690.2,0.317234,2.0132,0.157577,2.70724e-29
105,Solyc01g011000.3,wgd,Unclassified,Solyc05g006890.1,0.0102377,1.74549,0.00586525,2.9594e-47
106,Solyc01g017060.2,wgd,TE-like,Solyc02g011970.1,0.200856,0.497497,0.403732,0.0173545
107,Solyc01g017130.1,wgd,TE-like,Solyc02g011930.1,0.0703511,0.110846,0.634677,0.363017
108,Solyc01g017150.1,wgd,Unclassified,Solyc02g011920.1,0.113991,0.182683,0.623982,0.392197
109,Solyc01g017160.1,wgd,TE-like,Solyc02g011910.1,0.222259,0.11744,1.89254,0.319443
110,Solyc01g017180.2,wgd,TE-like,Solyc02g011890.1,0.25054,0.0975468,2.56841,0.0603942
111,Solyc01g017185.1,wgd,TE-like,Solyc02g011877.1,0.176697,0.200911,0.879476,0.82599
112,Solyc01g017235.1,wgd,TE-like,Solyc02g011860.1,0.149618,0.517551,0.289088,0.118395
113,Solyc01g057910.3,wgd,TE-like,Solyc05g053330.3,0.201246,3.71652,0.0541491,3.28499e-42
114,Solyc01g058030.2,wgd,Unclassified,Solyc05g053340.3,0.185834,1.52033,0.122233,4.93457e-30
115,Solyc01g058320.3,wgd,Unmethylated,Solyc05g053360.3,0.342131,0.831901,0.411264,1.44252e-05
116,Solyc01g058540.3,wgd,Unclassified,Solyc05g053380.3,0.425284,2.98823,0.14232,7.40381e-21
117,Solyc01g058650.2,wgd,TE-like,Solyc05g053390.3,0.304115,0.816283,0.372561,0.00472549
118,Solyc01g059860.3,wgd,TE-like,Solyc12g099250.2,0.120813,0.841182,0.143623,1.01416e-61
119,Solyc01g059870.4,wgd,TE-like,Solyc05g053410.3,0.0997787,0.839422,0.118866,7.51274e-106
120,Solyc01g059880.3,wgd,TE-like,Solyc12g099260.2,0.0180027,0.799692,0.022512,1.91091e-108
121,Solyc01g059950.1,wgd,Unclassified,Solyc05g053420.1,0.544511,1.36021,0.400313,7.88471e-08
122,Solyc01g060080.3,wgd,TE-like,Solyc12g099320.2,0.136508,0.673593,0.202656,1.66124e-48
123,Solyc01g060140.3,wgd,TE-like,Solyc12g099340.2,0.172968,0.723979,0.238913,4.72502e-33
124,Solyc01g060170.3,wgd,TE-like,Solyc12g099345.1,0.108651,0.534405,0.203312,1.19852e-08
125,Solyc01g060180.3,wgd,TE-like,Solyc12g099360.2,0.0735578,1.3446,0.054706,1.13322e-91
126,Solyc01g066310.3,wgd,TE-like,Solyc05g054365.1,0.0988443,0.875596,0.112888,4.92096e-74
127,Solyc01g066360.3,wgd,gbM,Solyc05g054360.3,0.217048,2.11977,0.102392,1.90993e-76
128,Solyc01g066450.3,wgd,Unclassified,Solyc12g099430.2,0.191317,3.94855,0.0484525,4.10932e-55
129,Solyc01g066457.1,wgd,TE-like,Solyc05g054320.3,0.257136,1.80411,0.142528,5.57563e-34
130,Solyc01g066620.3,wgd,TE-like,Solyc12g099440.2,0.149,1.16507,0.12789,1.07147e-57
131,Solyc01g066640.2,wgd,Unmethylated,Solyc12g099450.2,0.218895,1.57384,0.139084,3.09235e-23
132,Solyc01g066690.3,wgd,TE-like,Solyc12g099470.2,0.0133481,0.806949,0.0165414,3.29348e-84
133,Solyc01g066700.3,wgd,Unclassified,Solyc12g099480.2,0.0280258,1.85235,0.0151299,1.36846e-47
134,Solyc01g066770.3,wgd,TE-like,Solyc12g099510.2,0.133041,1.69657,0.0784178,3.26391e-14
135,Solyc01g066810.3,wgd,TE-like,Solyc12g099520.2,0.296296,1.60268,0.184876,1.78003e-11
136,Solyc01g066820.3,wgd,TE-like,Solyc05g054260.3,0.106519,0.620491,0.171669,1.82538e-52
137,Solyc01g066850.3,wgd,gbM,Solyc12g099580.2,0.124429,1.36606,0.0910861,6.5048e-36
138,Solyc01g066860.3,wgd,gbM,Solyc12g099590.1,0.194965,0.78701,0.247728,2.99331e-06
139,Solyc01g066870.3,wgd,gbM,Solyc12g099600.2,0.115574,0.936779,0.123374,1.23949e-44
140,Solyc01g066950.1,wgd,Unclassified,Solyc12g099610.1,0.122415,3.06791,0.0399018,1.02741e-24
141,Solyc01g067070.3,wgd,gbM,Solyc12g099630.2,0.13252,0.906769,0.146145,1.12931e-19
142,Solyc01g079130.2,wgd,Unclassified,Solyc01g100980.3,0.243546,4.19721,0.0580256,1.0404e-79
143,Solyc01g079160.3,wgd,TE-like,Solyc01g100930.3,0.321832,3.93075,0.0818756,0
144,Solyc01g079170.3,wgd,TE-like,Solyc01g100830.2,0.267944,4.03317,0.066435,8.76028e-69
145,Solyc01g079230.3,wgd,Unmethylated,Solyc01g100780.3,0.665473,2.93539,0.226707,9.86803e-06
146,Solyc01g079270.1,wgd,Unclassified,Solyc06g009510.1,0.476808,1.03561,0.460412,0.0307492
147,Solyc01g079310.3,wgd,Unclassified,Solyc01g100590.3,0.261381,2.15253,0.12143,7.7148e-44
148,Solyc01g079320.3,wgd,gbM,Solyc01g100580.3,0.593432,2.5088,0.23654,1.1174e-24
149,Solyc01g079350.3,wgd,TE-like,Solyc01g100540.3,0.406148,4.29621,0.0945364,1.72541e-59
150,Solyc01g079370.3,wgd,gbM,Solyc06g009610.1,0.252656,1.19522,0.21139,1.2014e-45
151,Solyc01g079460.2,wgd,Unclassified,Solyc01g100480.3,0.489913,1.90852,0.256698,3.83153e-14
152,Solyc01g079470.3,wgd,Unclassified,Solyc06g009630.1,0.171384,3.25583,0.0526389,1.68442e-24
153,Solyc01g079480.3,wgd,gbM,Solyc01g100460.3,0.3934,3.27359,0.120174,2.05774e-31
154,Solyc01g079500.3,wgd,TE-like,Solyc06g009650.3,0.185448,0.985471,0.188182,2.19017e-38
155,Solyc01g079540.3,wgd,Unclassified,Solyc01g100350.3,0.021075,3.71695,0.00566997,7.15693e-75
156,Solyc01g079580.3,wgd,Unclassified,Solyc06g009670.3,0.136518,1.58786,0.085976,9.67044e-94
157,Solyc01g079620.3,wgd,TE-like,Solyc06g009710.3,0.221019,1.87919,0.117614,1.4381e-24
158,Solyc01g079680.3,wgd,TE-like,Solyc09g065190.2,0.207883,4.36822,0.04759,1.33879e-100
159,Solyc01g079740.3,wgd,Unmethylated,Solyc06g054310.1,0.314339,2.14531,0.146523,1.71671e-19
160,Solyc01g079850.3,wgd,gbM,Solyc09g065030.3,0.291534,4.19464,0.0695014,3.6936e-60
161,Solyc01g079880.3,wgd,Unclassified,Solyc06g054370.2,0.121973,0.8425,0.144775,1.01784e-16
162,Solyc01g079960.2,wgd,Unclassified,Solyc09g065000.3,0.537533,4.10843,0.130837,3.91746e-53
163,Solyc01g080150.3,wgd,TE-like,Solyc09g064910.1,0.392598,3.8476,0.102037,1.04428e-44
164,Solyc01g080160.3,wgd,TE-like,Solyc06g054390.3,0.0933773,0.828722,0.112676,6.12867e-48
165,Solyc01g080200.3,wgd,TE-like,Solyc09g064780.3,0.250289,5.15188,0.0485821,3.02891e-219
166,Solyc01g080220.3,wgd,Unclassified,Solyc09g064720.3,0.285685,2.24162,0.127446,1.16623e-28
167,Solyc01g080250.3,wgd,TE-like,Solyc09g072980.2,0.175795,5.29305,0.0332125,5.30132e-81
168,Solyc01g080340.3,wgd,Unclassified,Solyc09g074060.3,0.541532,2.21193,0.244823,3.22276e-20
169,Solyc01g080367.1,wgd,TE-like,Solyc09g074080.2,0.185597,3.93181,0.0472039,2.45017e-75
170,Solyc01g080380.3,wgd,Unmethylated,Solyc06g054460.1,0.144853,1.36893,0.105814,4.66765e-38
171,Solyc01g080430.3,wgd,TE-like,Solyc09g074140.2,0.696226,4.51831,0.15409,8.5863e-48
172,Solyc01g080480.3,wgd,TE-like,Solyc09g074210.3,0.285621,4.24349,0.067308,1.78637e-79
173,Solyc01g080500.2,wgd,Unmethylated,Solyc06g054470.1,0.288302,2.06175,0.139833,1.70835e-16
174,Solyc01g080520.3,wgd,gbM,Solyc09g074250.3,0.351285,4.1539,0.0845675,4.7606e-71
175,Solyc01g080530.3,wgd,TE-like,Solyc06g054490.3,0.0926453,0.81578,0.113567,4.55814e-30
176,Solyc01g086700.3,wgd,gbM,Solyc10g078680.2,0.207887,4.66024,0.0446087,2.17087e-137
177,Solyc01g086710.3,wgd,TE-like,Solyc10g078860.2,0.770602,4.87424,0.158097,1.23622e-85
178,Solyc01g086850.3,wgd,gbM,Solyc10g079030.2,0.155639,3.77959,0.0411789,1.92406e-63
179,Solyc01g086870.3,wgd,Unclassified,Solyc10g079050.2,0.537346,3.9563,0.13582,6.10779e-33
180,Solyc01g086970.3,wgd,Unclassified,Solyc10g079080.2,0.235719,1.9112,0.123336,9.35866e-23
181,Solyc01g087170.3,wgd,TE-like,Solyc10g079120.2,0.207652,4.52493,0.0458907,2.40203e-121
182,Solyc01g087240.3,wgd,gbM,Solyc10g079150.2,0.501685,3.60022,0.139348,7.76028e-38
183,Solyc01g088480.3,wgd,gbM,Solyc08g077300.3,0.278365,1.47824,0.188308,1.7801e-14
184,Solyc01g088505.1,wgd,gbM,Solyc08g077360.3,0.132044,4.4556,0.0296355,1.35254e-144
185,Solyc01g088550.3,wgd,Unclassified,Solyc08g077370.3,0.406442,4.02456,0.10099,4.53793e-38
186,Solyc01g088580.1,wgd,Unclassified,Solyc08g077400.2,0.749397,1.77715,0.421684,7.24985e-05
187,Solyc01g088660.3,wgd,Unmethylated,NA,NA,NA,NA,NA
188,Solyc01g088690.3,wgd,TE-like,Solyc08g077630.3,0.345779,4.09234,0.0844942,2.40361e-51
189,Solyc01g088700.3,wgd,TE-like,Solyc08g077700.3,0.479375,5.21196,0.091976,2.36758e-140
190,Solyc01g090170.3,wgd,gbM,Solyc08g078070.3,0.0890398,3.58632,0.0248276,2.15732e-57
191,Solyc01g090370.2,wgd,TE-like,Solyc08g078180.1,0.444549,2.07221,0.214529,5.78578e-11
192,Solyc01g090410.3,wgd,gbM,NA,NA,NA,NA,NA
193,Solyc01g090440.2,wgd,TE-like,Solyc08g078290.1,0.666686,4.16744,0.159975,5.90457e-52
194,Solyc01g090460.3,wgd,Unclassified,Solyc08g078300.3,0.332731,3.84686,0.0864941,8.62708e-43
195,Solyc01g090560.3,wgd,Unclassified,Solyc08g078410.1,0.292651,3.45951,0.0845932,2.54559e-21
196,Solyc01g090730.3,wgd,Unclassified,Solyc10g018780.2,0.231903,1.88341,0.12313,1.3632e-33
197,Solyc01g090740.3,wgd,Unmethylated,Solyc10g018640.2,0.257435,3.18006,0.080953,1.54095e-25
198,Solyc01g090760.3,wgd,Unmethylated,Solyc10g018560.2,0.242365,2.79641,0.0866699,9.82652e-36
199,Solyc01g090790.3,wgd,Unclassified,Solyc10g018510.2,0.392006,1.75274,0.223653,1.7856e-25
200,Solyc01g090810.4,wgd,TE-like,Solyc10g018500.1,0.388898,3.81713,0.101882,1.6904e-29
201,Solyc01g090840.3,wgd,Unclassified,Solyc08g078590.1,0.469201,3.59673,0.130452,6.65812e-33
202,Solyc01g090910.3,wgd,gbM,Solyc08g078690.3,0.226309,2.64575,0.0855367,1.43237e-35
203,Solyc01g090950.3,wgd,Unclassified,Solyc08g078800.1,0.380336,2.13937,0.17778,2.75504e-40
204,Solyc01g090990.3,wgd,TE-like,Solyc06g034220.3,0.370536,3.7301,0.0993367,5.10842e-29
205,Solyc01g091010.3,wgd,Unclassified,Solyc08g079100.3,0.187669,2.2333,0.084032,2.68449e-27
206,Solyc01g091030.3,wgd,Unmethylated,Solyc08g079130.1,0.321264,3.23937,0.0991748,1.57661e-35
207,Solyc01g091050.3,wgd,TE-like,Solyc06g034360.2,0.366446,4.35455,0.0841523,1.40525e-62
208,Solyc01g091100.2,wgd,Unmethylated,Solyc06g034370.1,0.508124,2.44385,0.207919,5.04168e-12
209,Solyc01g091110.2,wgd,TE-like,Solyc08g079235.1,0.479646,3.47876,0.137879,7.69929e-26
210,Solyc01g091200.3,wgd,Unclassified,Solyc10g018260.1,0.0535609,1.16858,0.0458341,3.31804e-78
211,Solyc01g091220.3,wgd,Unclassified,Solyc10g018250.2,NA,0.413812,-2.68292e-15,NA
212,Solyc01g091230.3,wgd,gbM,Solyc08g079460.3,0.329777,4.57263,0.0721197,1.18811e-115
213,Solyc01g091250.3,wgd,TE-like,Solyc06g034410.3,0.372329,3.64428,0.102168,2.45659e-25
214,Solyc01g091260.3,wgd,Unclassified,Solyc08g079500.3,0.500236,3.78196,0.132269,2.43238e-26
215,Solyc01g091280.3,wgd,gbM,Solyc10g018160.2,0.0449573,1.45952,0.0308029,6.1622e-51
216,Solyc01g091290.3,wgd,Unclassified,Solyc08g079520.3,0.172734,1.90945,0.0904629,5.34745e-14
217,Solyc01g091320.3,wgd,Unclassified,Solyc08g079570.3,0.268108,3.89684,0.0688014,3.30784e-43
218,Solyc01g091370.3,wgd,gbM,Solyc06g035430.3,0.401245,3.95799,0.101376,1.00737e-30
219,Solyc01g091410.3,wgd,TE-like,Solyc06g035520.3,0.541499,3.75924,0.144045,0
220,Solyc01g091470.3,wgd,Unclassified,Solyc08g079720.3,0.228176,3.7602,0.0606818,0
221,Solyc01g091700.3,wgd,Unmethylated,Solyc08g080360.3,0.266437,3.22215,0.0826893,7.32147e-22
222,Solyc01g091710.3,wgd,TE-like,Solyc10g017880.2,0.260274,0.91909,0.283187,1.95934e-13
223,Solyc01g091730.3,wgd,Unclassified,Solyc10g017850.3,0.0574548,0.869348,0.0660895,6.48551e-33
224,Solyc01g091830.3,wgd,Unclassified,Solyc08g080280.3,0.579002,4.11581,0.140678,9.71663e-28
225,Solyc01g091840.3,wgd,gbM,Solyc08g080270.3,0.226168,2.80169,0.0807255,3.49982e-50
226,Solyc01g091870.3,wgd,gbM,Solyc08g080200.3,0.192459,4.62603,0.0416034,6.32734e-125
227,Solyc01g091880.3,wgd,TE-like,Solyc10g017810.2,0.0719742,1.31789,0.0546135,4.2927e-54
228,Solyc01g091910.4,wgd,TE-like,Solyc10g017655.1,0.0809424,1.61367,0.0501604,2.57793e-52
229,Solyc01g092950.3,wgd,TE-like,Solyc10g017630.2,0.293581,2.50936,0.116994,3.90833e-11
230,Solyc01g093970.4,wgd,gbM,Solyc10g017600.3,0.0916435,1.50267,0.060987,5.71946e-48
231,Solyc01g093975.1,wgd,Unclassified,Solyc08g080030.3,0.404758,3.41396,0.11856,9.36612e-19
232,Solyc01g094030.3,wgd,TE-like,Solyc10g017590.2,0.116339,0.909177,0.127961,2.19264e-46
233,Solyc01g094170.3,wgd,gbM,Solyc10g017580.3,0.114776,1.06964,0.107303,7.68791e-33
234,Solyc01g094200.3,wgd,TE-like,Solyc05g050120.3,0.569291,4.47529,0.127207,2.01196e-42
235,Solyc01g094237.1,wgd,TE-like,Solyc10g017570.3,0.316896,1.78719,0.177315,8.35318e-28
236,Solyc01g094320.3,wgd,Unclassified,Solyc10g017520.3,0.12428,1.73703,0.0715472,6.15081e-26
237,Solyc01g094350.3,wgd,TE-like,Solyc05g048850.3,0.0267329,0.610434,0.0437933,3.79793e-48
238,Solyc01g094360.3,wgd,TE-like,Solyc05g048830.3,0.101089,1.76285,0.0573439,7.94094e-41
239,Solyc01g094370.3,wgd,gbM,Solyc03g025850.3,0.294663,2.43057,0.121232,1.0786e-16
240,Solyc01g094380.2,wgd,TE-like,Solyc05g048800.2,0.17106,2.19633,0.0778844,2.86546e-13
241,Solyc01g094400.3,wgd,Unclassified,Solyc03g025740.3,0.159617,2.19935,0.0725744,1.33116e-26
242,Solyc01g094430.1,wgd,TE-like,Solyc05g048780.1,0.241613,1.95213,0.123769,2.10819e-25
243,Solyc01g094560.3,wgd,Unclassified,Solyc03g025520.3,0.00819253,1.43717,0.00570045,7.57798e-36
244,Solyc01g094570.3,wgd,TE-like,Solyc03g025510.3,0.250001,2.28198,0.109555,8.77938e-57
245,Solyc01g094590.3,wgd,TE-like,Solyc03g025490.3,0.269404,2.11103,0.127617,1.34646e-36
246,Solyc01g094640.3,wgd,TE-like,Solyc08g081160.3,0.716114,4.63313,0.154564,3.35536e-40
247,Solyc01g094660.3,wgd,gbM,Solyc03g025450.3,0.504892,4.53652,0.111295,3.8273e-46
248,Solyc01g094680.3,wgd,TE-like,Solyc08g081180.3,0.171119,2.41403,0.0708849,5.47419e-93
249,Solyc01g094690.3,wgd,Unclassified,Solyc08g081190.3,0.102082,1.45338,0.070238,2.26994e-52
250,Solyc01g094750.3,wgd,TE-like,Solyc08g081220.1,0.135654,4.44937,0.0304883,7.38286e-118
251,Solyc01g094770.3,wgd,gbM,Solyc10g012420.3,0.228395,0.548071,0.416725,1.44165e-06
252,Solyc01g094780.3,wgd,Unclassified,Solyc10g012400.3,0.253918,0.717318,0.353983,1.85083e-07
253,Solyc01g094790.3,wgd,gbM,Solyc10g012370.3,0.0949338,1.51572,0.0626327,8.27304e-47
254,Solyc01g094810.3,wgd,gbM,Solyc08g081270.3,0.0705586,3.43903,0.020517,5.66732e-65
255,Solyc01g094820.3,wgd,gbM,Solyc05g049960.3,0.284441,1.15291,0.246716,2.83901e-23
256,Solyc01g094840.3,wgd,Unclassified,Solyc08g081300.3,0.429702,1.54965,0.277289,5.24141e-11
257,Solyc01g094870.2,wgd,Unclassified,Solyc08g081360.3,0.527606,2.24451,0.235065,4.17749e-14
258,Solyc01g094950.3,wgd,gbM,Solyc10g012070.3,0.150304,0.698229,0.215265,4.75267e-20
259,Solyc01g094960.3,wgd,gbM,Solyc05g049970.3,0.0722817,0.75181,0.0961435,6.75664e-38
260,Solyc01g094970.3,wgd,Unclassified,Solyc08g081480.3,0.236874,4.28657,0.0552596,3.09231e-73
261,Solyc01g095020.3,wgd,TE-like,Solyc10g012030.3,0.243814,0.7662,0.318212,1.30316e-30
262,Solyc01g095070.3,wgd,gbM,Solyc10g011960.2,0.258251,1.65955,0.155615,5.21143e-17
263,Solyc01g095080.3,wgd,TE-like,Solyc08g081540.3,0.213418,4.20541,0.0507485,7.25162e-108
264,Solyc01g095090.3,wgd,TE-like,Solyc05g050020.3,0.234238,0.863014,0.271418,2.36387e-18
265,Solyc01g095100.3,wgd,Unmethylated,Solyc08g081610.3,0.507326,3.56906,0.142145,0
266,Solyc01g095140.3,wgd,Unmethylated,Solyc10g011900.3,0.254879,1.97441,0.129091,4.6094e-16
267,Solyc01g095180.2,wgd,Unmethylated,Solyc10g011880.1,0.150932,2.12629,0.0709838,1.9113e-30
268,Solyc01g095200.3,wgd,Unclassified,Solyc08g081730.3,0.181717,3.86032,0.047073,5.11272e-55
269,Solyc01g095270.3,wgd,Unclassified,Solyc05g050110.3,0.21916,1.09012,0.201043,2.63596e-18
270,Solyc01g095390.3,wgd,gbM,Solyc08g081830.3,0.53836,4.49867,0.119671,2.46693e-53
271,Solyc01g095400.3,wgd,gbM,Solyc10g011790.3,0.0623318,0.884768,0.0704499,1.23765e-62
272,Solyc01g095410.3,wgd,Unclassified,Solyc05g050200.3,NA,1.02407,0,NA
273,Solyc01g095430.3,wgd,Unclassified,Solyc10g011770.3,0.145687,0.434366,0.3354,5.75931e-06
274,Solyc01g095440.2,wgd,Unclassified,Solyc08g081850.1,0.576936,1.67471,0.344498,2.45405e-11
275,Solyc01g095450.3,wgd,Unclassified,Solyc05g050210.3,0.142606,1.29216,0.110362,9.22218e-36
276,Solyc01g095460.3,wgd,gbM,Solyc05g050220.3,0.188425,1.00213,0.188024,8.31953e-27
277,Solyc01g095470.3,wgd,TE-like,Solyc10g011760.3,0.143242,0.462217,0.309902,7.11261e-11
278,Solyc01g095490.3,wgd,Unclassified,Solyc08g081950.3,0.0244229,3.51626,0.00694571,4.3104e-59
279,Solyc01g095500.3,wgd,Unmethylated,Solyc08g081960.2,0.561465,3.87286,0.144974,1.19424e-33
280,Solyc01g095510.3,wgd,gbM,Solyc03g007430.3,0.254275,1.86403,0.136412,2.69046e-49
281,Solyc01g095520.3,wgd,NA,Solyc10g011730.3,0.175632,0.506394,0.346828,0.00504357
282,Solyc01g095530.2,wgd,Unmethylated,Solyc05g050250.1,0.132523,2.11493,0.0626605,1.36042e-14
283,Solyc01g095550.2,wgd,gbM,Solyc08g081980.3,0.403091,4.55702,0.088455,1.31497e-84
284,Solyc01g095560.3,wgd,gbM,Solyc10g011680.3,0.391247,1.69264,0.231146,0.00191965
285,Solyc01g095570.3,wgd,gbM,Solyc08g082020.3,0.107131,3.92163,0.027318,1.10609e-74
286,Solyc01g095580.3,wgd,Unclassified,Solyc05g050280.3,0.0918668,1.38985,0.0660984,2.78595e-82
287,Solyc01g095590.3,wgd,gbM,Solyc08g082040.3,0.573832,4.69232,0.122292,8.97937e-78
288,Solyc01g095610.3,wgd,Unclassified,Solyc08g082060.3,0.3114,4.13148,0.0753726,7.80882e-57
289,Solyc01g095620.3,wgd,Unclassified,Solyc10g009580.3,0.201432,1.93342,0.104184,7.95418e-50
290,Solyc01g095630.3,wgd,Unclassified,Solyc08g082110.3,0.537367,3.77798,0.142237,5.37708e-25
291,Solyc01g095670.3,wgd,gbM,Solyc10g009570.3,0.185643,1.02084,0.181853,7.76554e-26
292,Solyc01g095700.3,wgd,Unclassified,Solyc08g082180.3,0.156265,2.00917,0.0777761,1.18741e-32
293,Solyc01g095730.3,wgd,TE-like,Solyc10g009490.2,0.120904,0.615847,0.196322,1.70459e-71
294,Solyc01g095745.1,wgd,gbM,Solyc08g082280.3,0.209215,4.53851,0.0460976,2.51402e-116
295,Solyc01g095770.3,wgd,gbM,Solyc03g007250.1,0.138035,3.8232,0.0361046,2.51157e-54
296,Solyc01g095810.3,wgd,Unclassified,Solyc10g009487.1,0.399323,2.10951,0.189297,2.3863e-09
297,Solyc01g095830.3,wgd,Unclassified,Solyc08g082310.3,0.535363,3.96974,0.134861,2.77638e-39
298,Solyc01g095900.3,wgd,TE-like,Solyc05g050630.3,0.156929,0.59066,0.265685,2.77094e-74
299,Solyc01g095907.1,wgd,gbM,Solyc10g009480.3,0.218652,0.962998,0.227054,1.27468e-16
300,Solyc01g095930.3,wgd,Unclassified,Solyc10g009430.3,0.52607,4.3162,0.121883,3.50482e-47
301,Solyc01g095970.3,wgd,TE-like,Solyc05g050600.3,0.0300915,0.837431,0.0359331,1.09334e-91
302,Solyc01g095990.3,wgd,gbM,Solyc05g050590.3,0.11075,1.46999,0.0753407,4.59895e-53
303,Solyc01g095995.1,wgd,Unclassified,Solyc08g082470.1,0.405114,1.64034,0.24697,7.79793e-13
304,Solyc01g096020.3,wgd,gbM,Solyc10g009420.3,0.0604928,1.05288,0.0574544,1.93916e-42
305,Solyc01g096040.3,wgd,Unmethylated,Solyc10g009410.1,0.143259,1.34997,0.10612,3.00045e-70
306,Solyc01g096050.3,wgd,Unclassified,Solyc05g050560.1,0.154,0.732851,0.210138,7.55005e-34
307,Solyc01g096070.3,wgd,gbM,Solyc08g082630.3,0.3419,2.63399,0.129803,1.81478e-65
308,Solyc01g096080.3,wgd,Unclassified,Solyc03g083050.3,0.647705,5.35221,0.121016,1.14962e-09
309,Solyc01g096090.3,wgd,gbM,Solyc03g083000.3,0.787121,2.40174,0.32773,5.0705e-12
310,Solyc01g096120.3,wgd,TE-like,Solyc10g009360.3,0.232187,3.17211,0.0731964,3.3773e-29
311,Solyc01g096130.3,wgd,Unclassified,Solyc08g082920.3,0.0627449,1.82613,0.0343594,1.37337e-32
312,Solyc01g096140.3,wgd,gbM,Solyc08g082950.3,0.332073,4.23723,0.0783703,5.94903e-56
313,Solyc01g096150.3,wgd,Unclassified,Solyc05g050520.3,0.108359,1.02227,0.105998,3.16484e-26
314,Solyc01g096170.3,wgd,gbM,Solyc08g082980.2,0.446256,4.41015,0.101188,3.96549e-68
315,Solyc01g096175.1,wgd,Unmethylated,Solyc05g050510.3,0.407288,2.93895,0.138583,2.18564e-20
316,Solyc01g096180.3,wgd,gbM,Solyc10g009330.3,0.156476,0.779175,0.200823,3.03291e-15
317,Solyc01g096200.3,wgd,TE-like,Solyc03g082690.3,0.428719,1.72532,0.248486,3.13037e-63
318,Solyc01g096230.3,wgd,Unmethylated,Solyc03g082640.2,0.282048,3.32916,0.0847203,1.656e-59
319,Solyc01g096260.3,wgd,Unclassified,Solyc10g009320.3,0.467275,3.68076,0.126951,1.04429e-18
320,Solyc01g096270.3,wgd,Unclassified,Solyc03g082600.3,0.309689,1.36513,0.226857,2.17142e-09
321,Solyc01g096280.2,wgd,TE-like,Solyc10g009310.3,0.138969,1.68625,0.0824132,1.7247e-66
322,Solyc01g096290.3,wgd,Unmethylated,Solyc08g083120.3,NA,1.67228,1.48845e-12,NA
323,Solyc01g096320.3,wgd,Unmethylated,Solyc03g082550.3,0.468529,2.12265,0.220728,2.62427e-13
324,Solyc01g096340.3,wgd,Unmethylated,Solyc03g082510.1,0.253453,3.01074,0.0841828,0
325,Solyc01g096350.3,wgd,gbM,Solyc03g082500.3,0.173815,4.46621,0.0389178,9.73211e-135
326,Solyc01g096370.3,wgd,Unmethylated,Solyc08g083170.1,0.494358,4.20635,0.117527,2.51962e-32
327,Solyc01g099290.3,wgd,gbM,Solyc09g074680.3,0.614421,3.88265,0.158248,3.42067e-23
328,Solyc01g099320.3,wgd,Unclassified,Solyc09g074760.1,0.271868,3.21864,0.0844667,4.68115e-24
329,Solyc01g099340.3,wgd,Unclassified,Solyc09g074780.3,0.32722,3.96308,0.082567,6.07885e-93
330,Solyc01g099520.3,wgd,Unmethylated,Solyc09g074890.1,0.271819,3.15846,0.0860606,3.4801e-22
331,Solyc01g099680.3,wgd,Unclassified,Solyc09g074930.3,0.412776,2.62994,0.156952,1.99165e-14
332,Solyc01g099810.3,wgd,TE-like,Solyc09g075090.1,0.188968,3.7444,0.0504667,1.90688e-89
333,Solyc01g099830.3,wgd,Unclassified,Solyc09g075150.3,0.0864335,3.34825,0.0258146,2.30909e-42
334,Solyc01g099900.3,wgd,TE-like,Solyc09g075290.3,0.0743655,1.49221,0.0498358,4.45765e-43
335,Solyc01g099910.3,wgd,Unclassified,Solyc09g075300.3,0.287351,3.95291,0.0726935,2.73113e-46
336,Solyc01g099950.1,wgd,Unclassified,Solyc09g075330.3,0.33193,4.34326,0.0764241,5.83824e-86
337,Solyc01g100120.3,wgd,gbM,Solyc09g075480.3,0.316657,4.85986,0.0651576,1.15548e-118
338,Solyc01g100160.3,wgd,Unclassified,Solyc09g075510.3,0.588003,3.23823,0.181582,2.56057e-08
339,Solyc01g100170.3,wgd,TE-like,Solyc09g075530.3,0.21475,4.03081,0.0532772,9.41561e-55
340,Solyc01g100210.3,wgd,TE-like,Solyc09g075560.1,0.258384,4.11306,0.0628203,9.23379e-70
341,Solyc01g100220.3,wgd,Unmethylated,Solyc09g075610.3,0.350721,3.10955,0.112788,3.05799e-14
342,Solyc01g100350.3,wgd,Unclassified,Solyc01g079540.3,0.021075,3.71695,0.00566997,7.15693e-75
343,Solyc01g100460.3,wgd,Unclassified,Solyc01g079480.3,0.3934,3.27359,0.120174,2.05774e-31
344,Solyc01g100480.3,wgd,gbM,Solyc01g079460.2,0.489913,1.90852,0.256698,3.83153e-14
345,Solyc01g100540.3,wgd,TE-like,Solyc01g079350.3,0.406148,4.29621,0.0945364,1.72541e-59
346,Solyc01g100580.3,wgd,Unclassified,Solyc01g079320.3,0.593432,2.5088,0.23654,1.1174e-24
347,Solyc01g100590.3,wgd,Unclassified,Solyc01g079310.3,0.261381,2.15253,0.12143,7.7148e-44
348,Solyc01g100780.3,wgd,TE-like,Solyc01g079230.3,0.665473,2.93539,0.226707,9.86803e-06
349,Solyc01g100830.2,wgd,Unmethylated,Solyc01g079170.3,0.267944,4.03317,0.066435,8.76028e-69
350,Solyc01g100930.3,wgd,gbM,Solyc01g079160.3,0.321832,3.93075,0.0818756,0
351,Solyc01g100980.3,wgd,gbM,Solyc01g079130.2,0.243546,4.19721,0.0580256,1.0404e-79
352,Solyc01g104950.3,wgd,gbM,Solyc04g072850.3,0.445469,4.57773,0.0973121,1.89726e-103
353,Solyc01g105100.3,wgd,TE-like,Solyc04g072910.3,0.14063,4.06534,0.0345925,4.59896e-82
354,Solyc01g105140.3,wgd,TE-like,Solyc04g074040.3,0.203909,3.8942,0.0523623,1.81227e-48
355,Solyc01g105280.3,wgd,TE-like,Solyc04g074190.3,0.191051,2.33767,0.0817271,1.00111e-45
356,Solyc01g105330.3,wgd,TE-like,Solyc04g074250.2,0.657995,4.73756,0.138889,3.29165e-54
357,Solyc01g105350.2,wgd,TE-like,Solyc04g074380.3,0.283882,4.20287,0.0675448,7.24267e-90
358,Solyc01g105370.3,wgd,Unclassified,Solyc11g009080.2,0.354379,3.94441,0.0898433,3.16506e-32
359,Solyc01g105410.3,wgd,Unmethylated,Solyc04g074400.1,0.279835,3.95892,0.0706847,4.34316e-50
360,Solyc01g105435.1,wgd,TE-like,Solyc11g009100.2,0.306117,4.39063,0.0697206,3.56625e-94
361,Solyc01g105540.3,wgd,gbM,Solyc11g010290.2,0.204466,3.07377,0.0665197,3.59351e-47
362,Solyc01g105560.3,wgd,gbM,Solyc11g010300.2,0.204166,4.43995,0.0459838,1.02575e-101
363,Solyc01g105610.1,wgd,Unclassified,Solyc11g010330.2,0.420051,3.48129,0.120659,2.83081e-39
364,Solyc01g105720.2,wgd,Unclassified,Solyc04g076150.3,0.475639,2.49078,0.19096,4.39169e-27
365,Solyc01g105780.3,wgd,TE-like,Solyc11g010540.1,0.805008,3.91641,0.205548,1.29848e-27
366,Solyc01g105800.3,wgd,TE-like,Solyc11g010570.2,0.340233,1.49174,0.228077,4.59765e-16
367,Solyc01g106000.3,wgd,Unmethylated,Solyc11g010650.3,0.235591,1.68625,0.139713,1.07774e-31
368,Solyc01g106020.3,wgd,gbM,Solyc11g010840.2,0.618029,4.57174,0.135184,8.99538e-42
369,Solyc01g106030.3,wgd,TE-like,Solyc04g076525.1,0.501738,3.7346,0.134349,6.53128e-22
370,Solyc01g106170.3,wgd,Unclassified,Solyc04g076700.3,0.124044,1.62026,0.0765579,9.65248e-17
371,Solyc01g106200.2,wgd,TE-like,Solyc04g076750.2,0.227205,2.00321,0.113421,3.549e-100
372,Solyc01g106320.2,wgd,Unmethylated,Solyc04g076820.1,0.354473,3.09479,0.114539,3.95053e-46
373,Solyc01g106390.3,wgd,gbM,Solyc04g076870.3,0.194472,4.43417,0.0438576,4.78123e-112
374,Solyc01g106400.3,wgd,TE-like,Solyc10g047930.2,0.16674,1.25661,0.13269,6.64644e-18
375,Solyc01g106430.3,wgd,TE-like,Solyc10g047950.2,0.0809326,0.703963,0.114967,3.25187e-28
376,Solyc01g106500.3,wgd,Unclassified,Solyc04g076980.3,0.310005,3.85696,0.0803755,9.43852e-78
377,Solyc01g106570.3,wgd,TE-like,Solyc10g048010.2,0.12906,0.741547,0.174041,6.76823e-30
378,Solyc01g106610.2,wgd,Unclassified,Solyc10g048040.1,0.270864,2.98069,0.0908727,1.45403e-17
379,Solyc01g106690.3,wgd,Unmethylated,Solyc04g077140.3,0.334094,4.3243,0.0772596,1.48412e-54
380,Solyc01g106920.3,wgd,gbM,Solyc10g049280.2,0.138436,0.60679,0.228145,2.10008e-27
381,Solyc01g107140.2,wgd,Unclassified,Solyc04g077960.1,0.4462,3.74032,0.119295,7.71572e-37
382,Solyc01g107170.2,wgd,Unmethylated,Solyc04g077980.1,0.486329,3.88405,0.125212,4.25327e-21
383,Solyc01g107180.3,wgd,gbM,Solyc02g092480.3,0.271791,4.54432,0.0598088,4.06011e-93
384,Solyc01g107190.3,wgd,Unclassified,Solyc04g077990.3,0.432434,2.51242,0.172119,2.20248e-18
385,Solyc01g107200.3,wgd,TE-like,Solyc04g078000.3,0.394367,4.55404,0.0865972,2.89183e-63
386,Solyc01g107240.3,wgd,gbM,Solyc04g078040.3,0.392075,3.82093,0.102613,2.03437e-29
387,Solyc01g107300.3,wgd,Unclassified,Solyc02g092750.3,0.222488,3.76225,0.0591369,2.05445e-44
388,Solyc01g107350.3,wgd,Unclassified,Solyc04g078190.3,0.116023,2.70183,0.0429424,1.86451e-103
389,Solyc01g107370.3,wgd,Unclassified,Solyc04g078200.3,0.215193,1.15474,0.186355,1.20731e-06
390,Solyc01g107390.3,wgd,Unclassified,Solyc02g092820.3,0.118338,4.35654,0.0271633,1.35365e-141
391,Solyc01g107450.3,wgd,Unclassified,Solyc02g092830.3,0.42922,1.72505,0.248816,4.88595e-08
392,Solyc01g107650.3,wgd,TE-like,Solyc02g092940.3,0.34896,4.63345,0.0753131,4.40416e-104
393,Solyc01g107695.1,wgd,TE-like,Solyc10g049970.2,0.603266,3.33308,0.180993,1.97301e-15
394,Solyc01g107730.3,wgd,Unmethylated,Solyc02g092980.3,0.34338,3.28773,0.104443,5.87691e-33
395,Solyc01g107740.3,wgd,gbM,Solyc10g050060.2,0.183067,1.28947,0.141971,1.15678e-21
396,Solyc01g107750.3,wgd,TE-like,Solyc02g093000.3,0.287257,4.47682,0.0641654,1.95416e-102
397,Solyc01g107760.3,wgd,Unclassified,Solyc02g093040.3,0.366716,4.21976,0.0869045,3.93124e-54
398,Solyc01g107790.2,wgd,gbM,Solyc10g050110.1,0.354894,4.09582,0.0866478,1.11944e-65
399,Solyc01g107800.3,wgd,Unmethylated,Solyc02g093090.1,0.343957,3.94929,0.0870936,1.09095e-37
400,Solyc01g107860.3,wgd,gbM,Solyc02g093140.3,0.256078,2.70061,0.0948223,2.24305e-34
401,Solyc01g107890.3,wgd,TE-like,Solyc02g093160.3,0.557428,3.30548,0.168638,2.56425e-51
402,Solyc01g107910.3,wgd,Unclassified,Solyc10g050160.2,0.0542626,1.00621,0.0539277,4.10449e-37
403,Solyc01g107930.3,wgd,TE-like,Solyc10g050170.2,0.27393,0.694807,0.394254,4.24912e-15
404,Solyc01g107990.3,wgd,Unclassified,Solyc02g093310.3,0.255205,4.13534,0.0617132,1.90692e-58
405,Solyc01g108010.3,wgd,TE-like,Solyc10g050190.2,0.218116,0.57015,0.382558,2.8548e-12
406,Solyc01g108087.1,wgd,Unclassified,Solyc10g050210.2,0.228449,1.24,0.184233,6.55626e-20
407,Solyc01g108100.3,wgd,Unclassified,Solyc10g050220.2,0.387166,0.672186,0.57598,0.00596163
408,Solyc01g108200.3,wgd,Unclassified,Solyc10g050240.2,0.160059,1.23913,0.129171,1.7403e-12
409,Solyc01g108280.3,wgd,gbM,Solyc02g090390.3,0.0880965,4.03513,0.0218324,1.46083e-100
410,Solyc01g108300.3,wgd,gbM,Solyc02g090400.3,0.433971,4.0012,0.10846,1.00198e-55
411,Solyc01g108310.3,wgd,Unclassified,Solyc10g050550.2,0.156611,1.512,0.103579,1.39721e-23
412,Solyc01g108320.3,wgd,Unclassified,Solyc02g090450.3,0.265545,4.02087,0.0660418,1.1265e-49
413,Solyc01g108340.3,wgd,TE-like,Solyc02g090480.3,0.159896,3.46326,0.0461692,4.45507e-71
414,Solyc01g108350.3,wgd,Unmethylated,Solyc10g050690.2,0.164663,0.76999,0.213851,1.27254e-10
415,Solyc01g108400.3,wgd,TE-like,Solyc02g090510.3,0.133161,4.42971,0.0300609,2.28202e-144
416,Solyc01g108500.3,wgd,TE-like,Solyc10g050860.2,0.0917129,0.969888,0.0945603,2.27084e-34
417,Solyc01g108510.3,wgd,TE-like,Solyc10g050870.2,0.111012,0.506723,0.219078,5.16245e-17
418,Solyc01g108520.2,wgd,TE-like,Solyc10g050880.1,0.334303,2.23038,0.149887,2.1538e-28
419,Solyc01g108610.3,wgd,Unmethylated,Solyc02g090680.3,0.767383,3.62932,0.21144,5.78174e-12
420,Solyc01g108630.3,wgd,Unclassified,Solyc10g050890.2,0.0724397,1.12367,0.0644673,2.80728e-82
421,Solyc01g108930.3,wgd,Unclassified,Solyc04g079590.3,0.665696,3.88655,0.171282,1.13101e-17
422,Solyc01g109120.3,wgd,Unclassified,Solyc04g079700.3,0.333777,4.19299,0.0796036,1.92002e-62
423,Solyc01g109140.3,wgd,TE-like,Solyc04g079730.1,0.438272,4.31636,0.101537,2.26109e-60
424,Solyc01g109220.3,wgd,Unmethylated,Solyc10g050997.1,0.281032,1.16093,0.242075,0.000885004
425,Solyc01g109270.3,wgd,gbM,Solyc10g051010.2,0.248816,1.54647,0.160893,3.22129e-22
426,Solyc01g109280.3,wgd,TE-like,Solyc04g079780.3,0.284493,4.30538,0.0660785,4.13145e-80
427,Solyc01g109310.3,wgd,gbM,Solyc10g051130.2,0.233001,0.785935,0.296464,7.42013e-17
428,Solyc01g109330.3,wgd,gbM,Solyc10g051200.2,0.238242,0.8465,0.281444,2.40362e-16
429,Solyc01g109340.3,wgd,TE-like,Solyc10g051270.2,0.139967,0.739279,0.189329,1.37605e-14
430,Solyc01g109370.3,wgd,gbM,Solyc04g079880.3,0.300444,4.16678,0.0721046,9.83439e-51
431,Solyc01g109430.3,wgd,TE-like,Solyc04g080030.3,0.232046,3.25332,0.0713259,1.10133e-27
432,Solyc01g109540.3,wgd,TE-like,Solyc10g051330.2,0.251345,1.85396,0.135572,9.73667e-54
433,Solyc01g109570.3,wgd,gbM,Solyc04g080260.3,0.2057,4.30268,0.0478074,1.2204e-79
434,Solyc01g109580.3,wgd,gbM,Solyc10g051340.2,0.0998103,1.10402,0.0904062,4.07348e-47
435,Solyc01g109610.3,wgd,Unclassified,Solyc04g080300.3,0.326593,3.77526,0.0865087,9.60982e-39
436,Solyc01g109620.3,wgd,TE-like,Solyc10g051350.2,0.0246459,0.742653,0.0331863,5.4793e-33
437,Solyc01g109640.3,wgd,gbM,Solyc02g085240.3,0.24246,3.60935,0.0671753,9.98404e-30
438,Solyc01g109650.3,wgd,TE-like,Solyc10g051360.1,0.306052,0.88729,0.344929,9.23703e-06
439,Solyc01g109660.2,wgd,Unmethylated,Solyc10g051380.2,0.172282,1.66496,0.103475,6.41615e-11
440,Solyc01g109670.3,wgd,Unclassified,Solyc10g052470.1,0.389396,1.88117,0.206997,2.04254e-06
441,Solyc01g109690.1,wgd,TE-like,Solyc02g085150.3,0.218081,2.99509,0.0728129,4.88715e-19
442,Solyc01g109740.3,wgd,TE-like,Solyc04g080530.3,0.305727,4.01165,0.0762098,4.06738e-68
443,Solyc01g109750.2,wgd,Unclassified,Solyc02g085090.1,0.302507,1.77642,0.170291,6.41597e-28
444,Solyc01g109780.3,wgd,gbM,Solyc10g052650.2,0.304002,0.949394,0.320207,6.26578e-08
445,Solyc01g109800.2,wgd,Unclassified,Solyc02g084960.1,0.602239,3.78806,0.158983,2.64284e-20
446,Solyc01g109860.3,wgd,gbM,Solyc10g053900.2,0.135192,1.32556,0.101988,6.20506e-52
447,Solyc01g109870.3,wgd,gbM,Solyc04g080685.1,0.312046,2.47705,0.125975,5.30893e-22
448,Solyc01g109880.3,wgd,Unclassified,Solyc04g080740.1,0.276627,2.92406,0.0946035,0
449,Solyc01g109910.3,wgd,gbM,Solyc10g054030.2,0.165102,0.780049,0.211656,3.70514e-26
450,Solyc01g109940.3,wgd,TE-like,Solyc10g054040.2,0.0900296,0.639496,0.140782,2.6923e-32
451,Solyc01g109950.3,wgd,Unclassified,Solyc10g054050.2,0.134636,2.5173,0.0534841,6.34194e-161
452,Solyc01g109980.3,wgd,TE-like,Solyc04g080780.2,0.5113,4.05902,0.125966,4.40676e-55
453,Solyc01g110000.3,wgd,gbM,Solyc02g084720.3,0.169859,4.60895,0.0368542,8.04102e-153
454,Solyc01g110050.1,wgd,Unclassified,Solyc04g080920.2,0.175335,3.50733,0.0499911,2.99309e-50
455,Solyc01g110110.3,wgd,Unclassified,Solyc04g080960.3,0.195208,4.10785,0.0475207,1.47089e-88
456,Solyc01g110145.1,wgd,Unclassified,Solyc02g084680.2,0.298337,2.81129,0.106121,2.44671e-17
457,Solyc01g110180.3,wgd,Unclassified,Solyc04g081020.3,0.324722,3.39512,0.0956437,1.57994e-35
458,Solyc01g110190.3,wgd,TE-like,Solyc10g054080.2,0.130723,0.849649,0.153856,3.43212e-78
459,Solyc01g110280.3,wgd,TE-like,Solyc10g054100.2,0.175517,0.768101,0.228508,2.55381e-31
460,Solyc01g110290.3,wgd,gbM,Solyc10g054130.2,0.106335,0.675285,0.157467,8.38791e-29
461,Solyc01g110310.3,wgd,Unmethylated,Solyc02g084590.3,0.414692,2.0436,0.202922,6.92696e-25
462,Solyc01g110320.3,wgd,Unclassified,Solyc02g084560.3,0.257019,3.69555,0.0695484,3.08696e-46
463,Solyc01g110360.3,wgd,gbM,Solyc02g084440.3,0.0404771,2.45378,0.0164958,3.95762e-117
464,Solyc01g110365.1,wgd,gbM,Solyc10g054395.1,0.42611,0.795326,0.535768,0.0681762
465,Solyc01g110370.3,wgd,gbM,Solyc02g084420.3,0.0604927,1.92472,0.0314293,6.57406e-22
466,Solyc01g110380.3,wgd,TE-like,Solyc02g084390.3,0.370794,4.76349,0.0778409,1.52753e-89
467,Solyc01g110440.4,wgd,Unclassified,Solyc10g054440.2,0.0998744,2.2412,0.0445628,7.99981e-105
468,Solyc01g110470.3,wgd,gbM,Solyc02g084230.2,0.441333,2.36778,0.186391,1.43661e-21
469,Solyc01g110480.3,wgd,gbM,Solyc04g081190.3,0.315104,2.75157,0.114518,6.55151e-47
470,Solyc01g110560.3,wgd,Unmethylated,Solyc04g081250.1,0.342916,3.41225,0.100496,2.58336e-28
471,Solyc01g110570.3,wgd,Unclassified,Solyc04g081270.1,0.122533,3.18063,0.0385247,8.43874e-18
472,Solyc01g110780.1,wgd,NA,Solyc10g054770.1,0.291225,2.94606,0.0988522,7.24801e-14
473,Solyc01g110843.1,wgd,Unmethylated,Solyc10g054737.1,0.205752,1.18693,0.173348,3.04821e-06
474,Solyc01g110880.1,wgd,Unmethylated,Solyc10g054760.1,0.117628,0.8494,0.138484,1.50745e-09
475,Solyc01g110890.1,wgd,TE-like,Solyc10g054770.1,0.227051,1.45456,0.156096,1.55125e-11
476,Solyc01g111090.3,wgd,Unclassified,Solyc10g054850.2,0.0535642,0.524256,0.102172,4.61447e-26
477,Solyc01g111120.3,wgd,TE-like,Solyc10g054870.2,0.0595505,0.627777,0.0948594,1.01456e-31
478,Solyc01g111145.1,wgd,Unmethylated,Solyc10g054900.2,0.265231,1.8475,0.143562,5.43487e-22
479,Solyc01g111150.2,wgd,Unclassified,Solyc10g054880.2,0.144497,0.903226,0.159979,4.00501e-13
480,Solyc01g111170.3,wgd,Unclassified,Solyc10g054910.1,0.0464629,3.02072,0.0153814,3.22876e-41
481,Solyc01g111190.3,wgd,Unclassified,Solyc10g054930.2,0.169638,0.596634,0.284326,3.44945e-07
482,Solyc01g111230.3,wgd,TE-like,Solyc10g055190.1,0.422448,3.56863,0.118378,1.3041e-20
483,Solyc01g111250.3,wgd,TE-like,Solyc10g055240.2,0.116646,1.94657,0.0599239,7.06809e-60
484,Solyc01g111270.3,wgd,gbM,Solyc02g083820.1,0.222985,4.51042,0.0494378,1.5692e-145
485,Solyc01g111280.2,wgd,Unmethylated,Solyc02g083800.3,0.472231,1.74936,0.269945,1.10014e-11
486,Solyc01g111310.3,wgd,Unclassified,Solyc10g055260.2,0.0459956,1.21247,0.0379353,6.97814e-87
487,Solyc01g111320.3,wgd,Unclassified,Solyc02g083790.3,0.294182,2.62301,0.112154,8.2283e-37
488,Solyc01g111330.3,wgd,Unclassified,Solyc02g083760.3,0.210245,1.58541,0.132613,1.09166e-27
489,Solyc01g111340.3,wgd,gbM,Solyc10g055340.1,0.373688,3.58177,0.10433,3.45451e-37
490,Solyc01g111350.3,wgd,Unmethylated,Solyc10g055390.2,0.0959884,2.27496,0.0421935,1.51628e-94
491,Solyc01g111440.3,wgd,Unclassified,Solyc02g083690.2,0.341836,2.43563,0.140348,1.82436e-45
492,Solyc01g111500.3,wgd,TE-like,Solyc10g055410.2,0.129227,1.7363,0.0744264,6.64549e-26
493,Solyc01g111510.3,wgd,TE-like,Solyc02g083620.3,0.106754,2.7514,0.0388,2.04657e-69
494,Solyc01g111530.3,wgd,TE-like,Solyc10g055450.2,0.0962076,1.04471,0.0920905,2.02837e-203
495,Solyc01g111540.3,wgd,Unclassified,Solyc10g055470.2,0.117979,1.34992,0.0873971,1.43142e-116
496,Solyc01g111560.3,wgd,Unclassified,Solyc02g083580.4,0.0337295,1.57204,0.0214559,5.41657e-54
497,Solyc01g111580.3,wgd,gbM,Solyc10g055550.2,0.172095,0.707552,0.243225,9.03138e-14
498,Solyc01g111600.3,wgd,Unmethylated,Solyc02g083550.2,0.226182,2.18605,0.103466,4.14238e-21
499,Solyc01g111610.3,wgd,Unmethylated,Solyc10g055560.2,0.284634,2.39782,0.118705,2.56816e-13
500,Solyc01g111640.3,wgd,Unclassified,Solyc10g055570.2,0.177819,1.78259,0.0997532,1.79609e-19
501,Solyc01g111660.3,wgd,Unmethylated,Solyc10g055630.2,0.0698053,1.4344,0.0486651,2.278e-50
502,Solyc01g111730.3,wgd,TE-like,Solyc10g055650.2,0.0717128,0.775938,0.0924208,1.09473e-41
503,Solyc01g111760.3,wgd,TE-like,Solyc10g055670.2,0.0356614,0.681133,0.0523561,2.09845e-17
504,Solyc01g111830.3,wgd,Unmethylated,Solyc10g055680.1,0.0937001,1.94734,0.0481171,5.20131e-72
505,Solyc01g111840.3,wgd,Unclassified,Solyc04g081990.3,0.399349,4.15628,0.0960833,7.93112e-37
506,Solyc01g111880.3,wgd,TE-like,Solyc02g083290.3,0.219551,4.41127,0.0497705,5.398e-94
507,Solyc01g111920.3,wgd,Unclassified,Solyc02g083170.3,0.588951,3.97454,0.148181,1.16591e-38
508,Solyc01g111937.1,wgd,gbM,Solyc04g082110.3,0.276837,4.48391,0.0617401,2.17403e-86
509,Solyc01g111960.3,wgd,gbM,Solyc02g083160.2,0.520444,3.90406,0.133308,1.02485e-39
510,Solyc01g111970.3,wgd,Unclassified,Solyc04g082140.3,0.178272,3.84252,0.0463945,6.11761e-96
511,Solyc01g111980.3,wgd,Unclassified,Solyc04g082220.2,0.350721,4.3719,0.0802216,1.00373e-66
512,Solyc01g112050.3,wgd,TE-like,Solyc10g074470.2,0.13277,1.13442,0.117038,1.89375e-70
513,Solyc01g112070.3,wgd,gbM,Solyc10g074490.2,0.182397,0.908093,0.200858,3.51505e-31
514,Solyc01g112150.3,wgd,gbM,Solyc10g074510.1,0.127887,0.609251,0.209909,0.000141978
515,Solyc01g112180.3,wgd,TE-like,Solyc04g082450.3,0.767941,1.76867,0.434192,2.95828e-07
516,Solyc01g112190.3,wgd,Unclassified,Solyc04g082480.3,0.363455,4.69989,0.0773327,2.2367e-110
517,Solyc01g112220.3,wgd,gbM,Solyc04g082500.3,0.374049,4.18912,0.0892906,2.83035e-69
518,Solyc01g112250.3,wgd,TE-like,Solyc10g074570.2,0.063651,1.00363,0.0634206,1.95814e-72
519,Solyc01g112270.1,wgd,Unmethylated,Solyc10g074590.2,0.251337,1.53586,0.163646,1.51766e-11
520,Solyc02g010600.1,wgd,TE-like,Solyc11g021130.1,0.551302,3.34577,0.164776,8.08305e-11
521,Solyc02g011710.1,wgd,TE-like,Solyc11g021190.1,0.172037,0.154942,1.11033,0.810128
522,Solyc02g011725.1,wgd,TE-like,Solyc11g021210.1,0.201859,0.188374,1.07159,0.749925
523,Solyc02g011780.2,wgd,TE-like,Solyc11g021220.1,0.16919,0.267863,0.631627,0.155393
524,Solyc02g011790.1,wgd,TE-like,Solyc11g021230.1,0.13749,0.265083,0.51867,0.0568686
525,Solyc02g011820.2,wgd,TE-like,Solyc11g021240.2,0.298245,0.485384,0.614452,0.0771022
526,Solyc02g011840.1,wgd,Unclassified,Solyc11g021270.1,0.0853901,0.314609,0.271417,0.101334
527,Solyc02g011845.1,wgd,Unclassified,Solyc11g021290.2,0.144053,0.144899,0.994164,0.758389
528,Solyc02g011850.2,wgd,TE-like,Solyc11g021300.1,0.0868895,0.202728,0.428602,0.0217631
529,Solyc02g011860.1,wgd,TE-like,Solyc11g021310.1,0.189078,0.408723,0.462607,0.188637
530,Solyc02g011877.1,wgd,TE-like,Solyc01g017185.1,0.176697,0.200911,0.879476,0.82599
531,Solyc02g011890.1,wgd,TE-like,Solyc01g017180.2,0.25054,0.0975468,2.56841,0.0603942
532,Solyc02g011910.1,wgd,TE-like,Solyc01g017160.1,0.222259,0.11744,1.89254,0.319443
533,Solyc02g011920.1,wgd,TE-like,Solyc01g017150.1,0.113991,0.182683,0.623982,0.392197
534,Solyc02g011930.1,wgd,TE-like,Solyc01g017130.1,0.0703511,0.110846,0.634677,0.363017
535,Solyc02g011970.1,wgd,TE-like,Solyc01g017060.2,0.200856,0.497497,0.403732,0.0173545
536,Solyc02g021470.3,wgd,TE-like,Solyc02g070460.3,0.0467519,0.633923,0.0737501,6.02444e-73
537,Solyc02g021620.3,wgd,TE-like,Solyc02g070290.3,0.0652468,0.664702,0.0981593,4.92533e-101
538,Solyc02g021760.3,wgd,TE-like,Solyc02g070240.3,0.118976,0.874004,0.136128,4.84026e-47
539,Solyc02g022830.3,wgd,TE-like,Solyc02g070220.3,0.257933,2.35479,0.109536,3.4719e-26
540,Solyc02g022850.1,wgd,Unclassified,Solyc02g070090.1,0.320083,4.28799,0.0746464,6.13734e-125
541,Solyc02g022860.1,wgd,Unclassified,Solyc02g070060.1,0.431218,4.25689,0.101299,1.83063e-70
542,Solyc02g022890.2,wgd,TE-like,Solyc02g070050.3,0.184713,0.807336,0.228793,1.24858e-10
543,Solyc02g022920.1,wgd,TE-like,Solyc02g070040.1,0.483867,3.26594,0.148155,2.3192e-13
544,Solyc02g023950.3,wgd,TE-like,Solyc02g070000.3,0.101917,1.0837,0.0940449,6.88274e-113
545,Solyc02g023997.1,wgd,Unclassified,NA,NA,NA,NA,NA
546,Solyc02g024010.1,wgd,Unmethylated,Solyc02g069910.2,0.522444,1.12337,0.465067,0.0315753
547,Solyc02g024070.3,wgd,gbM,Solyc02g069830.3,0.0593557,0.578679,0.102571,1.0376e-77
548,Solyc02g030095.1,wgd,TE-like,Solyc02g069720.3,0.104768,0.625222,0.167569,1.27106e-06
549,Solyc02g030100.3,wgd,TE-like,Solyc02g069660.3,0.191837,3.18767,0.0601812,5.21796e-38
550,Solyc02g030105.1,wgd,TE-like,Solyc02g069650.2,0.121487,0.625601,0.194192,7.41228e-34
551,Solyc02g030120.2,wgd,TE-like,Solyc02g069630.3,0.125005,0.771478,0.162033,1.89916e-33
552,Solyc02g030250.3,wgd,TE-like,Solyc02g069590.2,0.138006,0.718212,0.192153,2.35896e-18
553,Solyc02g030420.1,wgd,TE-like,Solyc02g069470.3,0.349776,1.37161,0.255012,2.14145e-05
554,Solyc02g030460.2,wgd,Unclassified,Solyc02g069390.2,0.17487,1.67112,0.104642,4.06984e-19
555,Solyc02g030480.3,wgd,Unclassified,Solyc02g069250.3,0.133076,2.38113,0.0558878,1.74018e-49
556,Solyc02g031710.3,wgd,Unmethylated,Solyc02g069180.3,0.157898,2.51416,0.0628033,3.71874e-51
557,Solyc02g031740.3,wgd,Unclassified,Solyc02g069045.1,0.503361,2.07248,0.242879,1.41318e-09
558,Solyc02g031750.3,wgd,TE-like,Solyc02g069020.3,0.615123,3.67856,0.167218,1.94732e-19
559,Solyc02g031790.2,wgd,gbM,Solyc02g068867.1,0.282177,1.91878,0.147061,3.17622e-28
560,Solyc02g032660.3,wgd,Unclassified,Solyc02g080480.3,0.212903,2.25924,0.0942364,2.20146e-76
561,Solyc02g032800.1,wgd,Unclassified,Solyc02g080510.1,0.232922,0.891552,0.261255,4.57917e-11
562,Solyc02g032830.2,wgd,TE-like,Solyc02g080530.3,0.119147,0.964747,0.123501,2.92671e-25
563,Solyc02g032860.3,wgd,gbM,Solyc02g080640.3,0.0595247,0.762576,0.0780575,5.56198e-53
564,Solyc02g032930.3,wgd,gbM,Solyc02g080870.2,0.145159,1.95183,0.0743706,2.66738e-19
565,Solyc02g032940.3,wgd,gbM,Solyc02g080880.3,0.0695555,0.847416,0.0820795,5.64581e-51
566,Solyc02g032950.3,wgd,Unclassified,Solyc02g080890.3,0.164274,1.34046,0.122551,2.03646e-44
567,Solyc02g036210.1,wgd,TE-like,Solyc02g081030.3,0.243594,2.00944,0.121225,1.38929e-12
568,Solyc02g036350.3,wgd,TE-like,Solyc02g081190.3,0.0647631,1.79318,0.0361163,6.88819e-57
569,Solyc02g036360.1,wgd,TE-like,Solyc02g081200.1,0.100583,0.655735,0.15339,4.22161e-51
570,Solyc02g036390.1,wgd,Unclassified,Solyc02g081250.2,0.182681,0.747524,0.244381,2.54818e-38
571,Solyc02g036430.2,wgd,TE-like,Solyc02g081270.3,0.208231,2.06926,0.100631,5.69481e-52
572,Solyc02g036450.3,wgd,Unclassified,Solyc02g081380.3,0.0577664,0.774104,0.0746236,1.44021e-24
573,Solyc02g036460.3,wgd,gbM,Solyc02g081440.3,0.364325,1.30878,0.278369,7.14699e-18
574,Solyc02g037490.1,wgd,Unclassified,Solyc03g031940.3,0.270242,4.41511,0.0612085,4.3359e-82
575,Solyc02g037530.3,wgd,TE-like,Solyc03g031970.3,0.0813245,0.679936,0.119606,8.51272e-63
576,Solyc02g037550.3,wgd,Unclassified,Solyc03g031990.3,0.340422,3.86807,0.0880083,7.58883e-35
577,Solyc02g038740.3,wgd,Unclassified,Solyc02g082260.3,0.0801047,0.977252,0.0819694,6.82291e-83
578,Solyc02g038760.3,wgd,Unclassified,Solyc02g082300.3,0.48553,0.998299,0.486358,3.51823e-05
579,Solyc02g061610.1,wgd,TE-like,Solyc03g032160.3,0.337067,0.739428,0.455849,8.09728e-10
580,Solyc02g061650.2,wgd,TE-like,Solyc03g032190.3,0.225006,1.10752,0.203162,5.31087e-16
581,Solyc02g061680.2,wgd,TE-like,Solyc02g082800.3,0.306264,0.805427,0.380251,1.06246e-10
582,Solyc02g061730.2,wgd,Unclassified,Solyc02g082820.3,0.257702,1.10225,0.233797,2.73008e-09
583,Solyc02g061740.2,wgd,Unclassified,Solyc03g032210.3,0.230135,3.04189,0.0756553,7.91637e-23
584,Solyc02g061770.3,wgd,TE-like,Solyc02g082960.3,0.15387,3.0551,0.0503649,7.74808e-38
585,Solyc02g061810.3,wgd,TE-like,Solyc02g083150.3,0.151034,0.55866,0.27035,3.55364e-13
586,Solyc02g061840.3,wgd,TE-like,Solyc02g083320.3,0.0629061,1.00941,0.0623197,9.39689e-29
587,Solyc02g061850.3,wgd,TE-like,Solyc02g083340.3,0.223107,1.77889,0.12542,1.92263e-19
588,Solyc02g061955.1,wgd,Unclassified,Solyc02g083480.3,0.448974,0.735794,0.61019,0.110183
589,Solyc02g061990.3,wgd,Unmethylated,Solyc02g083520.2,0.343763,3.67855,0.0934507,8.0326e-19
590,Solyc02g062020.3,wgd,TE-like,Solyc02g083580.4,0.0253559,0.320469,0.0791213,3.83992e-16
591,Solyc02g062050.2,wgd,TE-like,Solyc02g083690.2,0.881086,4.1917,0.210198,6.49215e-13
592,Solyc02g062110.3,wgd,TE-like,Solyc02g083810.3,0.111813,0.863111,0.129546,3.06761e-32
593,Solyc02g062140.2,wgd,gbM,Solyc02g083820.1,0.14153,1.05483,0.134173,5.53383e-54
594,Solyc02g062150.2,wgd,gbM,Solyc02g083830.2,0.474123,3.7403,0.126761,3.29076e-26
595,Solyc02g062160.1,wgd,Unmethylated,Solyc02g083835.1,0.208949,0.943601,0.221438,7.79401e-11
596,Solyc02g062170.3,wgd,Unclassified,Solyc02g083890.3,0.331134,1.64163,0.201711,4.64629e-13
597,Solyc02g062230.1,wgd,NA,Solyc03g033590.1,0.05871,2.68436,0.0218711,1.82728e-21
598,Solyc02g062240.3,wgd,Unclassified,Solyc02g084020.3,0.0167256,0.65168,0.0256654,4.77096e-22
599,Solyc02g062330.2,wgd,gbM,Solyc02g084390.3,0.214753,0.674215,0.318522,1.42666e-31
600,Solyc02g062340.3,wgd,Unclassified,Solyc02g084440.3,0.0462018,0.654076,0.0706367,2.02786e-41
601,Solyc02g062370.3,wgd,TE-like,Solyc03g033630.3,0.612184,2.40469,0.254579,2.07794e-18
602,Solyc02g062375.1,wgd,gbM,Solyc02g084520.3,0.333366,0.708941,0.470232,1.04866e-13
603,Solyc02g062385.1,wgd,Unmethylated,Solyc03g033660.3,0.397465,1.79059,0.221974,1.76446e-18
604,Solyc02g062400.3,wgd,TE-like,Solyc04g080970.3,0.384245,3.86661,0.0993752,2.60477e-67
605,Solyc02g062510.3,wgd,TE-like,Solyc03g033690.2,0.14433,1.53494,0.0940295,1.85222e-35
606,Solyc02g062550.3,wgd,gbM,Solyc02g084900.2,0.400332,4.30121,0.0930742,2.83504e-66
607,Solyc02g062570.3,wgd,gbM,Solyc02g084970.3,0.256571,0.90677,0.28295,2.92885e-10
608,Solyc02g062590.3,wgd,TE-like,Solyc02g084980.3,0.133076,1.29812,0.102514,7.40614e-47
609,Solyc02g062600.3,wgd,gbM,Solyc02g085040.3,0.0848104,0.587947,0.144248,2.03e-21
610,Solyc02g062610.3,wgd,gbM,Solyc02g085070.1,0.171185,0.738454,0.231816,5.18598e-18
611,Solyc02g062650.3,wgd,gbM,Solyc02g085110.3,0.0635175,0.985359,0.0644613,8.02385e-64
612,Solyc02g062670.3,wgd,gbM,Solyc02g085130.3,0.122134,0.591832,0.206367,3.0745e-23
613,Solyc02g062690.3,wgd,Unclassified,Solyc03g034000.3,0.29546,2.00589,0.147296,8.43028e-23
614,Solyc02g062720.3,wgd,TE-like,Solyc04g080470.3,0.32536,4.09153,0.0795203,1.06312e-57
615,Solyc02g062750.3,wgd,Unclassified,Solyc02g085170.3,0.141089,0.827317,0.170539,3.78134e-37
616,Solyc02g062760.3,wgd,Unclassified,Solyc02g085190.2,0.288513,3.57494,0.0807044,6.28225e-42
617,Solyc02g062770.2,wgd,Unclassified,Solyc02g085330.1,0.321882,0.86053,0.374051,0.00146213
618,Solyc02g062780.3,wgd,TE-like,Solyc03g034060.3,0.186508,1.74217,0.107055,1.73829e-53
619,Solyc02g062790.3,wgd,TE-like,Solyc02g085430.3,0.249792,4.28422,0.0583051,3.27503e-50
620,Solyc02g062800.2,wgd,gbM,Solyc02g085440.3,0.323984,1.92383,0.168406,3.81249e-13
621,Solyc02g062910.2,wgd,Unclassified,Solyc02g085530.2,0.172962,0.685758,0.25222,1.93586e-07
622,Solyc02g062920.3,wgd,TE-like,Solyc02g085570.3,0.0743661,0.627507,0.11851,3.57267e-45
623,Solyc02g062940.3,wgd,gbM,Solyc02g085580.3,0.175523,1.07022,0.164008,1.18258e-38
624,Solyc02g062950.3,wgd,TE-like,Solyc02g085610.3,0.175516,0.880049,0.199439,8.1379e-19
625,Solyc02g062960.3,wgd,TE-like,Solyc03g034120.3,0.325928,3.09712,0.105236,1.39251e-16
626,Solyc02g062965.1,wgd,TE-like,Solyc03g034140.3,0.225355,1.04333,0.215995,9.2324e-07
627,Solyc02g062970.3,wgd,TE-like,Solyc02g085640.3,0.0997159,0.859031,0.11608,8.63709e-62
628,Solyc02g062975.1,wgd,Unclassified,Solyc02g085660.1,0.546567,3.53457,0.154635,9.22703e-14
629,Solyc02g063020.2,wgd,gbM,Solyc02g085670.3,0.0949218,0.836936,0.113416,7.86068e-50
630,Solyc02g063030.3,wgd,NA,Solyc02g085745.1,0.201909,1.79952,0.112202,6.97584e-26
631,Solyc02g063070.3,wgd,TE-like,Solyc03g034180.3,0.0364221,0.445144,0.0818209,4.20423e-23
632,Solyc02g063090.3,wgd,TE-like,Solyc02g085790.3,0.0136213,1.22281,0.0111393,1.22766e-109
633,Solyc02g063130.3,wgd,gbM,Solyc02g085833.1,0.0407057,0.907241,0.0448676,5.66761e-33
634,Solyc02g063140.3,wgd,Unclassified,Solyc02g085870.3,0.0620156,1.84177,0.0336717,1.61912e-119
635,Solyc02g063150.3,wgd,Unmethylated,Solyc02g085950.3,0.0390173,1.57338,0.0247984,7.69966e-28
636,Solyc02g063160.3,wgd,gbM,Solyc02g086010.2,0.217416,0.763678,0.284697,1.24949e-07
637,Solyc02g063170.3,wgd,gbM,Solyc02g086050.3,0.198781,0.702178,0.283092,3.45285e-11
638,Solyc02g063220.3,wgd,gbM,Solyc02g086095.1,0.165246,0.962606,0.171666,4.39748e-34
639,Solyc02g063240.3,wgd,TE-like,Solyc02g086180.3,0.0645066,0.647815,0.0995757,1.21908e-29
640,Solyc02g063260.3,wgd,gbM,Solyc03g034400.3,0.290044,2.45825,0.117988,2.77137e-55
641,Solyc02g063310.2,wgd,TE-like,Solyc02g091420.3,0.295365,1.20722,0.244667,8.3376e-07
642,Solyc02g063320.3,wgd,Unclassified,Solyc02g091430.3,0.165123,0.733765,0.225036,1.39114e-22
643,Solyc02g063330.3,wgd,Unclassified,Solyc02g091470.3,0.119936,0.84817,0.141405,1.83466e-41
644,Solyc02g063340.1,wgd,Unclassified,Solyc02g091480.1,0.152556,1.44956,0.105243,8.41434e-08
645,Solyc02g063350.1,wgd,Unclassified,Solyc02g091500.1,0.131441,3.4631,0.0379547,6.38213e-21
646,Solyc02g063360.3,wgd,Unclassified,Solyc02g091520.3,0.141372,2.40798,0.0587099,2.16588e-18
647,Solyc02g063430.3,wgd,Unclassified,Solyc02g091690.3,0.175966,1.37692,0.127796,1.00305e-20
648,Solyc02g063520.3,wgd,Unmethylated,Solyc02g091930.3,0.178013,1.60599,0.110844,7.92128e-36
649,Solyc02g063540.2,wgd,TE-like,Solyc02g091990.3,0.0953252,1.78616,0.0533687,5.72976e-69
650,Solyc02g064560.1,wgd,Unclassified,Solyc02g092140.1,0.205381,1.45946,0.140724,4.86458e-20
651,Solyc02g064640.3,wgd,Unclassified,Solyc02g092330.3,0.0374168,1.40154,0.0266969,1.63358e-37
652,Solyc02g064670.1,wgd,Unmethylated,Solyc02g092430.1,0.0386494,1.02739,0.0376191,1.282e-28
653,Solyc02g064680.3,wgd,gbM,Solyc02g092450.3,0.0674413,0.871814,0.0773574,3.44071e-112
654,Solyc02g064690.3,wgd,TE-like,Solyc02g092490.3,0.142218,1.38106,0.102977,2.15334e-48
655,Solyc02g064720.3,wgd,gbM,Solyc02g092560.3,0.172388,0.805337,0.214057,1.05169e-27
656,Solyc02g064750.3,wgd,gbM,Solyc02g092710.3,0.106813,0.80519,0.132656,2.25335e-18
657,Solyc02g064760.2,wgd,TE-like,Solyc02g092760.3,0.128395,1.94718,0.065939,8.9047e-22
658,Solyc02g064804.1,wgd,TE-like,Solyc02g092820.3,0.389013,2.242,0.173512,1.21951e-08
659,Solyc02g064850.2,wgd,Unclassified,Solyc02g092860.3,0.272236,1.56532,0.173917,3.17238e-32
660,Solyc02g064860.2,wgd,Unclassified,Solyc02g092980.3,0.213974,1.04427,0.204904,1.43094e-20
661,Solyc02g064955.1,wgd,Unclassified,Solyc02g093090.1,0.0962395,2.54374,0.0378338,7.4019e-55
662,Solyc02g064960.3,wgd,Unclassified,Solyc02g093150.3,0.184796,1.28653,0.143639,1.03125e-36
663,Solyc02g064980.1,wgd,Unmethylated,Solyc02g090970.1,0.227123,1.02073,0.222511,1.62155e-21
664,Solyc02g064990.3,wgd,Unclassified,Solyc02g090900.3,0.223265,0.831818,0.268406,3.62981e-14
665,Solyc02g065020.2,wgd,Unclassified,NA,NA,NA,NA,NA
666,Solyc02g065060.3,wgd,Unclassified,Solyc02g090540.3,0.143113,1.04629,0.136781,1.91722e-20
667,Solyc02g065070.3,wgd,gbM,Solyc02g090510.3,0.069425,1.02584,0.067676,6.59709e-68
668,Solyc02g065090.3,wgd,TE-like,Solyc02g090490.3,0.142788,1.99156,0.0716966,3.04496e-43
669,Solyc02g065110.3,wgd,TE-like,Solyc02g090430.3,0.211823,1.81143,0.116937,6.52942e-48
670,Solyc02g065150.2,wgd,Unclassified,Solyc02g090410.3,0.247749,1.50408,0.164718,2.55519e-27
671,Solyc02g065170.3,wgd,gbM,Solyc02g090360.3,0.0837718,0.811118,0.103279,1.38711e-51
672,Solyc02g065180.3,wgd,TE-like,Solyc02g090330.3,0.193902,0.904053,0.214481,3.52355e-09
673,Solyc02g065230.3,wgd,Unclassified,Solyc02g090290.3,0.271786,3.06518,0.0886688,2.15103e-44
674,Solyc02g065290.1,wgd,Unmethylated,Solyc02g090220.3,0.238501,1.32888,0.179476,4.04825e-20
675,Solyc02g065400.3,wgd,gbM,Solyc07g032640.2,0.0451401,0.66056,0.0683361,8.30538e-37
676,Solyc02g065420.3,wgd,Unclassified,Solyc02g090000.3,0.263921,0.701199,0.376385,5.6085e-06
677,Solyc02g065430.1,wgd,Unmethylated,Solyc02g089990.1,0.185691,2.12998,0.0871796,5.15964e-22
678,Solyc02g065480.2,wgd,gbM,Solyc02g089980.3,0.203942,1.00688,0.202548,7.3605e-23
679,Solyc02g065490.3,wgd,Unclassified,Solyc02g089940.3,0.217156,1.86614,0.116367,1.57997e-65
680,Solyc02g065520.1,wgd,gbM,Solyc02g089920.1,0.77556,4.42681,0.175196,4.6221e-40
681,Solyc02g065530.3,wgd,Unclassified,Solyc02g089880.3,0.117416,3.99457,0.0293939,9.36525e-89
682,Solyc02g065540.2,wgd,gbM,Solyc02g089870.2,0.1354,1.95981,0.0690881,4.89594e-28
683,Solyc02g065550.3,wgd,Unmethylated,Solyc02g089850.3,0.138525,2.9223,0.0474027,3.98665e-21
684,Solyc02g065555.1,wgd,Unmethylated,Solyc02g089840.3,0.401974,0.828465,0.485203,0.000359235
685,Solyc02g065600.3,wgd,TE-like,Solyc02g089670.3,0.349968,4.03377,0.0867596,2.13686e-73
686,Solyc02g065640.3,wgd,TE-like,Solyc02g089570.3,0.118019,0.687807,0.171588,0.000132473
687,Solyc02g065650.1,wgd,Unmethylated,Solyc02g089410.3,0.345594,1.48792,0.232266,1.53564e-20
688,Solyc02g065680.3,wgd,gbM,Solyc02g089400.3,0.0777784,0.580178,0.13406,1.12311e-37
689,Solyc02g065700.3,wgd,Unclassified,Solyc02g089320.3,0.0884141,0.792899,0.111507,1.80765e-25
690,Solyc02g065720.3,wgd,TE-like,Solyc02g089240.3,0.13684,0.643786,0.212555,7.95917e-10
691,Solyc02g065730.2,wgd,Unclassified,Solyc03g114830.3,0.299885,3.70198,0.0810067,5.11338e-36
692,Solyc02g065740.3,wgd,TE-like,Solyc02g089170.3,0.0532888,1.16988,0.0455507,3.35626e-58
693,Solyc02g065750.2,wgd,TE-like,Solyc02g089160.3,0.129715,1.35958,0.0954083,1.40099e-64
694,Solyc02g065770.3,wgd,gbM,Solyc02g089115.1,0.158853,2.80033,0.0567267,1.27126e-33
695,Solyc02g065790.3,wgd,TE-like,Solyc03g114980.3,0.605604,4.07818,0.148498,7.09022e-41
696,Solyc02g065800.2,wgd,Unclassified,Solyc02g089020.2,0.398437,3.38254,0.117792,6.95926e-18
697,Solyc02g065805.1,wgd,NA,Solyc02g088930.3,0.143391,2.72955,0.0525327,7.43089e-18
698,Solyc02g066830.3,wgd,TE-like,Solyc02g088920.3,0.19753,0.599126,0.329698,3.60368e-14
699,Solyc02g066870.1,wgd,Unclassified,Solyc02g088910.3,0.576166,3.34225,0.172389,1.77011e-12
700,Solyc02g066910.3,wgd,TE-like,Solyc02g088900.3,0.0582414,0.711443,0.0818638,2.18854e-46
701,Solyc02g066930.3,wgd,TE-like,Solyc02g088790.3,0.236931,1.74602,0.135697,7.83554e-13
702,Solyc02g066960.3,wgd,gbM,Solyc02g088750.2,0.3669,1.76644,0.207706,1.34258e-34
703,Solyc02g066970.1,wgd,Unclassified,Solyc02g088740.1,0.278237,2.21176,0.125799,1.25449e-11
704,Solyc02g067030.3,wgd,TE-like,Solyc03g115700.3,0.210449,3.90881,0.0538396,1.12028e-80
705,Solyc02g067040.3,wgd,gbM,Solyc02g088325.1,0.152833,0.963501,0.158623,6.32962e-18
706,Solyc02g067080.3,wgd,gbM,Solyc06g069550.1,0.0648283,4.28873,0.015116,5.68424e-152
707,Solyc02g067120.3,wgd,gbM,Solyc02g088270.3,0.434678,1.40939,0.308416,8.63768e-10
708,Solyc02g067160.3,wgd,TE-like,Solyc02g088210.3,0.132592,0.758991,0.174695,3.25066e-23
709,Solyc02g067190.3,wgd,Unclassified,Solyc02g088167.1,0.212096,3.50747,0.0604699,8.2528e-31
710,Solyc02g067210.3,wgd,TE-like,Solyc02g088117.1,0.127001,1.00743,0.126064,2.55543e-08
711,Solyc02g067220.3,wgd,Unmethylated,Solyc06g069740.1,0.707794,1.56421,0.452492,0.000113277
712,Solyc02g067230.3,wgd,gbM,Solyc03g115940.3,0.385018,1.92424,0.200089,3.15563e-34
713,Solyc02g067250.2,wgd,TE-like,Solyc02g088040.1,0.197079,1.05874,0.186144,4.06371e-12
714,Solyc02g067260.2,wgd,TE-like,Solyc02g088030.1,0.498257,3.21369,0.155042,3.50555e-12
715,Solyc02g067285.1,wgd,TE-like,Solyc02g087980.3,0.193089,0.885595,0.218033,5.99999e-06
716,Solyc02g067320.2,wgd,Unclassified,Solyc02g087970.1,0.327967,3.05317,0.107418,8.7072e-13
717,Solyc02g067340.3,wgd,TE-like,Solyc06g069850.3,0.396735,3.97193,0.0998845,2.00408e-33
718,Solyc02g067350.3,wgd,gbM,Solyc02g087950.3,0.25982,1.03323,0.251464,1.35643e-30
719,Solyc02g067370.3,wgd,Unclassified,Solyc03g116170.3,0.241888,3.63571,0.0665313,2.0102e-32
720,Solyc02g067380.3,wgd,Unclassified,Solyc03g112995.1,0.401863,2.93721,0.136818,3.92018e-17
721,Solyc02g067400.2,wgd,Unclassified,Solyc02g087850.1,0.235127,2.84971,0.0825091,6.58593e-18
722,Solyc02g067410.2,wgd,TE-like,Solyc02g087840.3,0.21064,1.44489,0.145783,6.01402e-29
723,Solyc02g067420.3,wgd,gbM,Solyc03g113100.3,0.0405029,3.20949,0.0126197,1.85932e-47
724,Solyc02g067430.3,wgd,TE-like,Solyc06g070990.3,0.443114,4.1471,0.106849,1.03764e-69
725,Solyc02g067440.3,wgd,gbM,Solyc02g087740.3,0.155142,1.6432,0.0944146,5.66763e-30
726,Solyc02g067450.3,wgd,Unclassified,Solyc02g087670.3,0.190077,1.43508,0.13245,2.87377e-53
727,Solyc02g067460.3,wgd,gbM,Solyc03g113210.3,0.540356,3.85741,0.140083,4.62768e-19
728,Solyc02g067470.3,wgd,gbM,Solyc06g071050.3,0.0804289,3.89519,0.0206483,1.39408e-99
729,Solyc02g067490.3,wgd,Unclassified,Solyc02g087580.3,0.170309,0.937329,0.181696,4.51031e-20
730,Solyc02g067530.3,wgd,Unclassified,Solyc02g087500.2,0.246736,1.85069,0.133321,2.23232e-35
731,Solyc02g067560.1,wgd,Unclassified,Solyc02g087460.1,0.133611,1.39069,0.0960753,5.42775e-61
732,Solyc02g067570.3,wgd,TE-like,Solyc02g087360.3,0.138285,0.801434,0.172547,9.68335e-89
733,Solyc02g067580.3,wgd,Unclassified,Solyc02g087330.3,0.0685175,0.659969,0.103819,1.95254e-10
734,Solyc02g067660.3,wgd,gbM,Solyc06g071280.3,0.804609,4.27488,0.188218,5.28884e-23
735,Solyc02g067680.1,wgd,Unmethylated,Solyc02g087040.1,0.151952,1.32966,0.114278,1.92635e-30
736,Solyc02g067700.1,wgd,TE-like,Solyc02g086950.1,0.276318,0.802341,0.34439,4.35141e-05
737,Solyc02g067710.2,wgd,gbM,Solyc02g086940.3,0.16125,0.634,0.254338,1.94646e-16
738,Solyc02g067720.1,wgd,Unclassified,Solyc02g086850.2,0.202237,1.31511,0.153779,1.05823e-23
739,Solyc02g067750.3,wgd,TE-like,Solyc02g086820.3,0.183819,1.56295,0.11761,1.9557e-26
740,Solyc02g067760.3,wgd,TE-like,Solyc02g086683.1,0.01912,1.58354,0.0120742,1.86745e-21
741,Solyc02g067800.3,wgd,TE-like,Solyc02g086480.1,0.151525,2.95201,0.0513295,0
742,Solyc02g067810.1,wgd,Unmethylated,Solyc02g086450.1,0.162101,1.20225,0.134831,1.83599e-10
743,Solyc02g067950.3,wgd,gbM,Solyc02g093720.3,0.208963,0.624176,0.334782,5.82355e-15
744,Solyc02g067970.3,wgd,gbM,Solyc02g093760.3,0.196466,1.09141,0.180011,1.25335e-22
745,Solyc02g067980.3,wgd,TE-like,Solyc02g093800.3,0.0705477,0.510579,0.138172,1.27775e-39
746,Solyc02g067990.3,wgd,TE-like,Solyc02g093810.3,0.109881,0.646714,0.169907,2.57391e-47
747,Solyc02g068000.2,wgd,TE-like,Solyc02g093840.3,0.407543,0.887361,0.459276,2.18455e-06
748,Solyc02g068060.3,wgd,gbM,Solyc02g093970.3,0.155036,0.743225,0.208599,2.88406e-34
749,Solyc02g068070.3,wgd,gbM,Solyc02g094040.3,0.205107,1.22201,0.167845,1.768e-29
750,Solyc02g068080.3,wgd,gbM,Solyc02g094060.3,0.110172,0.706171,0.156013,3.91718e-61
751,Solyc02g068120.3,wgd,gbM,Solyc02g094130.3,0.164024,0.666421,0.246126,7.78575e-13
752,Solyc02g068130.3,wgd,Unclassified,Solyc02g094140.3,0.246978,1.6977,0.145478,4.67947e-20
753,Solyc02g068140.3,wgd,Unclassified,Solyc02g094190.3,0.0909277,1.05521,0.0861698,3.13013e-74
754,Solyc02g068150.3,wgd,Unclassified,Solyc02g094200.3,0.123227,2.68023,0.0459763,2.2051e-23
755,Solyc02g068160.1,wgd,Unmethylated,Solyc02g094210.1,0.462403,3.02783,0.152718,9.04654e-12
756,Solyc02g068170.1,wgd,TE-like,Solyc02g094230.1,0.355988,1.58458,0.224657,9.43537e-10
757,Solyc02g068200.1,wgd,Unclassified,Solyc02g094290.1,0.21269,3.16991,0.0670967,1.31298e-22
758,Solyc02g068230.3,wgd,gbM,Solyc02g094350.3,0.108504,0.994948,0.109054,1.662e-13
759,Solyc02g068867.1,wgd,TE-like,Solyc02g031790.2,0.282177,1.91878,0.147061,3.17622e-28
760,Solyc02g069020.3,wgd,TE-like,Solyc02g031750.3,0.615123,3.67856,0.167218,1.94732e-19
761,Solyc02g069045.1,wgd,Unclassified,Solyc02g031740.3,0.503361,2.07248,0.242879,1.41318e-09
762,Solyc02g069180.3,wgd,Unmethylated,Solyc02g031710.3,0.157898,2.51416,0.0628033,3.71874e-51
763,Solyc02g069250.3,wgd,Unclassified,Solyc02g030480.3,0.133076,2.38113,0.0558878,1.74018e-49
764,Solyc02g069390.2,wgd,Unclassified,Solyc02g030460.2,0.17487,1.67112,0.104642,4.06984e-19
765,Solyc02g069470.3,wgd,gbM,Solyc02g030420.1,0.349776,1.37161,0.255012,2.14145e-05
766,Solyc02g069590.2,wgd,Unclassified,Solyc02g030250.3,0.138006,0.718212,0.192153,2.35896e-18
767,Solyc02g069630.3,wgd,gbM,Solyc02g030120.2,0.125005,0.771478,0.162033,1.89916e-33
768,Solyc02g069650.2,wgd,TE-like,Solyc02g030105.1,0.121487,0.625601,0.194192,7.41228e-34
769,Solyc02g069660.3,wgd,TE-like,Solyc02g030100.3,0.191837,3.18767,0.0601812,5.21796e-38
770,Solyc02g069720.3,wgd,TE-like,Solyc02g030095.1,0.104768,0.625222,0.167569,1.27106e-06
771,Solyc02g069830.3,wgd,TE-like,Solyc02g024070.3,0.0593557,0.578679,0.102571,1.0376e-77
772,Solyc02g069910.2,wgd,Unmethylated,Solyc02g024010.1,0.522444,1.12337,0.465067,0.0315753
773,Solyc02g069940.3,wgd,TE-like,NA,NA,NA,NA,NA
774,Solyc02g070000.3,wgd,TE-like,Solyc02g023950.3,0.101917,1.0837,0.0940449,6.88274e-113
775,Solyc02g070040.1,wgd,gbM,Solyc02g022920.1,0.483867,3.26594,0.148155,2.3192e-13
776,Solyc02g070050.3,wgd,gbM,Solyc02g022890.2,0.184713,0.807336,0.228793,1.24858e-10
777,Solyc02g070060.1,wgd,TE-like,Solyc02g022860.1,0.431218,4.25689,0.101299,1.83063e-70
778,Solyc02g070090.1,wgd,TE-like,Solyc02g022850.1,0.320083,4.28799,0.0746464,6.13734e-125
779,Solyc02g070220.3,wgd,TE-like,Solyc02g022830.3,0.257933,2.35479,0.109536,3.4719e-26
780,Solyc02g070240.3,wgd,TE-like,Solyc02g021760.3,0.118976,0.874004,0.136128,4.84026e-47
781,Solyc02g070290.3,wgd,TE-like,Solyc02g021620.3,0.0652468,0.664702,0.0981593,4.92533e-101
782,Solyc02g070430.3,wgd,TE-like,Solyc08g016660.2,0.232897,3.62121,0.0643149,2.3785e-28
783,Solyc02g070460.3,wgd,TE-like,Solyc02g021470.3,0.0467519,0.633923,0.0737501,6.02444e-73
784,Solyc02g070500.1,wgd,Unmethylated,Solyc08g016580.1,0.153619,3.07294,0.0499907,6.13648e-21
785,Solyc02g070510.3,wgd,gbM,Solyc08g016510.3,0.00548957,0.701354,0.0078271,1.17853e-45
786,Solyc02g070530.3,wgd,gbM,Solyc08g016500.3,0.185568,1.35819,0.13663,7.27182e-59
787,Solyc02g070630.3,wgd,Unclassified,Solyc08g016190.3,0.139437,0.557326,0.25019,3.11262e-08
788,Solyc02g070640.3,wgd,Unclassified,Solyc08g016180.3,0.0101266,1.31233,0.00771652,5.0492e-35
789,Solyc02g070790.3,wgd,gbM,Solyc08g016170.3,0.0555541,0.887673,0.062584,1.7674e-62
790,Solyc02g071030.2,wgd,Unmethylated,Solyc03g005760.1,0.030588,0.881965,0.0346816,1.84534e-42
791,Solyc02g071060.3,wgd,Unclassified,Solyc03g005810.3,0.580518,3.94454,0.14717,3.39859e-22
792,Solyc02g071080.2,wgd,Unclassified,Solyc03g005820.3,0.543463,1.60868,0.337832,8.98125e-16
793,Solyc02g071120.3,wgd,TE-like,Solyc03g005830.3,0.0588329,0.530889,0.11082,9.37678e-42
794,Solyc02g071140.3,wgd,Unclassified,Solyc03g005840.2,0.244117,1.83366,0.133131,3.64812e-25
795,Solyc02g071320.3,wgd,TE-like,Solyc03g005850.2,0.478187,0.515659,0.927333,0.931144
796,Solyc02g071340.2,wgd,gbM,Solyc03g005860.3,0.268019,2.17113,0.123447,3.19891e-152
797,Solyc02g071520.3,wgd,Unclassified,Solyc03g005880.3,0.107942,1.07304,0.100595,4.03868e-28
798,Solyc02g071610.3,wgd,TE-like,Solyc03g005900.3,0.0989848,3.35032,0.0295449,7.0343e-41
799,Solyc02g071675.1,wgd,TE-like,Solyc03g005910.3,0.288547,2.71544,0.106262,7.96014e-13
800,Solyc02g071740.3,wgd,gbM,Solyc03g005920.3,0.104027,0.889447,0.116957,6.04689e-42
801,Solyc02g071750.3,wgd,Unclassified,Solyc03g005930.3,0.150197,0.83607,0.179647,2.08138e-14
802,Solyc02g071760.3,wgd,Unmethylated,Solyc03g005940.3,0.13023,2.17345,0.0599186,1.84737e-34
803,Solyc02g071880.3,wgd,TE-like,Solyc03g005960.3,0.621622,4.7508,0.130846,3.5542e-75
804,Solyc02g071910.1,wgd,Unclassified,Solyc03g005980.3,0.460676,2.01091,0.229088,7.44155e-10
805,Solyc02g071990.3,wgd,gbM,Solyc03g005990.3,0.0685221,0.721997,0.0949064,1.91666e-36
806,Solyc02g072000.3,wgd,gbM,Solyc03g006000.3,0.161101,0.759452,0.212128,2.237e-22
807,Solyc02g072040.3,wgd,Unclassified,Solyc03g006010.3,0.137159,1.27941,0.107205,3.37795e-50
808,Solyc02g072070.3,wgd,gbM,Solyc07g055383.1,0.575203,3.69033,0.155868,1.74249e-16
809,Solyc02g072100.3,wgd,Unclassified,Solyc03g006020.3,0.128217,1.07214,0.11959,7.40746e-12
810,Solyc02g072150.3,wgd,gbM,Solyc07g055300.3,0.149091,4.69184,0.0317767,6.72306e-226
811,Solyc02g072180.3,wgd,gbM,Solyc07g055290.3,0.117049,2.26284,0.0517265,1.11982e-47
812,Solyc02g072190.3,wgd,Unclassified,Solyc07g055280.3,0.376564,1.83243,0.205501,8.26066e-22
813,Solyc02g072210.1,wgd,Unclassified,Solyc07g055270.1,0.485637,3.52067,0.137939,4.40075e-15
814,Solyc02g072250.1,wgd,Unclassified,Solyc03g006050.3,0.186684,4.11694,0.0453453,2.50438e-66
815,Solyc02g072270.3,wgd,Unclassified,Solyc07g055215.1,0.488478,3.44563,0.141767,1.06908e-14
816,Solyc02g072300.3,wgd,TE-like,Solyc07g055200.3,0.0640493,4.04387,0.0158386,1.01512e-108
817,Solyc02g072390.2,wgd,Unclassified,Solyc03g006100.3,0.482079,2.19135,0.219992,2.39111e-11
818,Solyc02g072530.2,wgd,Unclassified,Solyc03g006110.3,0.341482,4.30664,0.0792919,2.06674e-61
819,Solyc02g075625.1,wgd,Unclassified,Solyc03g006120.3,0.363536,3.60457,0.100854,2.99262e-16
820,Solyc02g076660.3,wgd,gbM,Solyc03g006130.3,0.20599,1.02144,0.201667,4.85521e-45
821,Solyc02g076670.3,wgd,TE-like,Solyc03g006150.2,0.268294,2.33991,0.11466,5.68916e-28
822,Solyc02g076800.1,wgd,Unmethylated,Solyc03g006160.1,0.226075,3.3357,0.0677744,2.89934e-35
823,Solyc02g076860.3,wgd,TE-like,Solyc03g006170.3,0.402434,3.44693,0.116751,1.90792e-22
824,Solyc02g076890.1,wgd,Unmethylated,Solyc03g006173.1,0.220143,0.877142,0.250977,7.04306e-06
825,Solyc02g076920.3,wgd,Unclassified,Solyc07g053290.3,0.426598,3.79979,0.112269,1.33346e-22
826,Solyc02g076970.2,wgd,gbM,Solyc03g006200.2,0.211609,1.30046,0.162719,2.15954e-29
827,Solyc02g077040.4,wgd,Unclassified,Solyc03g006210.2,0.295582,2.76575,0.106872,3.63905e-27
828,Solyc02g077080.3,wgd,Unclassified,Solyc03g006220.3,0.0929004,1.27522,0.0728503,6.35413e-20
829,Solyc02g077120.3,wgd,Unclassified,Solyc03g006240.3,0.377836,3.54122,0.106697,2.11973e-28
830,Solyc02g077250.2,wgd,NA,Solyc10g008780.1,0.316753,2.09149,0.151449,1.58104e-19
831,Solyc02g077260.3,wgd,gbM,Solyc10g008790.3,0.230875,0.594993,0.38803,2.67489e-08
832,Solyc02g077270.3,wgd,Unclassified,Solyc03g006260.3,0.198051,0.850054,0.232987,3.38196e-34
833,Solyc02g077340.1,wgd,Unclassified,Solyc10g008810.3,0.361471,4.06775,0.0888628,4.41243e-38
834,Solyc02g077440.3,wgd,Unclassified,Solyc10g008870.3,0.0352956,1.94342,0.0181616,2.50519e-17
835,Solyc02g077450.3,wgd,gbM,Solyc10g008880.3,0.112278,0.730576,0.153685,1.56668e-32
836,Solyc02g077470.3,wgd,TE-like,Solyc07g053490.3,0.235137,1.95218,0.120448,1.77387e-23
837,Solyc02g077480.1,wgd,Unmethylated,Solyc10g008910.1,NA,1.02885,6.06557e-12,NA
838,Solyc02g077490.3,wgd,Unclassified,Solyc10g008920.1,0.112994,0.723285,0.156224,4.0958e-13
839,Solyc02g077540.3,wgd,TE-like,Solyc03g006290.3,0.146088,1.7665,0.0826994,2.6192e-29
840,Solyc02g077580.1,wgd,Unclassified,Solyc10g008930.1,0.513196,1.97784,0.259474,1.20544e-08
841,Solyc02g077600.3,wgd,TE-like,Solyc10g008950.3,0.0932412,0.911119,0.102337,3.24293e-96
842,Solyc02g077610.3,wgd,gbM,Solyc07g053590.3,0.235452,3.61638,0.0651071,0
843,Solyc02g077630.3,wgd,Unclassified,Solyc07g053600.3,0.295573,4.83461,0.0611369,1.63019e-195
844,Solyc02g077640.1,wgd,gbM,Solyc10g008970.1,0.173323,1.70366,0.101735,4.17584e-31
845,Solyc02g077660.3,wgd,TE-like,Solyc07g053610.3,0.445714,5.21342,0.0854935,2.60993e-169
846,Solyc02g077670.3,wgd,Unclassified,Solyc07g053620.3,0.142604,3.56,0.0400573,1.47728e-45
847,Solyc02g077730.3,wgd,Unmethylated,Solyc03g006310.3,0.108443,0.945212,0.114729,2.04117e-12
848,Solyc02g077740.3,wgd,Unclassified,Solyc07g053690.3,0.233918,3.56106,0.0656876,3.5566e-29
849,Solyc02g077810.1,wgd,Unclassified,Solyc07g053740.1,0.64623,3.59334,0.179841,2.61805e-12
850,Solyc02g077840.1,wgd,Unclassified,Solyc03g006320.1,0.405892,3.46604,0.117105,3.55346e-29
851,Solyc02g077850.3,wgd,TE-like,Solyc03g006330.3,0.14262,0.655235,0.217662,4.16516e-32
852,Solyc02g077880.3,wgd,Unclassified,Solyc03g006360.3,0.120423,1.40492,0.0857155,3.3157e-21
853,Solyc02g077890.3,wgd,gbM,Solyc07g053800.3,0.59654,1.8826,0.316871,7.72303e-19
854,Solyc02g077920.3,wgd,Unmethylated,Solyc07g053810.3,0.599778,3.11694,0.192425,0
855,Solyc02g078140.3,wgd,gbM,Solyc03g006400.3,0.129945,0.791694,0.164135,5.89932e-36
856,Solyc02g078150.3,wgd,Unclassified,Solyc03g006410.3,0.21786,1.89633,0.114885,1.24774e-38
857,Solyc02g078180.3,wgd,TE-like,Solyc03g006430.3,0.0949345,0.688875,0.137811,1.20621e-42
858,Solyc02g078210.3,wgd,TE-like,Solyc07g053960.3,0.569201,4.19689,0.135625,1.56413e-46
859,Solyc02g078230.2,wgd,TE-like,Solyc07g053980.3,0.185375,5.28603,0.0350688,0
860,Solyc02g078320.2,wgd,Unclassified,Solyc07g054080.2,0.383816,3.72055,0.103161,9.11065e-36
861,Solyc02g078330.3,wgd,gbM,Solyc07g054090.3,0.639084,3.27032,0.195419,6.5822e-23
862,Solyc02g078410.1,wgd,Unmethylated,Solyc03g006440.2,0.244379,1.42882,0.171036,2.23456e-16
863,Solyc02g078450.3,wgd,Unclassified,Solyc07g054160.3,0.512902,3.7619,0.136341,2.91841e-17
864,Solyc02g078480.3,wgd,Unclassified,Solyc10g009010.3,0.187142,1.04268,0.179482,2.28698e-29
865,Solyc02g078500.2,wgd,Unclassified,Solyc03g006490.3,0.0840232,1.71978,0.048857,8.06606e-40
866,Solyc02g078530.3,wgd,Unclassified,Solyc03g006500.3,0.143519,0.905826,0.15844,7.66992e-26
867,Solyc02g078540.3,wgd,Unclassified,Solyc03g006510.3,0.140455,0.809699,0.173466,2.5774e-24
868,Solyc02g078610.3,wgd,TE-like,Solyc03g006520.3,0.0836054,1.18321,0.0706596,7.04867e-58
869,Solyc02g078630.2,wgd,gbM,Solyc07g063340.3,0.238255,2.29707,0.103721,4.32369e-28
870,Solyc02g078660.3,wgd,gbM,Solyc03g006530.3,0.260569,1.23172,0.211549,2.06397e-31
871,Solyc02g078670.3,wgd,gbM,Solyc07g063350.3,0.50514,5.25846,0.0960623,1.21218e-56
872,Solyc02g078680.1,wgd,TE-like,Solyc07g063360.1,0.297482,3.4646,0.0858632,3.85842e-37
873,Solyc02g078700.3,wgd,Unclassified,Solyc03g006580.3,0.150343,0.964107,0.15594,1.86612e-15
874,Solyc02g078720.3,wgd,Unclassified,Solyc03g006590.3,0.158538,1.14858,0.13803,8.35863e-12
875,Solyc02g078760.1,wgd,Unmethylated,Solyc03g006600.1,0.48071,2.5126,0.19132,8.53752e-11
876,Solyc02g078810.3,wgd,gbM,Solyc10g009160.3,0.247305,0.770571,0.320938,3.35895e-14
877,Solyc02g078820.3,wgd,gbM,Solyc10g009170.2,0.123903,1.09479,0.113175,1.0452e-41
878,Solyc02g078840.3,wgd,gbM,Solyc10g009180.3,0.0850456,0.705903,0.120478,2.82625e-25
879,Solyc02g078850.1,wgd,TE-like,Solyc10g009190.1,0.210426,0.809772,0.259858,1.11906e-07
880,Solyc02g078930.2,wgd,TE-like,Solyc07g063490.3,0.335021,3.72561,0.0899236,1.99919e-29
881,Solyc02g078960.3,wgd,TE-like,Solyc07g063520.3,0.20071,1.94981,0.102938,1.7065e-45
882,Solyc02g079010.3,wgd,Unmethylated,Solyc07g063560.3,0.527413,1.88872,0.279243,1.23164e-16
883,Solyc02g079030.3,wgd,gbM,Solyc03g006630.3,0.165566,0.836434,0.197943,8.34722e-28
884,Solyc02g079040.3,wgd,TE-like,Solyc10g009210.3,0.0975381,0.529097,0.184348,6.95973e-38
885,Solyc02g079070.3,wgd,gbM,Solyc07g063590.3,0.607042,1.99971,0.303565,2.46336e-17
886,Solyc02g079150.2,wgd,Unclassified,Solyc03g006640.3,0.303244,1.47569,0.205494,1.42886e-13
887,Solyc02g079220.3,wgd,Unclassified,Solyc03g006650.2,0.081753,1.38535,0.0590126,9.07325e-87
888,Solyc02g079230.3,wgd,Unclassified,Solyc07g063630.3,0.183924,3.86142,0.0476311,1.54157e-64
889,Solyc02g079260.2,wgd,TE-like,Solyc07g053380.2,0.707695,4.53373,0.156095,1.22566e-55
890,Solyc02g079370.3,wgd,Unclassified,Solyc03g006670.3,0.275669,1.00756,0.273602,1.17319e-11
891,Solyc02g079410.2,wgd,Unclassified,Solyc07g063680.3,0.198285,3.67026,0.0540248,1.71768e-47
892,Solyc02g079430.3,wgd,NA,Solyc07g053140.3,0.397941,3.30656,0.120349,2.16707e-28
893,Solyc02g079440.2,wgd,Unclassified,Solyc03g006690.1,0.26434,3.53028,0.0748777,4.77364e-31
894,Solyc02g079500.4,wgd,TE-like,Solyc03g006700.3,0.285919,4.0045,0.0713995,6.24595e-53
895,Solyc02g079520.2,wgd,TE-like,Solyc03g006710.1,0.109014,3.12838,0.0348467,3.3727e-30
896,Solyc02g079540.2,wgd,gbM,Solyc03g006720.1,0.492706,4.67495,0.105393,1.2388e-90
897,Solyc02g079590.3,wgd,gbM,Solyc07g063770.3,0.399917,4.65476,0.0859157,2.4269e-150
898,Solyc02g079620.2,wgd,TE-like,Solyc07g063780.2,0.659731,3.87271,0.170354,1.37974e-38
899,Solyc02g079630.2,wgd,TE-like,Solyc03g006730.2,0.547926,4.95085,0.110673,3.10736e-144
900,Solyc02g079700.1,wgd,Unmethylated,Solyc07g063820.3,0.384973,3.06399,0.125644,8.18973e-15
901,Solyc02g079710.3,wgd,gbM,Solyc03g006770.3,0.512786,4.54375,0.112855,1.06644e-98
902,Solyc02g079720.1,wgd,Unclassified,Solyc07g053050.1,0.241889,2.88271,0.0839103,0
903,Solyc02g079750.3,wgd,Unclassified,Solyc03g031440.3,0.236882,1.89312,0.125128,4.34047e-23
904,Solyc02g079760.3,wgd,Unclassified,Solyc07g063830.3,0.48486,4.0737,0.119022,6.60718e-50
905,Solyc02g079790.3,wgd,NA,Solyc10g006590.2,0.315478,3.27035,0.0964663,6.33406e-39
906,Solyc02g079820.3,wgd,Unclassified,Solyc03g031460.1,0.526717,3.8214,0.137834,1.72672e-22
907,Solyc02g079860.1,wgd,Unmethylated,Solyc07g052970.3,0.473959,2.21569,0.213911,2.21018e-29
908,Solyc02g079920.3,wgd,Unclassified,Solyc07g063970.3,0.223186,1.98837,0.112246,3.15602e-53
909,Solyc02g079940.3,wgd,Unclassified,Solyc07g052910.3,0.356804,2.29438,0.155512,4.98993e-17
910,Solyc02g079970.3,wgd,Unclassified,Solyc07g064040.3,0.318499,1.99225,0.159869,6.63466e-22
911,Solyc02g079980.3,wgd,Unclassified,Solyc03g031530.3,0.140978,2.77274,0.0508444,2.8105e-60
912,Solyc02g079990.3,wgd,Unclassified,Solyc03g031535.1,0.342953,2.95089,0.11622,9.40519e-25
913,Solyc02g080110.3,wgd,Unclassified,Solyc10g005380.3,0.257596,1.2039,0.213968,2.81991e-10
914,Solyc02g080120.2,wgd,Unclassified,Solyc10g005360.3,0.129459,1.68293,0.0769249,3.58357e-39
915,Solyc02g080160.3,wgd,Unclassified,Solyc03g031800.3,0.155271,1.49871,0.103603,2.09062e-37
916,Solyc02g080180.1,wgd,Unclassified,Solyc03g031790.1,0.262016,1.48342,0.176629,2.15748e-21
917,Solyc02g080200.3,wgd,Unclassified,Solyc07g064170.3,0.35995,2.13514,0.168584,5.43356e-49
918,Solyc02g080230.3,wgd,Unclassified,Solyc10g005340.3,0.212234,0.625099,0.339521,2.84111e-05
919,Solyc02g080240.1,wgd,gbM,Solyc07g064200.3,0.317874,4.11494,0.0772487,1.39846e-66
920,Solyc02g080260.3,wgd,gbM,Solyc10g005330.3,0.1176,1.59276,0.0738337,2.15499e-118
921,Solyc02g080270.3,wgd,gbM,Solyc03g031750.2,0.0480955,0.755414,0.0636678,9.22972e-30
922,Solyc02g080290.3,wgd,gbM,Solyc03g031730.3,0.150575,1.64039,0.0917928,4.55952e-53
923,Solyc02g080420.3,wgd,TE-like,Solyc03g031720.3,0.0850205,0.990161,0.0858653,1.14074e-42
924,Solyc02g080440.3,wgd,TE-like,Solyc03g031700.3,0.0619797,1.09554,0.0565748,2.54664e-61
925,Solyc02g080480.3,wgd,Unclassified,Solyc02g032660.3,0.212903,2.25924,0.0942364,2.20146e-76
926,Solyc02g080500.3,wgd,TE-like,Solyc03g031680.3,0.133503,0.706754,0.188896,3.14114e-31
927,Solyc02g080510.1,wgd,Unmethylated,Solyc02g032800.1,0.232922,0.891552,0.261255,4.57917e-11
928,Solyc02g080530.3,wgd,Unmethylated,Solyc02g032830.2,0.119147,0.964747,0.123501,2.92671e-25
929,Solyc02g080590.3,wgd,Unclassified,Solyc03g031650.3,0.170615,1.44058,0.118435,2.03199e-15
930,Solyc02g080640.3,wgd,gbM,Solyc02g032860.3,0.0595247,0.762576,0.0780575,5.56198e-53
931,Solyc02g080820.3,wgd,Unclassified,Solyc03g031600.3,0.079502,0.665498,0.119462,7.10981e-19
932,Solyc02g080870.2,wgd,Unclassified,Solyc02g032930.3,0.145159,1.95183,0.0743706,2.66738e-19
933,Solyc02g080880.3,wgd,gbM,Solyc02g032940.3,0.0695555,0.847416,0.0820795,5.64581e-51
934,Solyc02g080890.3,wgd,Unclassified,Solyc02g032950.3,0.164274,1.34046,0.122551,2.03646e-44
935,Solyc02g080920.2,wgd,Unclassified,Solyc03g031580.2,0.269962,1.72201,0.156771,6.07491e-12
936,Solyc02g081030.3,wgd,TE-like,Solyc07g048110.3,0.17227,2.30265,0.0748138,1.86758e-133
937,Solyc02g081040.3,wgd,gbM,Solyc07g049180.3,0.279371,4.46371,0.0625872,8.26379e-103
938,Solyc02g081130.2,wgd,Unclassified,Solyc07g049210.3,0.268919,3.70046,0.0726719,3.09077e-38
939,Solyc02g081140.3,wgd,gbM,Solyc07g049260.3,0.26392,4.04336,0.0652725,4.40284e-56
940,Solyc02g081160.3,wgd,gbM,Solyc07g049280.3,0.11277,4.88226,0.0230979,8.83338e-127
941,Solyc02g081180.2,wgd,Unclassified,Solyc07g049400.1,0.35003,1.75207,0.199781,2.82213e-14
942,Solyc02g081190.3,wgd,Unclassified,Solyc07g049530.3,0.129507,1.52452,0.0849493,1.70613e-53
943,Solyc02g081200.1,wgd,gbM,Solyc02g036360.1,0.100583,0.655735,0.15339,4.22161e-51
944,Solyc02g081210.3,wgd,Unmethylated,Solyc03g031840.3,0.0815038,2.68488,0.0303565,2.76822e-50
945,Solyc02g081230.3,wgd,gbM,Solyc03g031850.1,0.147858,1.01272,0.146,8.2026e-21
946,Solyc02g081250.2,wgd,TE-like,Solyc02g036390.1,0.182681,0.747524,0.244381,2.54818e-38
947,Solyc02g081270.3,wgd,Unclassified,Solyc02g036430.2,0.208231,2.06926,0.100631,5.69481e-52
948,Solyc02g081330.4,wgd,Unclassified,Solyc03g031860.3,0.104087,0.914024,0.113877,3.29352e-40
949,Solyc02g081350.3,wgd,Unclassified,Solyc03g031870.2,0.120651,1.58583,0.0760809,1.6233e-91
950,Solyc02g081380.3,wgd,TE-like,Solyc02g036450.3,0.0577664,0.774104,0.0746236,1.44021e-24
951,Solyc02g081390.3,wgd,gbM,Solyc03g031880.3,0.078099,1.05892,0.0737533,4.29068e-58
952,Solyc02g081420.3,wgd,TE-like,Solyc03g031900.2,0.463903,7.13394,0.0650276,1.29649e-80
953,Solyc02g081440.3,wgd,Unclassified,Solyc02g036460.3,0.364325,1.30878,0.278369,7.14699e-18
954,Solyc02g081570.3,wgd,gbM,Solyc03g031920.3,0.096102,1.14567,0.083883,8.92509e-89
955,Solyc02g082040.3,wgd,TE-like,Solyc10g005240.3,0.266369,1.78352,0.14935,2.22738e-29
956,Solyc02g082100.3,wgd,TE-like,Solyc10g005220.3,0.301999,1.22115,0.247307,1.28779e-36
957,Solyc02g082120.3,wgd,Unclassified,Solyc10g005210.3,0.208734,1.36404,0.153027,8.36445e-31
958,Solyc02g082140.3,wgd,Unclassified,Solyc10g005200.3,0.118505,1.41579,0.0837025,1.57865e-81
959,Solyc02g082150.1,wgd,Unclassified,Solyc10g005190.1,0.341379,1.81301,0.188294,2.4291e-26
960,Solyc02g082170.2,wgd,Unclassified,Solyc10g005150.2,0.206299,2.30189,0.0896215,9.20689e-50
961,Solyc02g082250.3,wgd,Unclassified,Solyc03g032000.3,0.0660164,2.2488,0.0293563,4.75105e-67
962,Solyc02g082260.3,wgd,Unclassified,Solyc02g038740.3,0.0801047,0.977252,0.0819694,6.82291e-83
963,Solyc02g082270.3,wgd,gbM,Solyc04g082770.3,0.296778,3.71114,0.0799695,5.70049e-35
964,Solyc02g082300.3,wgd,Unclassified,Solyc02g038760.3,0.48553,0.998299,0.486358,3.51823e-05
965,Solyc02g082350.3,wgd,Unclassified,Solyc00g007300.3,0.14101,1.04663,0.134727,7.23997e-55
966,Solyc02g082360.3,wgd,TE-like,Solyc00g007270.3,0.333421,1.94428,0.171489,2.66357e-14
967,Solyc02g082410.3,wgd,gbM,Solyc04g082700.3,0.197943,1.70126,0.116351,5.20522e-100
968,Solyc02g082420.3,wgd,Unmethylated,Solyc03g032060.1,0.204307,1.21116,0.168688,2.47001e-18
969,Solyc02g082430.3,wgd,gbM,Solyc00g007200.3,0.0835093,0.786747,0.106145,7.92746e-49
970,Solyc02g082450.3,wgd,TE-like,Solyc03g032080.3,0.159608,1.11201,0.143531,2.88843e-31
971,Solyc02g082470.3,wgd,TE-like,Solyc04g082620.3,0.434578,4.71278,0.0922126,3.18616e-103
972,Solyc02g082480.3,wgd,TE-like,Solyc04g082610.3,0.293538,4.80475,0.0610933,5.13879e-132
973,Solyc02g082490.3,wgd,TE-like,Solyc00g007190.3,0.259101,1.97306,0.131319,9.47783e-14
974,Solyc02g082510.1,wgd,Unclassified,Solyc03g032090.1,0.0975868,1.26526,0.077128,5.96815e-60
975,Solyc02g082540.3,wgd,TE-like,Solyc00g007120.3,0.120397,0.702485,0.171388,5.16055e-39
976,Solyc02g082550.3,wgd,Unclassified,Solyc00g007100.3,0.0778558,0.65968,0.11802,2.96264e-41
977,Solyc02g082570.2,wgd,TE-like,Solyc03g032100.2,0.212653,0.622474,0.341625,1.38953e-09
978,Solyc02g082680.3,wgd,gbM,Solyc03g032110.2,0.294737,0.704284,0.418491,4.69121e-13
979,Solyc02g082710.3,wgd,Unclassified,Solyc00g007080.3,0.221277,0.583254,0.379384,1.71046e-05
980,Solyc02g082750.3,wgd,gbM,Solyc00g007010.3,0.0791475,0.676945,0.116919,2.10941e-47
981,Solyc02g082760.3,wgd,gbM,Solyc04g082460.3,0.0791901,2.57045,0.0308079,9.19944e-123
982,Solyc02g082800.3,wgd,TE-like,Solyc02g061680.2,0.306264,0.805427,0.380251,1.06246e-10
983,Solyc02g082810.3,wgd,TE-like,Solyc03g032180.3,0.278089,0.907778,0.30634,2.78776e-16
984,Solyc02g082820.3,wgd,gbM,Solyc03g032190.3,0.136631,0.989531,0.138076,1.34797e-35
985,Solyc02g082870.3,wgd,gbM,Solyc03g032210.3,0.177191,1.90858,0.092839,1.1512e-60
986,Solyc02g082960.3,wgd,Unmethylated,Solyc02g061770.3,0.15387,3.0551,0.0503649,7.74808e-38
987,Solyc02g083000.1,wgd,Unmethylated,Solyc04g082270.3,0.832486,2.44915,0.339909,1.57619e-08
988,Solyc02g083010.1,wgd,Unmethylated,Solyc04g082240.1,0.651022,3.75871,0.173204,1.85384e-14
989,Solyc02g083150.3,wgd,TE-like,Solyc02g061810.3,0.151034,0.55866,0.27035,3.55364e-13
990,Solyc02g083160.2,wgd,Unclassified,Solyc01g111960.3,0.520444,3.90406,0.133308,1.02485e-39
991,Solyc02g083170.3,wgd,Unclassified,Solyc01g111920.3,0.588951,3.97454,0.148181,1.16591e-38
992,Solyc02g083250.3,wgd,Unmethylated,Solyc04g082050.3,0.228313,2.0728,0.110147,9.38336e-28
993,Solyc02g083285.1,wgd,Unclassified,Solyc03g032245.1,0.217594,1.93655,0.112361,4.98519e-18
994,Solyc02g083290.3,wgd,TE-like,Solyc01g111880.3,0.219551,4.41127,0.0497705,5.398e-94
995,Solyc02g083320.3,wgd,TE-like,Solyc02g061840.3,0.0629061,1.00941,0.0623197,9.39689e-29
996,Solyc02g083340.3,wgd,gbM,Solyc04g082000.3,0.28513,3.73365,0.0763676,8.67365e-35
997,Solyc02g083390.3,wgd,gbM,Solyc04g081930.3,0.223766,3.89827,0.0574014,3.32764e-61
998,Solyc02g083400.3,wgd,Unclassified,Solyc03g033330.3,0.0934062,0.92719,0.100741,4.97758e-28
999,Solyc02g083420.3,wgd,gbM,Solyc01g111730.3,0.107289,4.19172,0.0255955,1.24295e-96
1000,Solyc02g083460.3,wgd,Unclassified,Solyc03g033350.3,0.342948,2.65561,0.129141,1.45515e-14
1001,Solyc02g083480.3,wgd,TE-like,Solyc02g061955.1,0.448974,0.735794,0.61019,0.110183
1002,Solyc02g083510.3,wgd,Unclassified,Solyc01g111660.3,0.157757,1.74843,0.0902281,2.06606e-46
1003,Solyc02g083520.2,wgd,Unmethylated,Solyc02g061990.3,0.343763,3.67855,0.0934507,8.0326e-19
1004,Solyc02g083550.2,wgd,Unclassified,Solyc01g111600.3,0.226182,2.18605,0.103466,4.14238e-21
1005,Solyc02g083560.3,wgd,TE-like,Solyc03g033400.3,0.0459816,0.82049,0.0560416,1.7557e-94
1006,Solyc02g083570.3,wgd,Unclassified,Solyc03g033410.3,0.0396355,0.57994,0.0683442,1.56334e-15
1007,Solyc02g083580.4,wgd,gbM,Solyc03g033420.3,0.0191054,0.481993,0.0396384,7.3147e-25
1008,Solyc02g083620.3,wgd,Unclassified,Solyc01g111510.3,0.106754,2.7514,0.0388,2.04657e-69
1009,Solyc02g083690.2,wgd,Unclassified,Solyc02g062050.2,0.881086,4.1917,0.210198,6.49215e-13
1010,Solyc02g083710.3,wgd,TE-like,Solyc03g033430.1,0.214577,1.08098,0.198502,8.31165e-09
1011,Solyc02g083740.2,wgd,Unclassified,Solyc03g033460.3,0.140776,1.08028,0.130314,2.40685e-39
1012,Solyc02g083760.3,wgd,Unclassified,Solyc01g111330.3,0.210245,1.58541,0.132613,1.09166e-27
1013,Solyc02g083790.3,wgd,Unmethylated,Solyc03g033490.2,0.200923,1.02707,0.195628,9.74396e-22
1014,Solyc02g083800.3,wgd,Unmethylated,Solyc01g111280.2,0.472231,1.74936,0.269945,1.10014e-11
1015,Solyc02g083810.3,wgd,Unclassified,Solyc02g062110.3,0.111813,0.863111,0.129546,3.06761e-32
1016,Solyc02g083820.1,wgd,Unclassified,Solyc02g062140.2,0.14153,1.05483,0.134173,5.53383e-54
1017,Solyc02g083830.2,wgd,TE-like,Solyc02g062150.2,0.474123,3.7403,0.126761,3.29076e-26
1018,Solyc02g083835.1,wgd,Unmethylated,Solyc02g062160.1,0.208949,0.943601,0.221438,7.79401e-11
1019,Solyc02g083850.3,wgd,gbM,Solyc03g033540.3,0.0666004,1.02688,0.0648571,9.87299e-72
1020,Solyc02g083890.3,wgd,Unclassified,Solyc02g062170.3,0.331134,1.64163,0.201711,4.64629e-13
1021,Solyc02g083910.3,wgd,Unclassified,Solyc03g033550.3,0.273453,1.22165,0.223839,5.68787e-06
1022,Solyc02g083990.3,wgd,gbM,Solyc03g033580.3,0.104219,0.573591,0.181696,2.64103e-21
1023,Solyc02g084005.1,wgd,Unmethylated,Solyc01g110570.3,0.219291,2.97631,0.0736789,4.94365e-16
1024,Solyc02g084020.3,wgd,gbM,Solyc02g062240.3,0.0167256,0.65168,0.0256654,4.77096e-22
1025,Solyc02g084230.2,wgd,gbM,Solyc01g110470.3,0.441333,2.36778,0.186391,1.43661e-21
1026,Solyc02g084360.3,wgd,Unclassified,Solyc04g081090.3,NA,1.46471,1.11537e-11,NA
1027,Solyc02g084370.1,wgd,gbM,Solyc03g033610.1,0.148907,1.16127,0.128227,9.60114e-87
1028,Solyc02g084390.3,wgd,gbM,Solyc02g062330.2,0.214753,0.674215,0.318522,1.42666e-31
1029,Solyc02g084420.3,wgd,Unclassified,Solyc01g110370.3,0.0604927,1.92472,0.0314293,6.57406e-22
1030,Solyc02g084440.3,wgd,gbM,Solyc01g110360.3,0.0404771,2.45378,0.0164958,3.95762e-117
1031,Solyc02g084510.3,wgd,TE-like,Solyc02g062370.3,0.211769,0.8853,0.239206,1.11621e-29
1032,Solyc02g084520.3,wgd,gbM,Solyc02g062375.1,0.333366,0.708941,0.470232,1.04866e-13
1033,Solyc02g084530.2,wgd,Unclassified,Solyc03g033640.3,0.178291,0.833807,0.213828,2.0633e-16
1034,Solyc02g084550.3,wgd,TE-like,Solyc03g033650.3,0.2658,0.877605,0.30287,2.88799e-10
1035,Solyc02g084560.3,wgd,Unclassified,Solyc01g110320.3,0.257019,3.69555,0.0695484,3.08696e-46
1036,Solyc02g084590.3,wgd,Unmethylated,Solyc03g033660.3,0.257559,1.40645,0.183127,1.39384e-19
1037,Solyc02g084630.3,wgd,Unclassified,Solyc04g081000.3,0.312312,3.73425,0.0836346,8.9533e-30
1038,Solyc02g084680.2,wgd,Unclassified,Solyc03g033680.1,0.262868,2.46061,0.106831,6.61722e-13
1039,Solyc02g084710.3,wgd,Unclassified,Solyc04g080850.3,0.212848,3.21415,0.0662221,4.71477e-20
1040,Solyc02g084720.3,wgd,gbM,Solyc01g110000.3,0.169859,4.60895,0.0368542,8.04102e-153
1041,Solyc02g084760.3,wgd,gbM,Solyc04g080810.3,0.0535468,2.05744,0.0260259,2.21707e-44
1042,Solyc02g084780.3,wgd,Unclassified,Solyc03g033690.2,0.163995,1.42957,0.114717,1.91811e-44
1043,Solyc02g084800.3,wgd,Unclassified,Solyc04g080760.3,0.274592,3.95672,0.0693988,6.21956e-78
1044,Solyc02g084860.1,wgd,Unclassified,Solyc03g033730.1,0.221544,1.99507,0.111046,6.39645e-11
1045,Solyc02g084870.3,wgd,Unclassified,Solyc04g080730.3,0.115651,4.06667,0.0284387,9.87936e-148
1046,Solyc02g084880.3,wgd,Unclassified,Solyc04g080710.3,0.394784,3.35486,0.117675,1.31441e-16
1047,Solyc02g084900.2,wgd,Unclassified,Solyc03g033840.3,0.402146,4.316,0.0931757,1.13834e-64
1048,Solyc02g084930.3,wgd,Unclassified,Solyc04g080650.3,0.506117,4.07972,0.124057,7.53049e-36
1049,Solyc02g084960.1,wgd,Unmethylated,Solyc03g033860.1,0.313805,1.43094,0.2193,1.8916e-12
1050,Solyc02g084970.3,wgd,Unclassified,Solyc02g062570.3,0.256571,0.90677,0.28295,2.92885e-10
1051,Solyc02g084980.3,wgd,Unclassified,Solyc02g062590.3,0.133076,1.29812,0.102514,7.40614e-47
1052,Solyc02g084990.3,wgd,Unclassified,Solyc04g080620.3,0.229511,4.1121,0.0558135,5.41985e-62
1053,Solyc02g085030.3,wgd,TE-like,Solyc04g080600.3,0.508782,2.28745,0.222423,1.36985e-31
1054,Solyc02g085040.3,wgd,gbM,Solyc04g080570.3,0.147439,1.9975,0.0738119,6.20208e-52
1055,Solyc02g085070.1,wgd,gbM,Solyc02g062610.3,0.171185,0.738454,0.231816,5.18598e-18
1056,Solyc02g085090.1,wgd,Unclassified,Solyc01g109750.2,0.302507,1.77642,0.170291,6.41597e-28
1057,Solyc02g085110.3,wgd,gbM,Solyc02g062650.3,0.0635175,0.985359,0.0644613,8.02385e-64
1058,Solyc02g085130.3,wgd,gbM,Solyc02g062670.3,0.122134,0.591832,0.206367,3.0745e-23
1059,Solyc02g085140.3,wgd,TE-like,Solyc03g034010.3,0.264849,0.665908,0.397726,5.10067e-06
1060,Solyc02g085150.3,wgd,gbM,Solyc01g109690.1,0.218081,2.99509,0.0728129,4.88715e-19
1061,Solyc02g085160.1,wgd,Unmethylated,Solyc04g080490.3,0.414891,3.70428,0.112003,5.49347e-56
1062,Solyc02g085170.3,wgd,gbM,Solyc02g062750.3,0.141089,0.827317,0.170539,3.78134e-37
1063,Solyc02g085190.2,wgd,Unclassified,Solyc02g062760.3,0.288513,3.57494,0.0807044,6.28225e-42
1064,Solyc02g085240.3,wgd,TE-like,Solyc01g109640.3,0.24246,3.60935,0.0671753,9.98404e-30
1065,Solyc02g085290.3,wgd,Unclassified,Solyc04g080440.3,0.335566,1.81251,0.185139,4.9766e-20
1066,Solyc02g085300.3,wgd,Unclassified,Solyc04g080290.3,0.20311,3.91961,0.0518188,8.62971e-50
1067,Solyc02g085330.1,wgd,Unmethylated,Solyc02g062770.2,0.321882,0.86053,0.374051,0.00146213
1068,Solyc02g085390.3,wgd,TE-like,Solyc02g062780.3,0.105619,0.730618,0.144561,1.77449e-60
1069,Solyc02g085430.3,wgd,gbM,Solyc02g062790.3,0.249792,4.28422,0.0583051,3.27503e-50
1070,Solyc02g085440.3,wgd,gbM,Solyc02g062800.2,0.323984,1.92383,0.168406,3.81249e-13
1071,Solyc02g085480.3,wgd,Unmethylated,Solyc04g080230.3,0.410139,1.43244,0.286322,7.16424e-11
1072,Solyc02g085490.2,wgd,Unclassified,Solyc04g080220.3,0.293293,4.09451,0.0716308,2.77234e-55
1073,Solyc02g085530.2,wgd,TE-like,Solyc02g062910.2,0.172962,0.685758,0.25222,1.93586e-07
1074,Solyc02g085570.3,wgd,TE-like,Solyc02g062920.3,0.0743661,0.627507,0.11851,3.57267e-45
1075,Solyc02g085580.3,wgd,Unclassified,Solyc04g080130.3,0.372003,4.30463,0.0864193,7.33416e-54
1076,Solyc02g085610.3,wgd,TE-like,Solyc02g062950.3,0.175516,0.880049,0.199439,8.1379e-19
1077,Solyc02g085630.3,wgd,TE-like,Solyc02g062960.3,0.148566,3.29529,0.0450845,8.33563e-38
1078,Solyc02g085640.3,wgd,TE-like,Solyc02g062970.3,0.0997159,0.859031,0.11608,8.63709e-62
1079,Solyc02g085660.1,wgd,TE-like,Solyc02g062975.1,0.546567,3.53457,0.154635,9.22703e-14
1080,Solyc02g085670.3,wgd,TE-like,Solyc02g063020.2,0.0949218,0.836936,0.113416,7.86068e-50
1081,Solyc02g085672.1,wgd,Unclassified,Solyc04g079970.3,0.274269,2.50317,0.109569,7.68443e-10
1082,Solyc02g085700.1,wgd,Unmethylated,Solyc04g079960.1,0.251622,4.13654,0.060829,4.26465e-78
1083,Solyc02g085745.1,wgd,Unclassified,Solyc02g063030.3,0.201909,1.79952,0.112202,6.97584e-26
1084,Solyc02g085790.3,wgd,TE-like,Solyc02g063090.3,0.0136213,1.22281,0.0111393,1.22766e-109
1085,Solyc02g085833.1,wgd,gbM,Solyc02g063130.3,0.0407057,0.907241,0.0448676,5.66761e-33
1086,Solyc02g085870.3,wgd,Unclassified,Solyc02g063140.3,0.0620156,1.84177,0.0336717,1.61912e-119
1087,Solyc02g085950.3,wgd,Unclassified,Solyc02g063150.3,0.0390173,1.57338,0.0247984,7.69966e-28
1088,Solyc02g086010.2,wgd,Unclassified,Solyc02g063160.3,0.217416,0.763678,0.284697,1.24949e-07
1089,Solyc02g086050.3,wgd,gbM,Solyc03g034240.3,0.288806,1.5665,0.184364,2.42333e-15
1090,Solyc02g086095.1,wgd,gbM,Solyc02g063220.3,0.165246,0.962606,0.171666,4.39748e-34
1091,Solyc02g086110.3,wgd,Unclassified,Solyc03g034250.3,0.15955,0.755651,0.211142,1.71723e-14
1092,Solyc02g086180.3,wgd,Unclassified,Solyc02g063240.3,0.0645066,0.647815,0.0995757,1.21908e-29
1093,Solyc02g086210.3,wgd,gbM,Solyc05g009040.3,0.455524,4.45476,0.102256,1.43388e-53
1094,Solyc02g086220.3,wgd,gbM,Solyc03g034270.3,0.101521,0.872347,0.116377,2.18493e-33
1095,Solyc02g086260.1,wgd,Unmethylated,Solyc03g034300.1,0.187431,1.14877,0.163157,5.57197e-15
1096,Solyc02g086270.3,wgd,gbM,Solyc05g008930.3,0.460616,4.51125,0.102104,1.19063e-84
1097,Solyc02g086300.3,wgd,Unclassified,Solyc05g008910.3,0.163024,4.02008,0.0405524,0
1098,Solyc02g086310.1,wgd,Unclassified,Solyc05g008895.1,0.554936,3.00726,0.184532,5.38679e-17
1099,Solyc02g086360.3,wgd,Unclassified,Solyc05g008830.3,0.584088,2.85401,0.204655,2.04027e-30
1100,Solyc02g086370.3,wgd,gbM,Solyc05g008805.1,0.308277,4.0489,0.0761385,6.56699e-60
1101,Solyc02g086430.3,wgd,Unclassified,Solyc05g008670.3,0.467326,4.06858,0.114862,1.13667e-35
1102,Solyc02g086450.1,wgd,Unmethylated,Solyc02g067810.1,0.162101,1.20225,0.134831,1.83599e-10
1103,Solyc02g086480.1,wgd,Unclassified,Solyc02g067800.3,0.151525,2.95201,0.0513295,0
1104,Solyc02g086683.1,wgd,TE-like,Solyc02g067760.3,0.01912,1.58354,0.0120742,1.86745e-21
1105,Solyc02g086810.1,wgd,Unmethylated,Solyc05g005260.2,0.757303,3.88386,0.194987,8.59453e-16
1106,Solyc02g086820.3,wgd,Unclassified,Solyc05g005490.3,0.244348,2.07331,0.117854,4.20289e-36
1107,Solyc02g086840.3,wgd,Unclassified,Solyc03g114320.3,0.247833,3.7058,0.066877,2.07449e-99
1108,Solyc02g086850.2,wgd,Unclassified,Solyc02g067720.1,0.202237,1.31511,0.153779,1.05823e-23
1109,Solyc02g086860.3,wgd,Unclassified,Solyc03g114290.3,0.577461,1.821,0.317111,5.96074e-13
1110,Solyc02g086900.3,wgd,TE-like,Solyc05g005610.3,0.209904,4.26261,0.049243,1.63716e-77
1111,Solyc02g086920.2,wgd,Unclassified,Solyc03g114200.3,0.418133,3.86026,0.108317,2.23401e-25
1112,Solyc02g086940.3,wgd,gbM,Solyc02g067710.2,0.16125,0.634,0.254338,1.94646e-16
1113,Solyc02g086950.1,wgd,Unclassified,Solyc03g114190.1,0.358656,3.35296,0.106967,1.54551e-17
1114,Solyc02g086960.2,wgd,gbM,Solyc05g005660.1,0.461746,4.15634,0.111094,5.54118e-39
1115,Solyc02g086970.3,wgd,gbM,Solyc03g114150.3,0.145959,4.3917,0.0332352,7.45782e-114
1116,Solyc02g087000.3,wgd,gbM,Solyc05g005740.3,0.138845,4.71058,0.0294752,1.11719e-196
1117,Solyc02g087010.2,wgd,gbM,Solyc05g005760.3,0.267294,3.05112,0.0876053,2.70307e-61
1118,Solyc02g087030.1,wgd,Unmethylated,Solyc03g114130.1,0.389125,3.36692,0.115573,6.3302e-19
1119,Solyc02g087040.1,wgd,gbM,Solyc02g067680.1,0.151952,1.32966,0.114278,1.92635e-30
1120,Solyc02g087050.2,wgd,Unclassified,Solyc05g005830.3,0.538991,4.09666,0.131568,8.42231e-30
1121,Solyc02g087130.3,wgd,TE-like,Solyc05g006090.3,0.339766,3.95566,0.0858936,3.16677e-42
1122,Solyc02g087190.1,wgd,Unmethylated,Solyc05g006230.1,0.323178,4.07962,0.0792175,7.00353e-49
1123,Solyc02g087200.1,wgd,Unclassified,Solyc03g113870.1,0.362155,4.38091,0.0826666,5.54828e-89
1124,Solyc02g087220.3,wgd,Unclassified,Solyc05g006320.3,0.263175,3.03941,0.0865877,2.59901e-20
1125,Solyc02g087310.3,wgd,TE-like,Solyc03g113760.3,0.462648,4.13766,0.111814,1.3473e-37
1126,Solyc02g087330.3,wgd,Unclassified,Solyc03g113730.3,0.171102,1.177,0.145371,4.05245e-11
1127,Solyc02g087350.2,wgd,Unclassified,Solyc05g006510.1,0.2324,3.91151,0.0594144,1.78665e-58
1128,Solyc02g087360.3,wgd,TE-like,Solyc05g006540.3,0.316334,5.02812,0.062913,2.17382e-157
1129,Solyc02g087450.3,wgd,TE-like,Solyc03g113660.3,0.792499,4.33232,0.182927,3.32936e-27
1130,Solyc02g087460.1,wgd,gbM,Solyc02g067560.1,0.133611,1.39069,0.0960753,5.42775e-61
1131,Solyc02g087480.3,wgd,gbM,Solyc05g006660.3,0.265328,4.08325,0.0649796,3.80914e-66
1132,Solyc02g087500.2,wgd,TE-like,Solyc02g067530.3,0.246736,1.85069,0.133321,2.23232e-35
1133,Solyc02g087560.1,wgd,Unclassified,Solyc03g113630.3,0.930417,4.4995,0.206782,1.93919e-18
1134,Solyc02g087570.1,wgd,Unclassified,Solyc03g113360.3,0.274086,3.14826,0.0870597,0
1135,Solyc02g087580.3,wgd,Unclassified,Solyc02g067490.3,0.170309,0.937329,0.181696,4.51031e-20
1136,Solyc02g087610.1,wgd,Unclassified,Solyc05g006800.1,0.596017,4.2285,0.140952,3.71864e-52
1137,Solyc02g087630.3,wgd,Unclassified,Solyc05g006830.3,0.363085,3.49183,0.103981,1.49879e-18
1138,Solyc02g087670.3,wgd,Unclassified,Solyc06g071020.3,0.276207,4.22912,0.0653107,1.01521e-61
1139,Solyc02g087740.3,wgd,gbM,Solyc02g067440.3,0.155142,1.6432,0.0944146,5.66763e-30
1140,Solyc02g087750.3,wgd,gbM,Solyc02g067420.3,0.0229536,1.24039,0.0185051,7.80664e-32
1141,Solyc02g087770.3,wgd,gbM,Solyc03g113030.3,0.319449,4.01422,0.0795793,1.08941e-48
1142,Solyc02g087830.3,wgd,Unclassified,Solyc05g007050.3,0.313462,4.10568,0.0763484,7.62099e-83
1143,Solyc02g087840.3,wgd,Unmethylated,Solyc05g007180.3,0.318948,3.77859,0.0844092,2.48138e-34
1144,Solyc02g087850.1,wgd,Unmethylated,Solyc02g067400.2,0.235127,2.84971,0.0825091,6.58593e-18
1145,Solyc02g087860.3,wgd,Unclassified,Solyc02g067380.3,0.0833446,2.35098,0.035451,6.38669e-17
1146,Solyc02g087930.3,wgd,Unclassified,Solyc06g069860.3,0.0247414,1.32758,0.0186365,3.77627e-37
1147,Solyc02g087950.3,wgd,Unclassified,Solyc02g067350.3,0.25982,1.03323,0.251464,1.35643e-30
1148,Solyc02g087960.3,wgd,TE-like,Solyc03g116100.3,0.330675,3.76642,0.0877956,4.32341e-57
1149,Solyc02g087970.1,wgd,Unclassified,Solyc02g067320.2,0.327967,3.05317,0.107418,8.7072e-13
1150,Solyc02g087980.3,wgd,TE-like,Solyc02g067285.1,0.193089,0.885595,0.218033,5.99999e-06
1151,Solyc02g088030.1,wgd,Unmethylated,Solyc02g067260.2,0.498257,3.21369,0.155042,3.50555e-12
1152,Solyc02g088040.1,wgd,Unmethylated,Solyc02g067250.2,0.197079,1.05874,0.186144,4.06371e-12
1153,Solyc02g088070.3,wgd,gbM,Solyc03g115940.3,0.435361,2.15759,0.201781,4.17895e-21
1154,Solyc02g088090.1,wgd,Unmethylated,Solyc06g069740.1,0.556918,3.44402,0.161706,3.62148e-12
1155,Solyc02g088100.3,wgd,Unmethylated,Solyc03g115890.3,0.171686,3.81326,0.0450234,2.22648e-54
1156,Solyc02g088117.1,wgd,Unclassified,Solyc02g067210.3,0.127001,1.00743,0.126064,2.55543e-08
1157,Solyc02g088167.1,wgd,Unclassified,Solyc02g067190.3,0.212096,3.50747,0.0604699,8.2528e-31
1158,Solyc02g088180.3,wgd,Unclassified,Solyc03g115850.3,0.302599,3.81144,0.0793923,3.92972e-50
1159,Solyc02g088210.3,wgd,Unclassified,Solyc02g067160.3,0.132592,0.758991,0.174695,3.25066e-23
1160,Solyc02g088220.3,wgd,gbM,Solyc05g013180.3,0.385909,4.72456,0.0816815,2.1994e-87
1161,Solyc02g088270.3,wgd,Unclassified,Solyc02g067120.3,0.434678,1.40939,0.308416,8.63768e-10
1162,Solyc02g088290.3,wgd,TE-like,Solyc05g013040.3,0.216674,4.86877,0.0445028,1.26103e-166
1163,Solyc02g088325.1,wgd,Unclassified,Solyc05g012780.3,0.482837,3.72308,0.129688,1.38531e-20
1164,Solyc02g088340.3,wgd,TE-like,Solyc03g115660.3,0.320772,2.12924,0.15065,3.93833e-65
1165,Solyc02g088345.1,wgd,gbM,Solyc05g012770.3,0.462258,4.24213,0.108968,1.19876e-55
1166,Solyc02g088480.3,wgd,gbM,Solyc05g012640.3,0.745975,1.86558,0.399863,8.04519e-23
1167,Solyc02g088570.2,wgd,TE-like,Solyc05g012560.2,0.325929,3.93213,0.0828887,8.66685e-34
1168,Solyc02g088610.3,wgd,TE-like,Solyc03g115230.3,0.43126,4.7389,0.0910043,5.16834e-158
1169,Solyc02g088670.1,wgd,Unclassified,Solyc05g012490.1,0.615752,3.93636,0.156427,3.79747e-28
1170,Solyc02g088690.3,wgd,gbM,Solyc02g067080.3,0.0324258,0.774918,0.0418441,2.89324e-70
1171,Solyc02g088700.3,wgd,TE-like,Solyc05g012480.3,0.196866,2.95993,0.0665105,3.20644e-69
1172,Solyc02g088740.1,wgd,Unmethylated,Solyc02g066970.1,0.278237,2.21176,0.125799,1.25449e-11
1173,Solyc02g088750.2,wgd,gbM,Solyc02g066960.3,0.3669,1.76644,0.207706,1.34258e-34
1174,Solyc02g088790.3,wgd,gbM,Solyc02g066930.3,0.236931,1.74602,0.135697,7.83554e-13
1175,Solyc02g088800.2,wgd,gbM,Solyc03g115070.1,0.448746,2.27248,0.197469,4.0338e-45
1176,Solyc02g088900.3,wgd,gbM,Solyc02g066910.3,0.0582414,0.711443,0.0818638,2.18854e-46
1177,Solyc02g088910.3,wgd,Unclassified,Solyc02g066870.1,0.576166,3.34225,0.172389,1.77011e-12
1178,Solyc02g088920.3,wgd,TE-like,Solyc05g012240.2,0.64441,4.06906,0.158368,8.7537e-37
1179,Solyc02g088930.3,wgd,Unmethylated,Solyc02g065805.1,0.143391,2.72955,0.0525327,7.43089e-18
1180,Solyc02g089020.2,wgd,Unmethylated,Solyc02g065800.2,0.398437,3.38254,0.117792,6.95926e-18
1181,Solyc02g089050.3,wgd,gbM,Solyc03g115000.3,0.562965,3.32716,0.169203,2.20522e-60
1182,Solyc02g089060.3,wgd,Unclassified,Solyc05g012180.3,0.266766,3.98532,0.0669371,1.16752e-81
1183,Solyc02g089065.1,wgd,Unclassified,Solyc05g012160.3,0.258762,1.78685,0.144815,3.94613e-15
1184,Solyc02g089115.1,wgd,Unclassified,Solyc02g065770.3,0.158853,2.80033,0.0567267,1.27126e-33
1185,Solyc02g089120.3,wgd,gbM,Solyc03g114910.3,0.288043,3.64548,0.0790137,4.04655e-31
1186,Solyc02g089130.3,wgd,gbM,Solyc03g114875.1,0.250502,2.27296,0.11021,8.70716e-12
1187,Solyc02g089160.3,wgd,Unclassified,Solyc02g065750.2,0.129715,1.35958,0.0954083,1.40099e-64
1188,Solyc02g089170.3,wgd,Unclassified,Solyc03g114860.3,0.066317,4.0209,0.0164931,2.62978e-98
1189,Solyc02g089175.1,wgd,TE-like,Solyc03g070400.2,0.113721,0.713197,0.159453,2.52447e-21
1190,Solyc02g089200.3,wgd,Unclassified,Solyc05g012020.3,0.257547,3.64235,0.070709,9.2901e-31
1191,Solyc02g089210.3,wgd,Unclassified,Solyc02g065730.2,0.167781,2.16816,0.0773838,1.01979e-26
1192,Solyc02g089240.3,wgd,TE-like,Solyc05g012010.3,0.474404,3.5917,0.132083,1.37782e-20
1193,Solyc02g089250.3,wgd,Unclassified,Solyc03g046580.1,0.289473,1.27121,0.227714,5.10899e-10
1194,Solyc02g089320.3,wgd,Unclassified,Solyc02g065700.3,0.0884141,0.792899,0.111507,1.80765e-25
1195,Solyc02g089390.2,wgd,TE-like,Solyc03g046450.3,0.0451268,0.603271,0.0748035,1.86586e-229
1196,Solyc02g089400.3,wgd,TE-like,Solyc02g065680.3,0.0777784,0.580178,0.13406,1.12311e-37
1197,Solyc02g089410.3,wgd,Unclassified,Solyc03g114680.3,0.604242,1.82678,0.330769,3.68286e-13
1198,Solyc02g089420.1,wgd,TE-like,Solyc03g046440.2,0.249456,0.955152,0.261169,5.59411e-09
1199,Solyc02g089570.3,wgd,Unmethylated,Solyc02g065640.3,0.118019,0.687807,0.171588,0.000132473
1200,Solyc02g089600.3,wgd,TE-like,Solyc03g046350.3,0.217361,0.659644,0.329513,1.30117e-09
1201,Solyc02g089670.3,wgd,Unclassified,Solyc02g065600.3,0.349968,4.03377,0.0867596,2.13686e-73
1202,Solyc02g089720.2,wgd,Unclassified,Solyc03g046200.1,0.13762,1.63426,0.0842092,9.69737e-85
1203,Solyc02g089780.3,wgd,Unmethylated,Solyc03g045090.3,0.099613,1.2612,0.0789827,2.11194e-20
1204,Solyc02g089800.3,wgd,TE-like,Solyc03g045050.3,0.216543,0.70364,0.307747,5.8343e-31
1205,Solyc02g089830.2,wgd,Unclassified,Solyc03g045030.1,0.538771,1.86552,0.288805,2.61719e-08
1206,Solyc02g089840.3,wgd,Unmethylated,Solyc02g065555.1,0.401974,0.828465,0.485203,0.000359235
1207,Solyc02g089850.3,wgd,Unclassified,Solyc02g065550.3,0.138525,2.9223,0.0474027,3.98665e-21
1208,Solyc02g089860.1,wgd,Unclassified,Solyc03g044910.1,0.118106,2.00947,0.0587748,9.84553e-60
1209,Solyc02g089870.2,wgd,Unclassified,Solyc02g065540.2,0.1354,1.95981,0.0690881,4.89594e-28
1210,Solyc02g089880.3,wgd,Unclassified,Solyc04g079860.1,0.162548,4.01029,0.0405328,3.21633e-95
1211,Solyc02g089920.1,wgd,gbM,Solyc02g065520.1,0.77556,4.42681,0.175196,4.6221e-40
1212,Solyc02g089930.3,wgd,gbM,Solyc04g079840.3,0.133738,4.06251,0.0329202,2.57205e-80
1213,Solyc02g089940.3,wgd,Unclassified,Solyc02g065490.3,0.217156,1.86614,0.116367,1.57997e-65
1214,Solyc02g089980.3,wgd,TE-like,Solyc02g065480.2,0.203942,1.00688,0.202548,7.3605e-23
1215,Solyc02g089990.1,wgd,Unmethylated,Solyc03g044860.1,0.241022,1.96062,0.122932,2.23737e-13
1216,Solyc02g090000.3,wgd,gbM,Solyc02g065420.3,0.263921,0.701199,0.376385,5.6085e-06
1217,Solyc02g090110.3,wgd,Unclassified,Solyc04g079710.3,0.295869,4.57379,0.0646879,2.75507e-103
1218,Solyc02g090150.1,wgd,Unclassified,Solyc04g079700.3,0.302336,4.17264,0.0724568,4.57304e-87
1219,Solyc02g090170.3,wgd,Unclassified,Solyc04g079590.3,0.820201,3.9346,0.208459,7.10498e-21
1220,Solyc02g090220.3,wgd,Unclassified,Solyc02g065290.1,0.238501,1.32888,0.179476,4.04825e-20
1221,Solyc02g090290.3,wgd,Unclassified,Solyc02g065230.3,0.271786,3.06518,0.0886688,2.15103e-44
1222,Solyc02g090330.3,wgd,gbM,Solyc02g065180.3,0.193902,0.904053,0.214481,3.52355e-09
1223,Solyc02g090360.3,wgd,gbM,Solyc02g065170.3,0.0837718,0.811118,0.103279,1.38711e-51
1224,Solyc02g090380.3,wgd,Unclassified,Solyc04g079420.3,0.697545,4.69371,0.148613,2.49375e-44
1225,Solyc02g090390.3,wgd,TE-like,Solyc01g108280.3,0.0880965,4.03513,0.0218324,1.46083e-100
1226,Solyc02g090400.3,wgd,Unclassified,Solyc01g108300.3,0.433971,4.0012,0.10846,1.00198e-55
1227,Solyc02g090410.3,wgd,Unclassified,Solyc02g065150.2,0.247749,1.50408,0.164718,2.55519e-27
1228,Solyc02g090430.3,wgd,TE-like,Solyc04g079400.3,0.40211,4.47548,0.0898475,8.76613e-74
1229,Solyc02g090450.3,wgd,Unclassified,Solyc01g108320.3,0.265545,4.02087,0.0660418,1.1265e-49
1230,Solyc02g090480.3,wgd,TE-like,Solyc01g108340.3,0.159896,3.46326,0.0461692,4.45507e-71
1231,Solyc02g090490.3,wgd,Unclassified,Solyc02g065090.3,0.142788,1.99156,0.0716966,3.04496e-43
1232,Solyc02g090510.3,wgd,Unclassified,Solyc01g108400.3,0.133161,4.42971,0.0300609,2.28202e-144
1233,Solyc02g090540.3,wgd,Unmethylated,Solyc02g065060.3,0.143113,1.04629,0.136781,1.91722e-20
1234,Solyc02g090580.3,wgd,Unclassified,Solyc04g079340.3,0.321825,4.43324,0.0725936,1.80851e-87
1235,Solyc02g090620.3,wgd,gbM,Solyc01g108510.3,0.234632,2.98144,0.0786975,5.3604e-52
1236,Solyc02g090665.1,wgd,Unmethylated,Solyc04g079250.3,0.159489,2.92471,0.0545317,0
1237,Solyc02g090680.3,wgd,Unmethylated,Solyc01g108610.3,0.767383,3.62932,0.21144,5.78174e-12
1238,Solyc02g090720.3,wgd,Unmethylated,NA,NA,NA,NA,NA
1239,Solyc02g090900.3,wgd,Unclassified,Solyc02g064990.3,0.223265,0.831818,0.268406,3.62981e-14
1240,Solyc02g090970.1,wgd,Unclassified,Solyc02g064980.1,0.227123,1.02073,0.222511,1.62155e-21
1241,Solyc02g091020.2,wgd,gbM,Solyc04g007280.3,0.634147,4.6541,0.136256,1.18178e-44
1242,Solyc02g091050.3,wgd,gbM,Solyc03g034400.3,0.162802,1.25212,0.130021,5.10891e-48
1243,Solyc02g091070.3,wgd,gbM,Solyc05g008510.3,0.32873,2.13351,0.154079,3.2091e-50
1244,Solyc02g091110.3,wgd,gbM,Solyc05g008480.3,0.149294,2.0009,0.0746135,1.11362e-37
1245,Solyc02g091130.3,wgd,Unclassified,Solyc05g008460.3,0.0620087,4.38604,0.0141377,2.44439e-174
1246,Solyc02g091180.1,wgd,Unmethylated,Solyc04g007580.1,0.307395,3.44361,0.0892655,8.90036e-25
1247,Solyc02g091190.3,wgd,Unclassified,Solyc03g034420.1,0.18933,0.815062,0.232289,2.49975e-09
1248,Solyc02g091210.1,wgd,Unclassified,Solyc03g034430.1,0.124755,0.966832,0.129035,8.35132e-42
1249,Solyc02g091230.3,wgd,gbM,Solyc05g008390.3,0.361901,2.71347,0.133372,9.69021e-22
1250,Solyc02g091250.1,wgd,Unclassified,Solyc04g007620.1,0.512268,3.27421,0.156455,1.34225e-13
1251,Solyc02g091300.3,wgd,Unmethylated,Solyc03g043640.3,0.144095,1.11562,0.129162,9.48016e-14
1252,Solyc02g091310.2,wgd,Unclassified,Solyc05g008300.2,0.648263,3.62482,0.17884,1.19115e-28
1253,Solyc02g091360.1,wgd,Unmethylated,Solyc05g008210.3,0.293351,3.50891,0.0836015,7.44595e-29
1254,Solyc02g091410.3,wgd,TE-like,Solyc03g043660.3,0.0928961,0.836644,0.111034,2.81992e-103
1255,Solyc02g091420.3,wgd,TE-like,Solyc02g063310.2,0.295365,1.20722,0.244667,8.3376e-07
1256,Solyc02g091430.3,wgd,Unclassified,Solyc03g043700.3,0.162446,1.05435,0.154072,3.16238e-24
1257,Solyc02g091470.3,wgd,gbM,Solyc02g063330.3,0.119936,0.84817,0.141405,1.83466e-41
1258,Solyc02g091480.1,wgd,Unclassified,Solyc02g063340.1,0.152556,1.44956,0.105243,8.41434e-08
1259,Solyc02g091500.1,wgd,Unmethylated,Solyc02g063350.1,0.131441,3.4631,0.0379547,6.38213e-21
1260,Solyc02g091520.3,wgd,Unclassified,Solyc02g063360.3,0.141372,2.40798,0.0587099,2.16588e-18
1261,Solyc02g091550.2,wgd,Unclassified,Solyc04g076700.3,0.180482,3.70815,0.0486716,2.78419e-42
1262,Solyc02g091560.3,wgd,TE-like,Solyc04g076790.3,0.0821055,4.38726,0.0187145,1.09463e-137
1263,Solyc02g091670.1,wgd,Unmethylated,Solyc04g076820.1,0.475534,3.84302,0.12374,1.28032e-34
1264,Solyc02g091690.3,wgd,Unclassified,Solyc02g063430.3,0.175966,1.37692,0.127796,1.00305e-20
1265,Solyc02g091700.3,wgd,Unmethylated,Solyc03g043740.3,0.233602,1.49492,0.156264,4.48086e-17
1266,Solyc02g091710.3,wgd,Unclassified,Solyc04g076860.3,0.286569,4.64536,0.0616894,6.05928e-94
1267,Solyc02g091730.2,wgd,TE-like,Solyc03g043760.3,0.296085,1.01779,0.290909,2.85902e-13
1268,Solyc02g091840.3,wgd,Unclassified,Solyc03g043770.3,0.0787949,1.39262,0.0565805,2.04101e-153
1269,Solyc02g091870.3,wgd,gbM,Solyc04g077020.3,0.0320498,4.25688,0.00752894,1.96306e-172
1270,Solyc02g091880.3,wgd,Unclassified,Solyc03g043850.3,0.260645,0.91236,0.285682,0.000214439
1271,Solyc02g091910.2,wgd,Unmethylated,Solyc04g077170.3,0.407311,3.24342,0.125581,6.56047e-23
1272,Solyc02g091930.3,wgd,Unmethylated,Solyc04g077220.3,0.384673,3.71054,0.10367,1.09134e-40
1273,Solyc02g091970.3,wgd,TE-like,Solyc04g077240.3,0.291531,3.85067,0.0757091,2.16755e-58
1274,Solyc02g091980.2,wgd,TE-like,Solyc04g077260.3,0.437736,3.82858,0.114334,1.25372e-37
1275,Solyc02g091990.3,wgd,Unmethylated,Solyc03g043890.3,0.0877289,2.37504,0.0369379,4.36345e-104
1276,Solyc02g092000.3,wgd,gbM,Solyc04g077420.3,0.22082,3.90186,0.0565935,1.57956e-60
1277,Solyc02g092050.3,wgd,Unclassified,Solyc04g077490.3,0.312607,4.379,0.0713878,2.50437e-101
1278,Solyc02g092070.3,wgd,gbM,Solyc04g077510.3,0.43073,4.38932,0.0981314,1.79146e-57
1279,Solyc02g092090.2,wgd,Unmethylated,Solyc03g043900.1,0.272889,0.959023,0.284549,7.92651e-10
1280,Solyc02g092110.3,wgd,Unmethylated,Solyc04g077580.3,0.328077,3.46539,0.0946723,4.17635e-09
1281,Solyc02g092140.1,wgd,Unmethylated,Solyc02g064560.1,0.205381,1.45946,0.140724,4.86458e-20
1282,Solyc02g092160.3,wgd,Unclassified,Solyc04g077600.3,0.479681,2.25162,0.213038,1.88343e-27
1283,Solyc02g092190.1,wgd,Unclassified,Solyc04g077615.1,0.48522,3.36354,0.144259,3.58292e-12
1284,Solyc02g092210.1,wgd,Unmethylated,Solyc03g043920.3,0.334375,4.20674,0.0794856,8.77006e-60
1285,Solyc02g092230.3,wgd,gbM,Solyc03g043930.3,0.125694,0.672547,0.186893,3.87272e-27
1286,Solyc02g092260.3,wgd,TE-like,Solyc03g043950.3,0.11903,0.788742,0.150912,5.87768e-47
1287,Solyc02g092270.3,wgd,TE-like,Solyc04g077745.1,0.440593,3.06567,0.143718,2.23457e-12
1288,Solyc02g092330.3,wgd,Unclassified,Solyc02g064640.3,0.0374168,1.40154,0.0266969,1.63358e-37
1289,Solyc02g092360.3,wgd,TE-like,Solyc03g043970.2,0.227961,0.803595,0.283677,6.77757e-09
1290,Solyc02g092430.1,wgd,Unmethylated,Solyc02g064670.1,0.0386494,1.02739,0.0376191,1.282e-28
1291,Solyc02g092440.3,wgd,Unclassified,Solyc03g044010.3,0.0649563,0.877148,0.074054,1.10068e-35
1292,Solyc02g092450.3,wgd,gbM,Solyc02g064680.3,0.0674413,0.871814,0.0773574,3.44071e-112
1293,Solyc02g092470.3,wgd,TE-like,Solyc03g044060.3,0.213878,1.25967,0.169788,4.28117e-61
1294,Solyc02g092480.3,wgd,gbM,Solyc03g044090.3,0.170948,0.996572,0.171536,7.87512e-44
1295,Solyc02g092490.3,wgd,Unmethylated,Solyc02g064690.3,0.142218,1.38106,0.102977,2.15334e-48
1296,Solyc02g092550.3,wgd,Unmethylated,Solyc04g077990.3,0.40084,3.64784,0.109884,5.19467e-24
1297,Solyc02g092560.3,wgd,gbM,Solyc02g064720.3,0.172388,0.805337,0.214057,1.05169e-27
1298,Solyc02g092580.3,wgd,Unclassified,Solyc03g044100.3,0.103262,3.34095,0.0309079,4.07462e-52
1299,Solyc02g092640.3,wgd,TE-like,Solyc03g044140.3,0.0262986,0.649293,0.0405035,1.35924e-43
1300,Solyc02g092670.1,wgd,Unclassified,Solyc03g044150.3,0.116088,1.44193,0.0805083,4.53688e-109
1301,Solyc02g092710.3,wgd,gbM,Solyc02g064750.3,0.106813,0.80519,0.132656,2.25335e-18
1302,Solyc02g092750.3,wgd,Unclassified,Solyc01g107300.3,0.222488,3.76225,0.0591369,2.05445e-44
1303,Solyc02g092760.3,wgd,Unclassified,Solyc02g064760.2,0.128395,1.94718,0.065939,8.9047e-22
1304,Solyc02g092783.1,wgd,Unclassified,Solyc04g078170.2,0.406057,4.40007,0.0922842,1.99179e-56
1305,Solyc02g092800.3,wgd,gbM,Solyc04g078230.1,0.287813,3.48899,0.0824916,6.44325e-32
1306,Solyc02g092820.3,wgd,TE-like,Solyc01g107390.3,0.118338,4.35654,0.0271633,1.35365e-141
1307,Solyc02g092830.3,wgd,Unmethylated,Solyc01g107450.3,0.42922,1.72505,0.248816,4.88595e-08
1308,Solyc02g092860.3,wgd,Unclassified,Solyc02g064850.2,0.272236,1.56532,0.173917,3.17238e-32
1309,Solyc02g092890.1,wgd,Unclassified,Solyc03g044180.1,0.345993,3.16877,0.109188,2.47833e-06
1310,Solyc02g092910.3,wgd,TE-like,Solyc04g078400.3,0.305831,3.27472,0.0933913,3.1792e-37
1311,Solyc02g092930.1,wgd,Unmethylated,Solyc04g078420.1,0.28234,3.98148,0.0709134,9.61596e-63
1312,Solyc02g092940.3,wgd,Unclassified,Solyc01g107650.3,0.34896,4.63345,0.0753131,4.40416e-104
1313,Solyc02g092980.3,wgd,Unclassified,Solyc02g064860.2,0.213974,1.04427,0.204904,1.43094e-20
1314,Solyc02g092990.1,wgd,Unclassified,Solyc03g044220.1,0.158798,1.25791,0.12624,1.5531e-50
1315,Solyc02g093000.3,wgd,TE-like,Solyc01g107750.3,0.287257,4.47682,0.0641654,1.95416e-102
1316,Solyc02g093010.3,wgd,Unclassified,Solyc04g078510.3,0.161931,1.26805,0.127701,1.32928e-16
1317,Solyc02g093040.3,wgd,TE-like,Solyc04g078540.3,0.369178,4.30548,0.0857461,1.30525e-48
1318,Solyc02g093050.3,wgd,Unmethylated,Solyc04g078550.3,0.214916,3.97637,0.0540484,1.88371e-58
1319,Solyc02g093090.1,wgd,Unclassified,Solyc01g107800.3,0.343957,3.94929,0.0870936,1.09095e-37
1320,Solyc02g093100.3,wgd,Unclassified,Solyc04g078590.3,0.325085,4.55231,0.0714111,1.22986e-105
1321,Solyc02g093110.3,wgd,gbM,Solyc03g044260.3,0.039674,0.749972,0.0529006,1.10793e-24
1322,Solyc02g093130.2,wgd,Unclassified,Solyc04g078640.2,0.336677,3.38592,0.0994344,0
1323,Solyc02g093140.3,wgd,gbM,Solyc01g107860.3,0.256078,2.70061,0.0948223,2.24305e-34
1324,Solyc02g093150.3,wgd,Unclassified,Solyc03g044300.3,0.142325,2.1713,0.0655483,4.1508e-51
1325,Solyc02g093160.3,wgd,TE-like,Solyc01g107890.3,0.557428,3.30548,0.168638,2.56425e-51
1326,Solyc02g093190.3,wgd,TE-like,Solyc03g044380.3,0.220654,1.05101,0.209944,2.71133e-17
1327,Solyc02g093230.3,wgd,Unmethylated,Solyc01g107910.3,0.0833299,3.69726,0.0225383,4.9033e-74
1328,Solyc02g093280.2,wgd,Unclassified,Solyc04g078690.3,0.519619,3.93504,0.132049,2.62678e-30
1329,Solyc02g093290.3,wgd,TE-like,Solyc03g044430.3,0.0690416,0.692067,0.0997613,9.14256e-54
1330,Solyc02g093310.3,wgd,gbM,Solyc01g107990.3,0.255205,4.13534,0.0617132,1.90692e-58
1331,Solyc02g093580.3,wgd,TE-like,Solyc05g014000.3,0.124447,4.07833,0.0305141,1.07008e-132
1332,Solyc02g093640.3,wgd,gbM,Solyc05g014140.2,0.317703,3.17549,0.100048,2.63331e-25
1333,Solyc02g093700.3,wgd,Unclassified,Solyc03g005120.3,0.109675,1.02467,0.107034,4.14508e-28
1334,Solyc02g093720.3,wgd,gbM,Solyc02g067950.3,0.208963,0.624176,0.334782,5.82355e-15
1335,Solyc02g093740.3,wgd,TE-like,Solyc05g014290.3,0.331045,3.53305,0.0936996,5.83323e-52
1336,Solyc02g093760.3,wgd,Unclassified,Solyc02g067970.3,0.196466,1.09141,0.180011,1.25335e-22
1337,Solyc02g093790.3,wgd,Unclassified,Solyc03g005100.3,0.0986915,1.49867,0.0658525,2.21243e-58
1338,Solyc02g093800.3,wgd,TE-like,Solyc02g067980.3,0.0705477,0.510579,0.138172,1.27775e-39
1339,Solyc02g093810.3,wgd,TE-like,Solyc02g067990.3,0.109881,0.646714,0.169907,2.57391e-47
1340,Solyc02g093840.3,wgd,gbM,Solyc02g068000.2,0.407543,0.887361,0.459276,2.18455e-06
1341,Solyc02g093850.3,wgd,gbM,Solyc03g005090.3,0.111512,0.8683,0.128426,3.62628e-54
1342,Solyc02g093860.3,wgd,Unclassified,Solyc05g014530.1,0.232619,4.27096,0.0544654,4.11737e-77
1343,Solyc02g093970.3,wgd,gbM,Solyc02g068060.3,0.155036,0.743225,0.208599,2.88406e-34
1344,Solyc02g093980.3,wgd,TE-like,Solyc03g005060.3,0.248432,0.827225,0.30032,1.96689e-33
1345,Solyc02g093990.3,wgd,Unclassified,Solyc03g005050.3,0.226353,1.71424,0.132042,2.66483e-21
1346,Solyc02g094000.1,wgd,Unclassified,Solyc03g005040.1,0.153648,3.40457,0.0451299,2.55755e-18
1347,Solyc02g094030.3,wgd,gbM,Solyc03g005030.3,0.328755,1.56804,0.209659,8.47183e-12
1348,Solyc02g094040.3,wgd,Unclassified,Solyc03g005020.3,0.204146,1.42392,0.143369,6.58136e-33
1349,Solyc02g094060.3,wgd,gbM,Solyc02g068080.3,0.110172,0.706171,0.156013,3.91718e-61
1350,Solyc02g094130.3,wgd,TE-like,Solyc02g068120.3,0.164024,0.666421,0.246126,7.78575e-13
1351,Solyc02g094140.3,wgd,TE-like,Solyc02g068130.3,0.246978,1.6977,0.145478,4.67947e-20
1352,Solyc02g094190.3,wgd,gbM,Solyc02g068140.3,0.0909277,1.05521,0.0861698,3.13013e-74
1353,Solyc02g094200.3,wgd,Unmethylated,Solyc02g068150.3,0.123227,2.68023,0.0459763,2.2051e-23
1354,Solyc02g094210.1,wgd,Unmethylated,Solyc02g068160.1,0.462403,3.02783,0.152718,9.04654e-12
1355,Solyc02g094230.1,wgd,Unclassified,Solyc02g068170.1,0.355988,1.58458,0.224657,9.43537e-10
1356,Solyc02g094290.1,wgd,Unclassified,Solyc02g068200.1,0.21269,3.16991,0.0670967,1.31298e-22
1357,Solyc02g094350.3,wgd,TE-like,Solyc02g068230.3,0.108504,0.994948,0.109054,1.662e-13
1358,Solyc03g005020.3,wgd,Unclassified,Solyc02g094040.3,0.204146,1.42392,0.143369,6.58136e-33
1359,Solyc03g005030.3,wgd,Unclassified,Solyc02g094030.3,0.328755,1.56804,0.209659,8.47183e-12
1360,Solyc03g005040.1,wgd,Unclassified,Solyc02g094000.1,0.153648,3.40457,0.0451299,2.55755e-18
1361,Solyc03g005050.3,wgd,gbM,Solyc02g093990.3,0.226353,1.71424,0.132042,2.66483e-21
1362,Solyc03g005060.3,wgd,gbM,Solyc02g093980.3,0.248432,0.827225,0.30032,1.96689e-33
1363,Solyc03g005090.3,wgd,gbM,Solyc02g093850.3,0.111512,0.8683,0.128426,3.62628e-54
1364,Solyc03g005100.3,wgd,Unclassified,Solyc02g093790.3,0.0986915,1.49867,0.0658525,2.21243e-58
1365,Solyc03g005120.3,wgd,Unclassified,Solyc02g093700.3,0.109675,1.02467,0.107034,4.14508e-28
1366,Solyc03g005140.2,wgd,TE-like,Solyc06g054270.3,0.0941468,2.17349,0.043316,2.90648e-87
1367,Solyc03g005200.3,wgd,Unclassified,Solyc06g054060.1,0.626038,3.14373,0.199138,4.87304e-07
1368,Solyc03g005210.3,wgd,Unclassified,Solyc06g054030.2,0.566237,3.59819,0.157367,1.49968e-15
1369,Solyc03g005227.1,wgd,Unclassified,Solyc09g082710.3,0.0260941,1.06909,0.0244078,4.16468e-28
1370,Solyc03g005240.2,wgd,TE-like,Solyc06g053930.3,0.151403,0.499593,0.303052,1.05629e-05
1371,Solyc03g005270.3,wgd,Unclassified,Solyc09g082770.3,0.115522,0.730566,0.158127,7.75393e-19
1372,Solyc03g005310.3,wgd,TE-like,Solyc09g083000.3,0.126567,0.832116,0.152103,2.14399e-28
1373,Solyc03g005320.3,wgd,TE-like,Solyc09g083050.3,0.0621507,1.52886,0.0406517,2.17368e-113
1374,Solyc03g005330.1,wgd,TE-like,Solyc09g083090.3,0.243303,1.81064,0.134374,8.46027e-37
1375,Solyc03g005340.3,wgd,TE-like,Solyc09g083105.1,0.296484,2.21277,0.133988,1.19147e-13
1376,Solyc03g005350.3,wgd,TE-like,Solyc09g083220.3,0.133605,0.864975,0.154461,2.33866e-24
1377,Solyc03g005355.1,wgd,Unclassified,Solyc06g053840.3,0.131297,1.10146,0.119202,7.15885e-15
1378,Solyc03g005410.3,wgd,TE-like,Solyc09g083330.3,0.0715687,0.797449,0.0897471,2.47259e-46
1379,Solyc03g005430.3,wgd,TE-like,Solyc09g089550.3,0.560985,2.13035,0.26333,3.89172e-16
1380,Solyc03g005440.3,wgd,TE-like,Solyc09g089570.3,0.301644,1.0742,0.280809,0.000340439
1381,Solyc03g005470.3,wgd,TE-like,Solyc09g089670.3,0.144273,0.613834,0.235035,9.46917e-10
1382,Solyc03g005480.3,wgd,Unclassified,Solyc09g089860.3,0.120053,1.20604,0.0995438,1.00496e-43
1383,Solyc03g005490.3,wgd,TE-like,Solyc06g053640.1,0.302871,1.44,0.210327,7.73492e-18
1384,Solyc03g005500.1,wgd,Unclassified,Solyc09g089910.1,0.127953,3.1233,0.0409673,1.79475e-32
1385,Solyc03g005520.1,wgd,TE-like,Solyc09g089930.2,0.283504,4.11295,0.0689295,1.46967e-22
1386,Solyc03g005530.1,wgd,Unclassified,Solyc09g090070.1,0.126865,4.4269,0.0286577,4.56958e-158
1387,Solyc03g005570.3,wgd,TE-like,Solyc09g090130.3,0.226036,0.876905,0.257765,9.61233e-11
1388,Solyc03g005580.2,wgd,TE-like,Solyc09g090150.3,0.313878,1.52775,0.205451,2.92291e-39
1389,Solyc03g005600.3,wgd,gbM,Solyc09g090190.3,0.0599846,0.789898,0.0759397,1.27237e-67
1390,Solyc03g005620.3,wgd,TE-like,Solyc09g090320.2,0.161666,1.32126,0.122357,1.68241e-70
1391,Solyc03g005630.3,wgd,TE-like,Solyc09g090480.2,0.192847,1.30401,0.147887,1.04134e-89
1392,Solyc03g005680.3,wgd,gbM,Solyc09g090520.3,0.0908349,0.531963,0.170754,1.05163e-25
1393,Solyc03g005690.3,wgd,TE-like,Solyc09g090680.3,0.115847,1.34769,0.0859599,7.28063e-38
1394,Solyc03g005730.3,wgd,TE-like,Solyc09g090900.3,0.0842852,1.56966,0.0536964,9.74563e-71
1395,Solyc03g005760.1,wgd,Unmethylated,Solyc02g071030.2,0.030588,0.881965,0.0346816,1.84534e-42
1396,Solyc03g005810.3,wgd,Unclassified,Solyc02g071060.3,0.580518,3.94454,0.14717,3.39859e-22
1397,Solyc03g005820.3,wgd,Unclassified,Solyc02g071080.2,0.543463,1.60868,0.337832,8.98125e-16
1398,Solyc03g005830.3,wgd,TE-like,Solyc02g071120.3,0.0588329,0.530889,0.11082,9.37678e-42
1399,Solyc03g005840.2,wgd,TE-like,Solyc02g071140.3,0.244117,1.83366,0.133131,3.64812e-25
1400,Solyc03g005850.2,wgd,gbM,Solyc02g071320.3,0.478187,0.515659,0.927333,0.931144
1401,Solyc03g005860.3,wgd,gbM,Solyc02g071340.2,0.268019,2.17113,0.123447,3.19891e-152
1402,Solyc03g005880.3,wgd,TE-like,Solyc02g071520.3,0.107942,1.07304,0.100595,4.03868e-28
1403,Solyc03g005900.3,wgd,TE-like,Solyc02g071610.3,0.0989848,3.35032,0.0295449,7.0343e-41
1404,Solyc03g005910.3,wgd,TE-like,Solyc02g071675.1,0.288547,2.71544,0.106262,7.96014e-13
1405,Solyc03g005920.3,wgd,TE-like,Solyc02g071740.3,0.104027,0.889447,0.116957,6.04689e-42
1406,Solyc03g005930.3,wgd,Unclassified,Solyc02g071750.3,0.150197,0.83607,0.179647,2.08138e-14
1407,Solyc03g005940.3,wgd,TE-like,Solyc02g071760.3,0.13023,2.17345,0.0599186,1.84737e-34
1408,Solyc03g005960.3,wgd,TE-like,Solyc02g071880.3,0.621622,4.7508,0.130846,3.5542e-75
1409,Solyc03g005980.3,wgd,TE-like,Solyc02g071910.1,0.460676,2.01091,0.229088,7.44155e-10
1410,Solyc03g005990.3,wgd,TE-like,Solyc02g071990.3,0.0685221,0.721997,0.0949064,1.91666e-36
1411,Solyc03g006000.3,wgd,gbM,Solyc02g072000.3,0.161101,0.759452,0.212128,2.237e-22
1412,Solyc03g006010.3,wgd,TE-like,Solyc02g072040.3,0.137159,1.27941,0.107205,3.37795e-50
1413,Solyc03g006020.3,wgd,TE-like,Solyc02g072100.3,0.128217,1.07214,0.11959,7.40746e-12
1414,Solyc03g006050.3,wgd,Unclassified,Solyc02g072250.1,0.186684,4.11694,0.0453453,2.50438e-66
1415,Solyc03g006060.3,wgd,Unclassified,NA,NA,NA,NA,NA
1416,Solyc03g006070.3,wgd,TE-like,Solyc02g072300.3,0.0293275,0.915814,0.0320234,2.58865e-60
1417,Solyc03g006100.3,wgd,TE-like,Solyc02g072390.2,0.482079,2.19135,0.219992,2.39111e-11
1418,Solyc03g006110.3,wgd,TE-like,Solyc02g072530.2,0.341482,4.30664,0.0792919,2.06674e-61
1419,Solyc03g006120.3,wgd,TE-like,Solyc02g075625.1,0.363536,3.60457,0.100854,2.99262e-16
1420,Solyc03g006130.3,wgd,TE-like,Solyc02g076660.3,0.20599,1.02144,0.201667,4.85521e-45
1421,Solyc03g006150.2,wgd,TE-like,Solyc02g076670.3,0.268294,2.33991,0.11466,5.68916e-28
1422,Solyc03g006160.1,wgd,TE-like,Solyc02g076800.1,0.226075,3.3357,0.0677744,2.89934e-35
1423,Solyc03g006170.3,wgd,TE-like,Solyc02g076860.3,0.402434,3.44693,0.116751,1.90792e-22
1424,Solyc03g006173.1,wgd,TE-like,Solyc02g076890.1,0.220143,0.877142,0.250977,7.04306e-06
1425,Solyc03g006200.2,wgd,TE-like,Solyc07g053460.3,0.415017,3.84613,0.107905,1.50199e-45
1426,Solyc03g006210.2,wgd,TE-like,Solyc02g077040.4,0.295582,2.76575,0.106872,3.63905e-27
1427,Solyc03g006220.3,wgd,Unclassified,Solyc02g077080.3,0.0929004,1.27522,0.0728503,6.35413e-20
1428,Solyc03g006240.3,wgd,TE-like,Solyc02g077120.3,0.377836,3.54122,0.106697,2.11973e-28
1429,Solyc03g006260.3,wgd,TE-like,Solyc02g077270.3,0.198051,0.850054,0.232987,3.38196e-34
1430,Solyc03g006270.3,wgd,TE-like,Solyc07g053480.3,0.0791984,3.73087,0.0212279,2.51542e-77
1431,Solyc03g006290.3,wgd,TE-like,Solyc02g077540.3,0.146088,1.7665,0.0826994,2.6192e-29
1432,Solyc03g006300.2,wgd,TE-like,Solyc07g053600.3,0.304534,4.85298,0.0627519,7.30587e-188
1433,Solyc03g006310.3,wgd,Unclassified,Solyc07g053670.3,0.41161,1.5352,0.268115,2.5852e-07
1434,Solyc03g006320.1,wgd,Unmethylated,Solyc02g077840.1,0.405892,3.46604,0.117105,3.55346e-29
1435,Solyc03g006330.3,wgd,TE-like,Solyc02g077850.3,0.14262,0.655235,0.217662,4.16516e-32
1436,Solyc03g006360.3,wgd,TE-like,Solyc02g077880.3,0.120423,1.40492,0.0857155,3.3157e-21
1437,Solyc03g006400.3,wgd,gbM,Solyc02g078140.3,0.129945,0.791694,0.164135,5.89932e-36
1438,Solyc03g006410.3,wgd,TE-like,Solyc02g078150.3,0.21786,1.89633,0.114885,1.24774e-38
1439,Solyc03g006430.3,wgd,gbM,Solyc02g078180.3,0.0949345,0.688875,0.137811,1.20621e-42
1440,Solyc03g006440.2,wgd,TE-like,Solyc02g078410.1,0.244379,1.42882,0.171036,2.23456e-16
1441,Solyc03g006470.3,wgd,Unclassified,Solyc02g078480.3,0.165477,1.80585,0.0916338,1.33132e-43
1442,Solyc03g006490.3,wgd,Unmethylated,Solyc02g078500.2,0.0840232,1.71978,0.048857,8.06606e-40
1443,Solyc03g006500.3,wgd,TE-like,Solyc02g078530.3,0.143519,0.905826,0.15844,7.66992e-26
1444,Solyc03g006510.3,wgd,Unclassified,Solyc02g078540.3,0.140455,0.809699,0.173466,2.5774e-24
1445,Solyc03g006520.3,wgd,gbM,Solyc02g078610.3,0.0836054,1.18321,0.0706596,7.04867e-58
1446,Solyc03g006530.3,wgd,TE-like,Solyc02g078660.3,0.260569,1.23172,0.211549,2.06397e-31
1447,Solyc03g006580.3,wgd,gbM,Solyc02g078700.3,0.150343,0.964107,0.15594,1.86612e-15
1448,Solyc03g006590.3,wgd,TE-like,Solyc02g078720.3,0.158538,1.14858,0.13803,8.35863e-12
1449,Solyc03g006600.1,wgd,Unclassified,Solyc02g078760.1,0.48071,2.5126,0.19132,8.53752e-11
1450,Solyc03g006610.3,wgd,TE-like,Solyc07g063550.3,0.544397,1.95133,0.278987,1.08451e-21
1451,Solyc03g006620.3,wgd,TE-like,Solyc07g063560.3,0.496061,2.52359,0.196569,2.9847e-22
1452,Solyc03g006630.3,wgd,TE-like,Solyc02g079030.3,0.165566,0.836434,0.197943,8.34722e-28
1453,Solyc03g006640.3,wgd,TE-like,Solyc02g079150.2,0.303244,1.47569,0.205494,1.42886e-13
1454,Solyc03g006650.2,wgd,TE-like,Solyc02g079220.3,0.081753,1.38535,0.0590126,9.07325e-87
1455,Solyc03g006670.3,wgd,TE-like,Solyc02g079370.3,0.275669,1.00756,0.273602,1.17319e-11
1456,Solyc03g006680.3,wgd,Unmethylated,Solyc02g079410.2,0.0794921,1.07352,0.0740483,1.27236e-35
1457,Solyc03g006690.1,wgd,Unclassified,Solyc02g079440.2,0.26434,3.53028,0.0748777,4.77364e-31
1458,Solyc03g006700.3,wgd,TE-like,Solyc02g079500.4,0.285919,4.0045,0.0713995,6.24595e-53
1459,Solyc03g006710.1,wgd,TE-like,Solyc02g079520.2,0.109014,3.12838,0.0348467,3.3727e-30
1460,Solyc03g006720.1,wgd,gbM,Solyc02g079540.2,0.492706,4.67495,0.105393,1.2388e-90
1461,Solyc03g006730.2,wgd,gbM,Solyc02g079630.2,0.547926,4.95085,0.110673,3.10736e-144
1462,Solyc03g006770.3,wgd,TE-like,Solyc02g079710.3,0.512786,4.54375,0.112855,1.06644e-98
1463,Solyc03g006790.2,wgd,TE-like,Solyc07g063770.3,0.343046,3.4839,0.0984661,9.44056e-40
1464,Solyc03g006830.3,wgd,TE-like,Solyc06g035555.1,0.280408,1.41918,0.197584,1.66345e-06
1465,Solyc03g006880.3,wgd,TE-like,Solyc06g035530.3,0.138251,1.29568,0.106701,3.56356e-52
1466,Solyc03g006910.3,wgd,Unclassified,Solyc06g035490.3,0.451078,3.63965,0.123934,2.34282e-20
1467,Solyc03g007010.3,wgd,gbM,Solyc06g035450.3,0.120985,1.03756,0.116606,2.1299e-37
1468,Solyc03g007060.3,wgd,gbM,Solyc06g035440.3,0.289011,0.882983,0.327312,2.46552e-11
1469,Solyc03g007150.3,wgd,gbM,Solyc06g035430.3,0.190724,0.695069,0.274396,9.11815e-15
1470,Solyc03g007230.3,wgd,Unclassified,Solyc08g082260.2,0.431303,4.10507,0.105066,2.38633e-41
1471,Solyc03g007250.1,wgd,gbM,Solyc01g095770.3,0.138035,3.8232,0.0361046,2.51157e-54
1472,Solyc03g007320.3,wgd,TE-like,Solyc08g082180.3,0.14014,2.24544,0.0624109,1.49814e-35
1473,Solyc03g007380.2,wgd,TE-like,Solyc01g095630.3,0.611904,3.81532,0.160381,6.59591e-28
1474,Solyc03g007420.3,wgd,TE-like,Solyc08g082000.3,0.763491,4.1684,0.183162,2.20669e-33
1475,Solyc03g007430.3,wgd,TE-like,Solyc01g095510.3,0.254275,1.86403,0.136412,2.69046e-49
1476,Solyc03g007460.2,wgd,Unmethylated,Solyc08g081960.2,0.563532,4.01367,0.140403,1.13567e-25
1477,Solyc03g007470.3,wgd,Unclassified,Solyc08g081950.3,0.0140924,3.32195,0.0042422,1.32125e-55
1478,Solyc03g007520.3,wgd,Unclassified,Solyc06g036500.1,0.291474,0.509323,0.572277,0.0441506
1479,Solyc03g007530.3,wgd,gbM,Solyc06g036480.2,0.093956,0.787327,0.119335,9.98632e-15
1480,Solyc03g007590.3,wgd,TE-like,Solyc06g036340.3,0.131481,0.568279,0.231368,3.771e-12
1481,Solyc03g007660.3,wgd,Unclassified,Solyc06g036350.3,0.0482246,1.02634,0.046987,9.01091e-30
1482,Solyc03g007670.3,wgd,gbM,Solyc06g036420.2,0.166336,0.531394,0.313018,1.40927e-13
1483,Solyc03g007710.3,wgd,Unmethylated,Solyc08g081710.3,0.635948,6.35444,0.100079,1.33621e-17
1484,Solyc03g007740.3,wgd,TE-like,Solyc06g036430.3,0.120723,0.629451,0.19179,2.20246e-17
1485,Solyc03g007770.3,wgd,gbM,Solyc06g036440.2,0.195497,1.15566,0.169165,8.94253e-45
1486,Solyc03g007775.1,wgd,Unclassified,Solyc06g036460.3,0.381529,2.95616,0.129062,9.21899e-13
1487,Solyc03g007790.3,wgd,gbM,Solyc06g036470.2,0.149345,0.853822,0.174914,8.84689e-34
1488,Solyc03g007870.3,wgd,Unmethylated,Solyc06g036310.3,0.195956,1.02335,0.191485,1.97052e-10
1489,Solyc03g007890.3,wgd,Unclassified,Solyc06g036290.3,0.0217315,1.16592,0.018639,2.8685e-133
1490,Solyc03g007940.3,wgd,gbM,Solyc08g081480.3,0.225804,4.2873,0.0526682,2.17093e-91
1491,Solyc03g007960.3,wgd,Unclassified,Solyc06g036260.3,0.145063,1.28781,0.112644,3.86727e-26
1492,Solyc03g007995.1,wgd,gbM,Solyc06g036250.1,0.173012,0.9073,0.190689,4.91964e-10
1493,Solyc03g019680.3,wgd,gbM,Solyc06g072050.3,0.0834492,0.545455,0.15299,3.79733e-39
1494,Solyc03g019700.1,wgd,Unmethylated,Solyc06g072060.1,0.442623,2.98654,0.148206,2.16926e-12
1495,Solyc03g019760.3,wgd,Unclassified,Solyc06g072090.2,0.105147,1.91627,0.0548704,1.86884e-89
1496,Solyc03g019770.3,wgd,gbM,Solyc06g072110.3,0.23323,1.07737,0.216481,5.34579e-41
1497,Solyc03g019780.3,wgd,Unclassified,Solyc06g072120.3,0.0522696,0.613648,0.0851784,2.81637e-29
1498,Solyc03g019820.3,wgd,Unclassified,Solyc06g072130.3,0.105906,1.40844,0.0751939,3.65862e-41
1499,Solyc03g019900.3,wgd,TE-like,Solyc06g072140.3,0.0139436,1.13771,0.0122559,1.00539e-60
1500,Solyc03g020010.1,wgd,Unclassified,Solyc06g072210.1,0.51028,3.59996,0.141746,5.90338e-15
1501,Solyc03g025170.1,wgd,Unclassified,Solyc06g036170.1,0.201245,1.24106,0.162155,1.78019e-48
1502,Solyc03g025190.4,wgd,TE-like,Solyc06g036130.3,0.115444,1.70392,0.0677518,2.53124e-65
1503,Solyc03g025340.1,wgd,Unmethylated,Solyc06g036110.1,0.154197,2.01375,0.0765721,1.23536e-45
1504,Solyc03g025350.3,wgd,gbM,Solyc06g036100.3,0.130029,1.08427,0.119923,3.84601e-52
1505,Solyc03g025360.3,wgd,TE-like,Solyc06g036080.3,0.103607,0.619753,0.167175,3.13439e-48
1506,Solyc03g025420.3,wgd,TE-like,Solyc06g036070.3,0.102957,0.571509,0.18015,4.82342e-20
1507,Solyc03g025440.3,wgd,gbM,Solyc06g036060.3,0.274265,0.832982,0.329256,1.18024e-20
1508,Solyc03g025450.3,wgd,TE-like,Solyc01g094660.3,0.504892,4.53652,0.111295,3.8273e-46
1509,Solyc03g025490.3,wgd,gbM,Solyc01g094590.3,0.269404,2.11103,0.127617,1.34646e-36
1510,Solyc03g025510.3,wgd,TE-like,Solyc01g094570.3,0.250001,2.28198,0.109555,8.77938e-57
1511,Solyc03g025520.3,wgd,Unclassified,Solyc06g036050.3,0.131289,1.1479,0.114373,2.39483e-12
1512,Solyc03g025530.3,wgd,TE-like,Solyc06g036020.1,0.473203,1.23026,0.384636,0.000516472
1513,Solyc03g025730.3,wgd,Unclassified,Solyc06g035970.3,0.0139885,1.09192,0.0128109,6.63306e-83
1514,Solyc03g025740.3,wgd,gbM,Solyc01g094400.3,0.159617,2.19935,0.0725744,1.33116e-26
1515,Solyc03g025760.3,wgd,TE-like,Solyc01g094380.2,0.328052,4.25149,0.0771617,3.61166e-70
1516,Solyc03g025830.3,wgd,TE-like,Solyc08g080780.3,0.533158,2.74675,0.194105,1.00854e-55
1517,Solyc03g025850.3,wgd,Unclassified,Solyc06g035920.3,0.190554,0.647334,0.294368,3.36431e-08
1518,Solyc03g025950.3,wgd,gbM,Solyc06g035870.3,0.141229,0.671523,0.210312,3.59227e-13
1519,Solyc03g025970.3,wgd,gbM,Solyc08g080690.3,0.745515,4.28734,0.173888,4.41356e-56
1520,Solyc03g026020.3,wgd,Unmethylated,Solyc08g080540.3,0.388678,2.34916,0.165454,8.78607e-29
1521,Solyc03g026080.3,wgd,gbM,Solyc08g080500.3,0.196448,4.01983,0.0488697,6.61255e-73
1522,Solyc03g026110.3,wgd,gbM,Solyc08g080470.3,0.591188,2.07663,0.284686,1.38442e-22
1523,Solyc03g026120.3,wgd,Unclassified,Solyc06g035790.3,0.113804,1.82259,0.0624409,3.63558e-85
1524,Solyc03g026130.3,wgd,Unclassified,Solyc08g080380.3,0.417514,4.3776,0.0953752,1.3101e-48
1525,Solyc03g026170.3,wgd,gbM,Solyc08g080360.3,0.358725,3.90353,0.0918977,9.33409e-38
1526,Solyc03g026220.3,wgd,Unclassified,Solyc08g080320.3,0.359524,3.45715,0.103994,4.35803e-28
1527,Solyc03g026230.1,wgd,Unclassified,Solyc06g035710.1,0.135118,2.05835,0.0656438,1.33683e-97
1528,Solyc03g026280.3,wgd,Unclassified,Solyc06g035700.1,0.510125,3.60484,0.141511,6.12015e-16
1529,Solyc03g026290.3,wgd,TE-like,Solyc06g035690.3,0.132935,0.732339,0.181521,1.03434e-22
1530,Solyc03g031420.1,wgd,Unclassified,Solyc08g080180.1,0.357632,4.41028,0.0810905,5.16249e-88
1531,Solyc03g031440.3,wgd,gbM,Solyc02g079750.3,0.236882,1.89312,0.125128,4.34047e-23
1532,Solyc03g031450.3,wgd,TE-like,Solyc02g079760.3,0.293675,1.58105,0.185747,1.29639e-24
1533,Solyc03g031460.1,wgd,Unclassified,Solyc02g079820.3,0.526717,3.8214,0.137834,1.72672e-22
1534,Solyc03g031530.3,wgd,TE-like,Solyc02g079980.3,0.140978,2.77274,0.0508444,2.8105e-60
1535,Solyc03g031535.1,wgd,TE-like,Solyc02g079990.3,0.342953,2.95089,0.11622,9.40519e-25
1536,Solyc03g031580.2,wgd,NA,Solyc02g080920.2,0.269962,1.72201,0.156771,6.07491e-12
1537,Solyc03g031600.3,wgd,TE-like,Solyc02g080820.3,0.079502,0.665498,0.119462,7.10981e-19
1538,Solyc03g031620.3,wgd,gbM,Solyc02g080640.3,0.0898279,0.76945,0.116743,2.05476e-38
1539,Solyc03g031650.3,wgd,TE-like,Solyc02g080590.3,0.170615,1.44058,0.118435,2.03199e-15
1540,Solyc03g031680.3,wgd,TE-like,Solyc02g080500.3,0.133503,0.706754,0.188896,3.14114e-31
1541,Solyc03g031700.3,wgd,TE-like,Solyc02g080440.3,0.0619797,1.09554,0.0565748,2.54664e-61
1542,Solyc03g031720.3,wgd,TE-like,Solyc02g080420.3,0.0850205,0.990161,0.0858653,1.14074e-42
1543,Solyc03g031730.3,wgd,TE-like,Solyc02g080290.3,0.150575,1.64039,0.0917928,4.55952e-53
1544,Solyc03g031750.2,wgd,gbM,Solyc02g080270.3,0.0480955,0.755414,0.0636678,9.22972e-30
1545,Solyc03g031760.3,wgd,TE-like,Solyc02g080260.3,0.100154,1.52682,0.0655967,1.22975e-89
1546,Solyc03g031770.3,wgd,Unclassified,Solyc02g080230.3,0.267877,0.673901,0.397502,0.000145303
1547,Solyc03g031790.1,wgd,Unmethylated,Solyc02g080180.1,0.262016,1.48342,0.176629,2.15748e-21
1548,Solyc03g031800.3,wgd,Unclassified,Solyc02g080160.3,0.155271,1.49871,0.103603,2.09062e-37
1549,Solyc03g031830.1,wgd,TE-like,Solyc02g081180.2,0.302656,2.72287,0.111153,2.06208e-13
1550,Solyc03g031840.3,wgd,Unclassified,Solyc02g081210.3,0.0815038,2.68488,0.0303565,2.76822e-50
1551,Solyc03g031850.1,wgd,Unclassified,Solyc02g081230.3,0.147858,1.01272,0.146,8.2026e-21
1552,Solyc03g031860.3,wgd,TE-like,Solyc02g081330.4,0.104087,0.914024,0.113877,3.29352e-40
1553,Solyc03g031870.2,wgd,TE-like,Solyc02g081350.3,0.120651,1.58583,0.0760809,1.6233e-91
1554,Solyc03g031880.3,wgd,gbM,Solyc02g081390.3,0.078099,1.05892,0.0737533,4.29068e-58
1555,Solyc03g031900.2,wgd,gbM,Solyc02g081420.3,0.463903,7.13394,0.0650276,1.29649e-80
1556,Solyc03g031920.3,wgd,gbM,Solyc02g081570.3,0.096102,1.14567,0.083883,8.92509e-89
1557,Solyc03g031940.3,wgd,TE-like,Solyc02g037490.1,0.270242,4.41511,0.0612085,4.3359e-82
1558,Solyc03g031970.3,wgd,TE-like,Solyc02g037530.3,0.0813245,0.679936,0.119606,8.51272e-63
1559,Solyc03g031990.3,wgd,gbM,Solyc02g037550.3,0.340422,3.86807,0.0880083,7.58883e-35
1560,Solyc03g032000.3,wgd,Unclassified,Solyc02g082250.3,0.0660164,2.2488,0.0293563,4.75105e-67
1561,Solyc03g032010.3,wgd,Unclassified,Solyc02g038740.3,0.106638,1.10206,0.0967628,1.06109e-59
1562,Solyc03g032040.3,wgd,TE-like,Solyc02g082410.3,0.0854395,1.0254,0.0833229,6.06305e-72
1563,Solyc03g032060.1,wgd,Unmethylated,Solyc00g007220.3,0.36362,1.35582,0.268192,1.61943e-09
1564,Solyc03g032080.3,wgd,TE-like,Solyc02g082450.3,0.159608,1.11201,0.143531,2.88843e-31
1565,Solyc03g032090.1,wgd,TE-like,Solyc02g082510.1,0.0975868,1.26526,0.077128,5.96815e-60
1566,Solyc03g032100.2,wgd,TE-like,Solyc02g082570.2,0.212653,0.622474,0.341625,1.38953e-09
1567,Solyc03g032110.2,wgd,TE-like,Solyc02g082680.3,0.294737,0.704284,0.418491,4.69121e-13
1568,Solyc03g032140.3,wgd,TE-like,Solyc00g007070.3,0.125119,0.570228,0.219419,8.47411e-13
1569,Solyc03g032150.3,wgd,TE-like,Solyc00g007060.3,0.128709,0.658828,0.195361,3.59515e-27
1570,Solyc03g032160.3,wgd,TE-like,Solyc02g082800.3,0.109621,0.575729,0.190404,1.03575e-35
1571,Solyc03g032180.3,wgd,TE-like,Solyc02g082810.3,0.278089,0.907778,0.30634,2.78776e-16
1572,Solyc03g032190.3,wgd,gbM,Solyc02g082820.3,0.136631,0.989531,0.138076,1.34797e-35
1573,Solyc03g032210.3,wgd,gbM,Solyc02g082870.3,0.177191,1.90858,0.092839,1.1512e-60
1574,Solyc03g032230.1,wgd,Unclassified,Solyc02g083000.1,0.355697,2.92224,0.121721,2.97364e-28
1575,Solyc03g032245.1,wgd,TE-like,Solyc02g083285.1,0.217594,1.93655,0.112361,4.98519e-18
1576,Solyc03g033310.3,wgd,TE-like,Solyc02g083320.3,0.0783878,0.808688,0.096932,2.47187e-25
1577,Solyc03g033320.3,wgd,gbM,Solyc02g083390.3,0.0968839,0.786348,0.123207,7.89262e-26
1578,Solyc03g033330.3,wgd,Unclassified,Solyc02g083400.3,0.0934062,0.92719,0.100741,4.97758e-28
1579,Solyc03g033340.3,wgd,gbM,Solyc02g083420.3,0.0626102,0.810936,0.0772073,2.14723e-46
1580,Solyc03g033350.3,wgd,TE-like,Solyc02g083460.3,0.342948,2.65561,0.129141,1.45515e-14
1581,Solyc03g033400.3,wgd,TE-like,Solyc02g083560.3,0.0459816,0.82049,0.0560416,1.7557e-94
1582,Solyc03g033410.3,wgd,TE-like,Solyc02g083570.3,0.0396355,0.57994,0.0683442,1.56334e-15
1583,Solyc03g033420.3,wgd,gbM,Solyc02g062020.3,0.0114062,0.830349,0.0137367,1.46519e-34
1584,Solyc03g033430.1,wgd,TE-like,Solyc02g083710.3,0.214577,1.08098,0.198502,8.31165e-09
1585,Solyc03g033460.3,wgd,Unclassified,Solyc02g083740.2,0.140776,1.08028,0.130314,2.40685e-39
1586,Solyc03g033490.2,wgd,TE-like,Solyc02g083790.3,0.200923,1.02707,0.195628,9.74396e-22
1587,Solyc03g033510.3,wgd,TE-like,Solyc02g083820.1,0.110351,1.35865,0.0812213,2.4984e-109
1588,Solyc03g033540.3,wgd,TE-like,Solyc02g083850.3,0.0666004,1.02688,0.0648571,9.87299e-72
1589,Solyc03g033550.3,wgd,TE-like,Solyc02g083910.3,0.273453,1.22165,0.223839,5.68787e-06
1590,Solyc03g033580.3,wgd,TE-like,Solyc02g083990.3,0.104219,0.573591,0.181696,2.64103e-21
1591,Solyc03g033590.1,wgd,NA,Solyc02g084005.1,0.110465,2.35006,0.0470053,1.98605e-16
1592,Solyc03g033600.3,wgd,gbM,Solyc02g084020.3,0.0208603,0.506398,0.0411935,4.41234e-17
1593,Solyc03g033610.1,wgd,gbM,Solyc02g084370.1,0.148907,1.16127,0.128227,9.60114e-87
1594,Solyc03g033630.3,wgd,TE-like,Solyc02g084510.3,0.61391,4.32485,0.14195,1.13043e-15
1595,Solyc03g033640.3,wgd,gbM,Solyc02g084530.2,0.178291,0.833807,0.213828,2.0633e-16
1596,Solyc03g033650.3,wgd,gbM,Solyc02g084550.3,0.2658,0.877605,0.30287,2.88799e-10
1597,Solyc03g033660.3,wgd,Unclassified,Solyc02g062385.1,0.397465,1.79059,0.221974,1.76446e-18
1598,Solyc03g033680.1,wgd,TE-like,Solyc02g062400.3,0.285167,1.83982,0.154997,5.59618e-09
1599,Solyc03g033690.2,wgd,TE-like,Solyc02g062510.3,0.14433,1.53494,0.0940295,1.85222e-35
1600,Solyc03g033700.1,wgd,TE-like,Solyc02g084800.3,0.206946,1.31913,0.15688,3.26258e-09
1601,Solyc03g033730.1,wgd,TE-like,Solyc02g084860.1,0.221544,1.99507,0.111046,6.39645e-11
1602,Solyc03g033750.1,wgd,TE-like,Solyc02g062550.3,0.522356,1.06253,0.491615,0.0415563
1603,Solyc03g033840.3,wgd,TE-like,Solyc02g084900.2,0.402146,4.316,0.0931757,1.13834e-64
1604,Solyc03g033860.1,wgd,Unmethylated,Solyc02g084960.1,0.313805,1.43094,0.2193,1.8916e-12
1605,Solyc03g033980.3,wgd,TE-like,Solyc02g062670.3,0.0974054,0.67236,0.144871,3.13455e-34
1606,Solyc03g034000.3,wgd,TE-like,Solyc02g062690.3,0.29546,2.00589,0.147296,8.43028e-23
1607,Solyc03g034010.3,wgd,TE-like,Solyc02g085140.3,0.264849,0.665908,0.397726,5.10067e-06
1608,Solyc03g034060.3,wgd,TE-like,Solyc02g062780.3,0.186508,1.74217,0.107055,1.73829e-53
1609,Solyc03g034120.3,wgd,TE-like,Solyc02g062960.3,0.325928,3.09712,0.105236,1.39251e-16
1610,Solyc03g034140.3,wgd,TE-like,Solyc02g062965.1,0.225355,1.04333,0.215995,9.2324e-07
1611,Solyc03g034180.3,wgd,gbM,Solyc02g063070.3,0.0364221,0.445144,0.0818209,4.20423e-23
1612,Solyc03g034220.3,wgd,Unclassified,Solyc02g085950.3,0.0249988,0.558785,0.0447378,1.06422e-22
1613,Solyc03g034240.3,wgd,TE-like,Solyc02g086050.3,0.288806,1.5665,0.184364,2.42333e-15
1614,Solyc03g034250.3,wgd,gbM,Solyc02g086110.3,0.15955,0.755651,0.211142,1.71723e-14
1615,Solyc03g034270.3,wgd,TE-like,Solyc02g086220.3,0.101521,0.872347,0.116377,2.18493e-33
1616,Solyc03g034300.1,wgd,Unmethylated,Solyc02g086260.1,0.187431,1.14877,0.163157,5.57197e-15
1617,Solyc03g034320.3,wgd,TE-like,Solyc02g086300.3,0.101209,1.4785,0.0684539,1.99473e-71
1618,Solyc03g034330.1,wgd,Unmethylated,Solyc02g086310.1,0.486053,1.69814,0.286227,1.16522e-05
1619,Solyc03g034400.3,wgd,TE-like,Solyc02g063260.3,0.290044,2.45825,0.117988,2.77137e-55
1620,Solyc03g034410.1,wgd,Unclassified,Solyc02g091180.1,0.162795,2.32106,0.070138,8.91277e-28
1621,Solyc03g034420.1,wgd,TE-like,Solyc02g091190.3,0.18933,0.815062,0.232289,2.49975e-09
1622,Solyc03g034430.1,wgd,gbM,Solyc02g091210.1,0.124755,0.966832,0.129035,8.35132e-42
1623,Solyc03g043640.3,wgd,NA,Solyc02g091300.3,0.144095,1.11562,0.129162,9.48016e-14
1624,Solyc03g043660.3,wgd,TE-like,Solyc02g091410.3,0.0928961,0.836644,0.111034,2.81992e-103
1625,Solyc03g043700.3,wgd,TE-like,Solyc02g091430.3,0.162446,1.05435,0.154072,3.16238e-24
1626,Solyc03g043740.3,wgd,Unmethylated,Solyc02g091700.3,0.233602,1.49492,0.156264,4.48086e-17
1627,Solyc03g043760.3,wgd,TE-like,Solyc02g091730.2,0.296085,1.01779,0.290909,2.85902e-13
1628,Solyc03g043770.3,wgd,Unclassified,Solyc02g091840.3,0.0787949,1.39262,0.0565805,2.04101e-153
1629,Solyc03g043850.3,wgd,Unmethylated,Solyc02g091880.3,0.260645,0.91236,0.285682,0.000214439
1630,Solyc03g043880.3,wgd,gbM,Solyc02g091970.3,0.0880631,0.77309,0.113911,1.34186e-35
1631,Solyc03g043890.3,wgd,TE-like,Solyc02g091990.3,0.0877289,2.37504,0.0369379,4.36345e-104
1632,Solyc03g043900.1,wgd,TE-like,Solyc02g092090.2,0.272889,0.959023,0.284549,7.92651e-10
1633,Solyc03g043910.3,wgd,Unclassified,Solyc02g092160.3,0.236359,0.838904,0.281748,9.73585e-16
1634,Solyc03g043920.3,wgd,TE-like,Solyc02g092210.1,0.334375,4.20674,0.0794856,8.77006e-60
1635,Solyc03g043930.3,wgd,gbM,Solyc02g092230.3,0.125694,0.672547,0.186893,3.87272e-27
1636,Solyc03g043950.3,wgd,TE-like,Solyc02g092260.3,0.11903,0.788742,0.150912,5.87768e-47
1637,Solyc03g043960.3,wgd,Unclassified,Solyc02g092330.3,0.0317203,0.574392,0.0552242,1.18342e-22
1638,Solyc03g043970.2,wgd,TE-like,Solyc02g092360.3,0.227961,0.803595,0.283677,6.77757e-09
1639,Solyc03g044010.3,wgd,gbM,Solyc02g092440.3,0.0649563,0.877148,0.074054,1.10068e-35
1640,Solyc03g044060.3,wgd,gbM,Solyc02g092470.3,0.213878,1.25967,0.169788,4.28117e-61
1641,Solyc03g044090.3,wgd,TE-like,Solyc02g092480.3,0.170948,0.996572,0.171536,7.87512e-44
1642,Solyc03g044100.3,wgd,TE-like,Solyc02g092580.3,0.103262,3.34095,0.0309079,4.07462e-52
1643,Solyc03g044140.3,wgd,TE-like,Solyc02g092640.3,0.0262986,0.649293,0.0405035,1.35924e-43
1644,Solyc03g044150.3,wgd,gbM,Solyc02g092670.1,0.116088,1.44193,0.0805083,4.53688e-109
1645,Solyc03g044180.1,wgd,TE-like,Solyc02g092890.1,0.345993,3.16877,0.109188,2.47833e-06
1646,Solyc03g044220.1,wgd,Unclassified,Solyc02g092990.1,0.158798,1.25791,0.12624,1.5531e-50
1647,Solyc03g044230.1,wgd,TE-like,Solyc02g093040.3,0.215258,1.35442,0.158929,1.38467e-26
1648,Solyc03g044260.3,wgd,gbM,Solyc02g093110.3,0.039674,0.749972,0.0529006,1.10793e-24
1649,Solyc03g044300.3,wgd,Unclassified,Solyc02g093150.3,0.142325,2.1713,0.0655483,4.1508e-51
1650,Solyc03g044380.3,wgd,TE-like,Solyc02g093190.3,0.220654,1.05101,0.209944,2.71133e-17
1651,Solyc03g044430.3,wgd,TE-like,Solyc02g093290.3,0.0690416,0.692067,0.0997613,9.14256e-54
1652,Solyc03g044830.3,wgd,TE-like,Solyc02g090150.1,0.190456,1.66157,0.114624,1.81953e-55
1653,Solyc03g044860.1,wgd,gbM,Solyc02g089990.1,0.241022,1.96062,0.122932,2.23737e-13
1654,Solyc03g044910.1,wgd,Unmethylated,Solyc02g089860.1,0.118106,2.00947,0.0587748,9.84553e-60
1655,Solyc03g044950.2,wgd,TE-like,Solyc02g089840.3,0.506878,3.20536,0.158134,2.73188e-07
1656,Solyc03g045030.1,wgd,Unclassified,Solyc02g089830.2,0.538771,1.86552,0.288805,2.61719e-08
1657,Solyc03g045050.3,wgd,TE-like,Solyc02g089800.3,0.216543,0.70364,0.307747,5.8343e-31
1658,Solyc03g045090.3,wgd,gbM,Solyc02g089780.3,0.099613,1.2612,0.0789827,2.11194e-20
1659,Solyc03g046200.1,wgd,TE-like,Solyc02g089720.2,0.13762,1.63426,0.0842092,9.69737e-85
1660,Solyc03g046270.3,wgd,TE-like,Solyc02g089670.3,0.331945,4.08573,0.081245,5.6159e-62
1661,Solyc03g046350.3,wgd,TE-like,Solyc02g089600.3,0.217361,0.659644,0.329513,1.30117e-09
1662,Solyc03g046440.2,wgd,Unclassified,Solyc02g089420.1,0.249456,0.955152,0.261169,5.59411e-09
1663,Solyc03g046450.3,wgd,TE-like,Solyc02g089390.2,0.0451268,0.603271,0.0748035,1.86586e-229
1664,Solyc03g046580.1,wgd,gbM,Solyc02g089250.3,0.289473,1.27121,0.227714,5.10899e-10
1665,Solyc03g070400.2,wgd,TE-like,Solyc02g089175.1,0.113721,0.713197,0.159453,2.52447e-21
1666,Solyc03g070440.3,wgd,gbM,Solyc02g089115.1,0.255856,3.68616,0.06941,9.75398e-73
1667,Solyc03g070480.1,wgd,Unmethylated,Solyc02g089060.3,0.265739,1.42574,0.186387,3.10979e-09
1668,Solyc03g071560.3,wgd,Unclassified,Solyc11g008210.2,0.139006,0.574188,0.242091,3.63868e-13
1669,Solyc03g071570.3,wgd,Unclassified,Solyc11g008140.2,0.228714,1.88067,0.121613,8.8154e-62
1670,Solyc03g071590.3,wgd,TE-like,Solyc11g007990.2,0.0644614,0.997944,0.0645942,1.6004e-62
1671,Solyc03g071620.1,wgd,Unmethylated,Solyc11g007920.1,0.019744,1.43637,0.0137457,1.2169e-35
1672,Solyc03g071670.1,wgd,TE-like,Solyc11g007910.2,0.147752,1.07333,0.137658,2.62675e-33
1673,Solyc03g071710.1,wgd,Unmethylated,NA,NA,NA,NA,NA
1674,Solyc03g071750.3,wgd,TE-like,Solyc11g007760.2,0.0457474,0.663451,0.0689537,1.50011e-56
1675,Solyc03g079960.3,wgd,Unclassified,Solyc06g073000.3,0.144525,1.22029,0.118436,1.1653e-29
1676,Solyc03g080040.1,wgd,Unmethylated,Solyc06g073020.3,0.244972,2.18729,0.111998,1.93417e-10
1677,Solyc03g080050.3,wgd,gbM,Solyc06g073030.2,0.121913,0.729665,0.167081,8.88631e-16
1678,Solyc03g080090.3,wgd,TE-like,Solyc06g073050.2,0.28217,1.07748,0.261881,4.83375e-24
1679,Solyc03g080100.3,wgd,TE-like,Solyc06g073070.2,0.334622,0.969803,0.345041,7.50873e-09
1680,Solyc03g080190.3,wgd,gbM,Solyc06g073080.3,0.110182,1.89099,0.0582668,3.74971e-61
1681,Solyc03g082390.3,wgd,TE-like,Solyc06g053300.3,0.162204,0.752095,0.21567,4.43252e-21
1682,Solyc03g082500.3,wgd,TE-like,Solyc01g096350.3,0.173815,4.46621,0.0389178,9.73211e-135
1683,Solyc03g082510.1,wgd,Unmethylated,Solyc01g096340.3,0.253453,3.01074,0.0841828,0
1684,Solyc03g082540.3,wgd,Unmethylated,Solyc06g053230.3,0.450594,1.66095,0.271286,9.42314e-09
1685,Solyc03g082550.3,wgd,Unclassified,Solyc06g053220.3,0.30801,2.55625,0.120493,4.95047e-12
1686,Solyc03g082570.3,wgd,Unclassified,Solyc08g083120.3,NA,3.35164,2.07891e-12,NA
1687,Solyc03g082580.3,wgd,Unclassified,Solyc06g053200.3,0.266238,3.86237,0.0689313,2.78188e-37
1688,Solyc03g082590.3,wgd,gbM,Solyc06g053190.3,0.159332,0.621701,0.256283,4.05058e-25
1689,Solyc03g082600.3,wgd,Unclassified,Solyc06g053180.3,0.0875649,0.756977,0.115677,4.38049e-06
1690,Solyc03g082620.3,wgd,gbM,Solyc08g083060.3,0.242407,3.23576,0.0749151,2.0664e-96
1691,Solyc03g082630.3,wgd,TE-like,Solyc06g053160.3,0.0669305,0.874621,0.0765252,3.746e-48
1692,Solyc03g082640.2,wgd,Unclassified,Solyc06g053150.1,0.163719,1.31781,0.124236,1.37956e-43
1693,Solyc03g082690.3,wgd,gbM,Solyc01g096200.3,0.428719,1.72532,0.248486,3.13037e-63
1694,Solyc03g082700.3,wgd,TE-like,Solyc06g052080.3,0.755317,1.9389,0.38956,6.26947e-05
1695,Solyc03g082740.3,wgd,Unclassified,Solyc01g096175.1,0.368167,1.83879,0.200222,2.12749e-09
1696,Solyc03g082840.3,wgd,Unmethylated,Solyc08g082910.2,0.460371,3.63233,0.126743,9.49677e-39
1697,Solyc03g082870.3,wgd,TE-like,Solyc08g082900.3,0.467578,3.35431,0.139396,2.00978e-56
1698,Solyc03g082885.1,wgd,Unmethylated,Solyc06g052060.3,0.17444,2.98723,0.0583953,1.617e-10
1699,Solyc03g082920.3,wgd,gbM,Solyc08g082820.3,0.0441633,2.20592,0.0200203,6.06179e-167
1700,Solyc03g082940.3,wgd,gbM,Solyc06g052030.3,0.0518217,0.725157,0.0714628,5.66628e-89
1701,Solyc03g083000.3,wgd,gbM,Solyc01g096090.3,0.787121,2.40174,0.32773,5.0705e-12
1702,Solyc03g083030.3,wgd,gbM,Solyc08g082710.3,0.486708,3.96835,0.122648,1.307e-33
1703,Solyc03g083050.3,wgd,Unclassified,Solyc01g096080.3,0.647705,5.35221,0.121016,1.14962e-09
1704,Solyc03g083100.3,wgd,Unclassified,Solyc06g052010.2,0.306055,1.07268,0.285317,5.03093e-16
1705,Solyc03g083147.1,wgd,TE-like,Solyc06g051990.3,0.303147,2.63682,0.114967,3.16988e-15
1706,Solyc03g083360.3,wgd,Unclassified,Solyc06g051960.3,0.163247,2.6827,0.0608519,1.3679e-76
1707,Solyc03g083390.3,wgd,Unclassified,Solyc06g051950.3,0.404762,1.59391,0.253944,2.94946e-14
1708,Solyc03g083490.3,wgd,TE-like,Solyc06g034410.3,0.183274,1.31113,0.139783,4.84407e-28
1709,Solyc03g083510.3,wgd,gbM,Solyc08g079460.3,0.35105,4.61146,0.0761256,7.41869e-90
1710,Solyc03g083550.1,wgd,Unmethylated,Solyc08g079440.1,0.217884,4.18991,0.0520022,3.55908e-106
1711,Solyc03g083560.1,wgd,Unmethylated,Solyc06g034390.1,0.112816,1.47332,0.0765725,1.83544e-47
1712,Solyc03g083720.1,wgd,Unmethylated,Solyc08g079235.1,0.479424,2.02804,0.236397,1.20471e-10
1713,Solyc03g083840.3,wgd,TE-like,Solyc06g034360.2,0.164989,3.0998,0.0532255,6.13971e-68
1714,Solyc03g083880.3,wgd,Unclassified,Solyc06g034340.2,0.185819,1.94193,0.0956882,3.18675e-29
1715,Solyc03g083900.3,wgd,gbM,Solyc08g079090.3,0.231728,4.02327,0.0575969,2.6382e-85
1716,Solyc03g083910.4,wgd,Unclassified,Solyc08g079080.4,0.284614,4.54152,0.0626693,8.36248e-92
1717,Solyc03g083960.3,wgd,gbM,Solyc08g079060.3,0.180535,4.07233,0.0443322,1.48706e-85
1718,Solyc03g093140.3,wgd,gbM,Solyc06g034290.3,0.110951,0.911963,0.121661,2.9258e-52
1719,Solyc03g093300.3,wgd,TE-like,Solyc06g034180.2,0.24494,0.962313,0.254532,3.89269e-16
1720,Solyc03g093470.3,wgd,Unclassified,Solyc06g034110.3,0.158487,1.01864,0.155587,1.16043e-19
1721,Solyc03g093690.3,wgd,gbM,Solyc06g034020.3,0.135012,1.49046,0.0905837,6.31207e-30
1722,Solyc03g093890.3,wgd,TE-like,Solyc06g033870.1,0.51213,1.37295,0.373015,2.90883e-09
1723,Solyc03g094010.3,wgd,gbM,Solyc06g033860.2,0.0627853,1.11539,0.0562902,1.31616e-63
1724,Solyc03g095180.3,wgd,gbM,Solyc06g048410.3,0.167163,0.865326,0.19318,1.60383e-17
1725,Solyc03g095190.3,wgd,gbM,Solyc06g048430.3,0.185129,0.981439,0.18863,1.13421e-14
1726,Solyc03g095250.3,wgd,TE-like,Solyc06g048470.3,0.211275,0.645586,0.327261,1.74589e-32
1727,Solyc03g095260.3,wgd,TE-like,Solyc06g048480.3,0.0394138,1.70711,0.023088,4.8625e-97
1728,Solyc03g095450.3,wgd,gbM,Solyc06g048520.3,0.130547,1.23661,0.105568,9.113e-39
1729,Solyc03g095490.3,wgd,gbM,Solyc06g048560.1,0.165065,1.01214,0.163085,7.5038e-48
1730,Solyc03g095550.2,wgd,TE-like,Solyc06g048570.3,0.167105,2.06579,0.0808915,9.24728e-31
1731,Solyc03g095660.2,wgd,Unclassified,Solyc05g052180.3,0.124461,0.711607,0.174901,3.79535e-08
1732,Solyc03g095720.3,wgd,gbM,Solyc05g052190.3,0.236578,0.616185,0.383941,3.61821e-06
1733,Solyc03g095780.2,wgd,Unclassified,Solyc05g052420.2,0.161344,2.1415,0.0753416,5.21949e-30
1734,Solyc03g095810.3,wgd,TE-like,Solyc05g052430.2,0.257322,2.20736,0.116574,9.65879e-48
1735,Solyc03g095820.3,wgd,Unclassified,Solyc05g052440.2,0.196226,2.42996,0.0807525,4.87255e-30
1736,Solyc03g096000.3,wgd,TE-like,Solyc05g052510.3,0.0202271,0.559612,0.0361449,1.60583e-213
1737,Solyc03g096030.3,wgd,Unclassified,Solyc05g052540.2,0.175527,1.43114,0.122649,8.2656e-42
1738,Solyc03g096090.3,wgd,TE-like,Solyc05g052715.1,0.143637,0.561838,0.255655,4.13429e-25
1739,Solyc03g096760.1,wgd,Unmethylated,Solyc06g072990.1,0.239553,1.05986,0.226023,4.63386e-08
1740,Solyc03g096790.3,wgd,TE-like,Solyc06g072980.3,0.148049,0.695848,0.212761,1.16123e-30
1741,Solyc03g096820.3,wgd,TE-like,Solyc06g072920.2,0.166643,0.997244,0.167103,1.3889e-35
1742,Solyc03g096840.3,wgd,Unclassified,Solyc06g072840.3,0.376896,0.86865,0.433887,0.00102283
1743,Solyc03g096870.3,wgd,gbM,Solyc08g005420.3,0.197276,4.29722,0.0459079,2.27451e-88
1744,Solyc03g096880.3,wgd,gbM,Solyc06g072820.3,0.21385,0.845921,0.252801,2.3202e-33
1745,Solyc03g096910.3,wgd,TE-like,Solyc06g072800.3,0.0291388,0.750978,0.0388011,1.11498e-27
1746,Solyc03g096930.3,wgd,Unclassified,Solyc06g072790.3,0.358343,0.450147,0.796058,0.513354
1747,Solyc03g097050.3,wgd,TE-like,Solyc08g005280.2,0.0970205,4.88879,0.0198455,0
1748,Solyc03g097090.3,wgd,gbM,Solyc08g076390.3,0.356964,4.43848,0.0804249,3.59272e-78
1749,Solyc03g097100.1,wgd,Unclassified,Solyc08g076493.1,0.123235,3.42383,0.0359933,0
1750,Solyc03g097110.3,wgd,TE-like,Solyc06g072770.3,0.195186,0.500082,0.390308,7.00964e-08
1751,Solyc03g097120.3,wgd,gbM,Solyc08g005170.3,0.424347,4.29693,0.0987558,9.77206e-43
1752,Solyc03g097150.3,wgd,TE-like,Solyc06g072740.1,0.227797,1.9434,0.117216,2.51077e-40
1753,Solyc03g097170.3,wgd,gbM,Solyc08g076810.3,0.264807,4.01737,0.0659156,7.36411e-53
1754,Solyc03g097190.3,wgd,TE-like,Solyc06g072730.3,0.202153,0.502562,0.402246,4.38438e-16
1755,Solyc03g097320.3,wgd,gbM,Solyc06g072710.3,0.122113,0.784253,0.155706,6.37443e-39
1756,Solyc03g097380.3,wgd,Unmethylated,Solyc06g072700.3,0.0413917,1.24693,0.0331949,2.26943e-28
1757,Solyc03g097400.1,wgd,Unmethylated,Solyc06g072690.2,0.195867,1.80337,0.108612,2.00698e-10
1758,Solyc03g097440.3,wgd,TE-like,Solyc06g072670.3,0.18367,1.38988,0.132148,1.31839e-35
1759,Solyc03g097510.1,wgd,Unclassified,Solyc06g072650.1,0.27045,0.994803,0.271862,7.02518e-07
1760,Solyc03g097590.3,wgd,Unclassified,Solyc06g072640.1,0.332879,0.958332,0.347352,7.70706e-09
1761,Solyc03g097630.3,wgd,gbM,Solyc06g072610.3,0.111183,0.880074,0.126334,4.21631e-37
1762,Solyc03g097675.1,wgd,TE-like,Solyc06g072580.3,0.137012,1.20689,0.113525,5.61575e-29
1763,Solyc03g097720.3,wgd,Unmethylated,Solyc06g072530.3,0.298916,1.1603,0.257619,1.05157e-08
1764,Solyc03g097820.2,wgd,NA,Solyc06g072520.2,0.19784,1.33754,0.147913,1.54994e-20
1765,Solyc03g097840.3,wgd,Unclassified,Solyc06g072510.3,0.100611,1.39727,0.0720053,1.37339e-43
1766,Solyc03g097900.3,wgd,gbM,Solyc06g072490.3,0.00520897,0.565256,0.00921524,1.06976e-45
1767,Solyc03g097950.3,wgd,TE-like,Solyc06g072465.1,0.075678,0.785791,0.0963081,5.22036e-18
1768,Solyc03g097960.1,wgd,Unclassified,Solyc06g072460.1,0.216752,0.730499,0.296717,5.50315e-12
1769,Solyc03g097970.3,wgd,Unclassified,Solyc06g072440.3,0.0507885,1.15936,0.0438076,3.1096e-20
1770,Solyc03g098010.3,wgd,Unclassified,Solyc06g072420.3,0.188654,1.17398,0.160697,7.91828e-24
1771,Solyc03g098030.3,wgd,Unclassified,Solyc06g072390.3,0.144176,0.649497,0.22198,1.96083e-06
1772,Solyc03g098070.3,wgd,Unclassified,Solyc06g072360.3,0.169727,4.01052,0.0423205,8.88675e-57
1773,Solyc03g098080.1,wgd,Unmethylated,NA,NA,NA,NA,NA
1774,Solyc03g098150.3,wgd,TE-like,Solyc06g072340.3,0.126401,0.658023,0.192092,8.72196e-68
1775,Solyc03g098220.3,wgd,gbM,Solyc06g072320.3,0.0420703,0.677654,0.0620823,1.6655e-62
1776,Solyc03g098280.3,wgd,gbM,Solyc06g072300.3,0.0778742,1.01147,0.076991,1.69425e-139
1777,Solyc03g098450.3,wgd,gbM,Solyc06g072290.3,0.181895,0.725617,0.250676,3.07666e-17
1778,Solyc03g098470.3,wgd,Unclassified,Solyc06g072280.3,0.0190335,0.760233,0.0250364,1.13155e-13
1779,Solyc03g098590.3,wgd,TE-like,Solyc06g072270.3,0.430948,4.01228,0.107407,2.78271e-29
1780,Solyc03g098740.1,wgd,gbM,Solyc06g072230.1,0.681732,3.65668,0.186435,1.10865e-13
1781,Solyc03g110850.1,wgd,TE-like,Solyc06g072040.1,0.288177,5.37487,0.0536156,1.19814e-21
1782,Solyc03g110875.1,wgd,Unmethylated,Solyc06g072018.1,0.00658327,0.612387,0.0107502,1.90479e-12
1783,Solyc03g110900.3,wgd,TE-like,Solyc06g071980.3,0.163396,0.731238,0.223451,5.71032e-37
1784,Solyc03g110960.3,wgd,gbM,Solyc06g071960.3,0.116941,1.15482,0.101264,4.9075e-24
1785,Solyc03g110980.3,wgd,gbM,Solyc06g071950.2,0.0696623,0.540259,0.128942,1.82969e-31
1786,Solyc03g110990.1,wgd,NA,Solyc06g071930.1,0.123067,1.39754,0.0880601,5.72279e-10
1787,Solyc03g111000.3,wgd,Unclassified,Solyc06g071920.3,0.278226,0.998359,0.278683,8.05199e-08
1788,Solyc03g111060.3,wgd,Unclassified,Solyc06g071910.3,0.271395,0.501896,0.540741,0.0390674
1789,Solyc03g111230.3,wgd,gbM,Solyc06g071870.3,0.0397901,0.926606,0.0429418,2.78305e-30
1790,Solyc03g111510.3,wgd,Unclassified,Solyc05g014230.3,0.269115,1.90724,0.141102,1.01402e-28
1791,Solyc03g111550.3,wgd,Unclassified,Solyc05g014210.3,0.560446,4.06316,0.137933,2.64204e-48
1792,Solyc03g111620.1,wgd,Unmethylated,Solyc05g014120.1,0.244609,1.64148,0.149018,1.47677e-30
1793,Solyc03g111690.3,wgd,Unclassified,Solyc05g014000.3,0.10999,4.00923,0.0274343,6.67645e-127
1794,Solyc03g111730.3,wgd,gbM,Solyc05g013920.3,0.187355,4.08523,0.0458616,3.99324e-68
1795,Solyc03g111780.1,wgd,Unclassified,Solyc05g013880.1,0.431786,4.12146,0.104765,4.60231e-38
1796,Solyc03g111797.1,wgd,Unclassified,Solyc05g013850.2,0.439342,2.60492,0.168658,1.63014e-54
1797,Solyc03g112050.3,wgd,gbM,Solyc05g013773.1,0.10795,1.69532,0.0636756,2.04978e-66
1798,Solyc03g112060.3,wgd,gbM,Solyc05g013710.3,0.508557,2.57906,0.197187,6.71108e-17
1799,Solyc03g112140.3,wgd,TE-like,Solyc06g071800.3,0.21741,0.782691,0.277773,8.63023e-15
1800,Solyc03g112150.1,wgd,TE-like,Solyc06g071790.3,0.0536219,1.28621,0.0416899,1.60102e-79
1801,Solyc03g112160.3,wgd,Unclassified,Solyc06g071780.3,0.190974,1.72076,0.110982,6.96891e-17
1802,Solyc03g112230.3,wgd,gbM,Solyc06g071770.3,0.286555,1.04769,0.27351,5.94987e-25
1803,Solyc03g112300.3,wgd,Unmethylated,Solyc06g071750.3,0.238925,1.72308,0.138662,2.92792e-10
1804,Solyc03g112330.3,wgd,gbM,Solyc06g071725.1,0.15445,0.66607,0.231883,5.56531e-10
1805,Solyc03g112360.1,wgd,Unmethylated,Solyc06g071720.1,0.0426966,1.42176,0.0300309,5.03711e-33
1806,Solyc03g112390.3,wgd,Unclassified,Solyc06g071690.3,0.229636,0.990572,0.231821,1.68291e-13
1807,Solyc03g112410.2,wgd,Unclassified,Solyc06g071680.3,0.149769,1.32658,0.112899,1.00518e-44
1808,Solyc03g112430.1,wgd,Unclassified,Solyc06g071660.2,0.224945,2.4071,0.0934506,2.25678e-20
1809,Solyc03g112460.3,wgd,gbM,Solyc06g071640.3,0.224001,1.3127,0.170641,1.94826e-26
1810,Solyc03g112540.3,wgd,Unclassified,Solyc06g071610.2,0.0883499,1.36494,0.0647279,3.29021e-45
1811,Solyc03g112550.3,wgd,TE-like,Solyc06g071600.3,0.216649,0.604695,0.358278,1.37405e-09
1812,Solyc03g112620.4,wgd,Unclassified,Solyc06g071590.3,0.112226,1.32701,0.0845705,1.03917e-42
1813,Solyc03g112840.2,wgd,gbM,Solyc06g071540.3,0.135423,1.21777,0.111206,3.41185e-32
1814,Solyc03g112850.3,wgd,Unclassified,Solyc06g071530.3,0.00855446,1.06886,0.00800335,4.71991e-25
1815,Solyc03g112890.1,wgd,TE-like,Solyc06g071520.1,0.218962,1.76631,0.123966,1.44057e-32
1816,Solyc03g112930.3,wgd,Unmethylated,Solyc06g071480.3,0.217613,3.59707,0.0604972,5.87406e-55
1817,Solyc03g112995.1,wgd,Unclassified,Solyc02g067380.3,0.401863,2.93721,0.136818,3.92018e-17
1818,Solyc03g113010.2,wgd,gbM,Solyc05g007220.3,0.419534,4.39213,0.0955195,1.31339e-70
1819,Solyc03g113030.3,wgd,Unclassified,Solyc02g087770.3,0.319449,4.01422,0.0795793,1.08941e-48
1820,Solyc03g113040.3,wgd,gbM,Solyc06g070920.3,0.193859,0.830192,0.233511,6.44231e-31
1821,Solyc03g113070.3,wgd,TE-like,Solyc06g070940.3,0.246837,1.00307,0.246081,7.47658e-25
1822,Solyc03g113090.3,wgd,Unclassified,Solyc06g070970.3,0.248159,0.683873,0.362873,4.39336e-10
1823,Solyc03g113100.3,wgd,TE-like,Solyc06g070980.3,0.0131452,1.45128,0.00905768,2.50689e-34
1824,Solyc03g113120.3,wgd,TE-like,Solyc05g007110.2,0.507118,4.05525,0.125052,6.80948e-34
1825,Solyc03g113130.3,wgd,Unclassified,Solyc02g067440.3,0.428437,3.74914,0.114276,1.2909e-39
1826,Solyc03g113150.3,wgd,Unclassified,Solyc06g071020.3,0.164954,1.53241,0.107643,3.08815e-42
1827,Solyc03g113210.3,wgd,Unclassified,Solyc02g067460.3,0.540356,3.85741,0.140083,4.62768e-19
1828,Solyc03g113220.3,wgd,gbM,Solyc06g071050.3,0.0412357,0.588232,0.0701012,8.54081e-31
1829,Solyc03g113250.3,wgd,gbM,Solyc05g006990.3,0.268456,4.6016,0.0583398,1.06219e-92
1830,Solyc03g113270.3,wgd,Unclassified,Solyc05g006980.3,0.341066,3.73967,0.0912021,2.56365e-42
1831,Solyc03g113360.3,wgd,gbM,Solyc02g087570.1,0.274086,3.14826,0.0870597,0
1832,Solyc03g113400.3,wgd,TE-like,Solyc06g071100.3,0.0616266,1.93596,0.0318326,1.35226e-43
1833,Solyc03g113420.3,wgd,Unclassified,Solyc06g071080.3,0.251936,2.02025,0.124705,2.22589e-40
1834,Solyc03g113470.2,wgd,gbM,Solyc06g071150.3,0.370803,4.37837,0.0846896,1.64347e-85
1835,Solyc03g113520.3,wgd,gbM,Solyc05g006680.3,0.215502,4.51062,0.0477767,5.24304e-107
1836,Solyc03g113540.3,wgd,Unmethylated,Solyc06g071180.3,0.165492,0.785013,0.210814,5.47885e-16
1837,Solyc03g113560.3,wgd,Unclassified,Solyc05g006650.3,0.326,3.87478,0.084134,8.67185e-35
1838,Solyc03g113600.3,wgd,gbM,Solyc06g071190.3,0.210829,0.916337,0.230078,5.27017e-27
1839,Solyc03g113620.3,wgd,Unmethylated,Solyc06g071230.3,0.199954,0.864297,0.231349,7.53848e-17
1840,Solyc03g113630.3,wgd,TE-like,Solyc02g087560.1,0.930417,4.4995,0.206782,1.93919e-18
1841,Solyc03g113660.3,wgd,TE-like,Solyc02g087450.3,0.792499,4.33232,0.182927,3.32936e-27
1842,Solyc03g113670.3,wgd,Unclassified,Solyc06g071260.3,0.251308,0.750676,0.334775,0.00325915
1843,Solyc03g113680.3,wgd,Unclassified,Solyc05g006550.3,0.483199,4.54171,0.106391,2.55848e-51
1844,Solyc03g113700.3,wgd,TE-like,Solyc06g071270.3,0.204341,0.762567,0.267964,6.74114e-13
1845,Solyc03g113710.3,wgd,gbM,Solyc05g006430.2,0.411066,4.48623,0.0916283,3.90753e-85
1846,Solyc03g113720.3,wgd,Unmethylated,Solyc05g006420.3,0.25048,3.61039,0.0693775,2.15285e-37
1847,Solyc03g113730.3,wgd,Unmethylated,Solyc02g087330.3,0.171102,1.177,0.145371,4.05245e-11
1848,Solyc03g113760.3,wgd,Unclassified,Solyc02g087310.3,0.462648,4.13766,0.111814,1.3473e-37
1849,Solyc03g113800.3,wgd,TE-like,Solyc06g071290.3,0.108499,0.789726,0.137388,1.82359e-42
1850,Solyc03g113850.1,wgd,gbM,Solyc05g006340.3,0.358632,4.11373,0.0871793,2.66296e-52
1851,Solyc03g113870.1,wgd,Unclassified,Solyc02g087200.1,0.362155,4.38091,0.0826666,5.54828e-89
1852,Solyc03g113910.3,wgd,Unmethylated,Solyc05g006160.3,0.243528,4.18141,0.0582407,4.38263e-17
1853,Solyc03g114000.3,wgd,Unclassified,Solyc06g071310.3,0.0726834,0.981462,0.0740562,1.35357e-24
1854,Solyc03g114020.3,wgd,Unmethylated,Solyc06g071320.3,0.224494,2.42981,0.0923915,3.52922e-16
1855,Solyc03g114030.3,wgd,TE-like,Solyc05g006020.3,0.135361,2.11771,0.0639187,3.07568e-104
1856,Solyc03g114060.3,wgd,TE-like,Solyc06g071350.3,0.194388,0.817929,0.237659,9.63574e-79
1857,Solyc03g114090.1,wgd,Unclassified,Solyc05g005790.3,0.322777,3.77704,0.0854576,1.16611e-52
1858,Solyc03g114130.1,wgd,Unmethylated,Solyc06g071370.1,0.215416,2.3175,0.0929519,5.21289e-22
1859,Solyc03g114150.3,wgd,gbM,Solyc05g005700.3,0.130999,2.31109,0.0566825,1.57492e-102
1860,Solyc03g114160.1,wgd,Unclassified,Solyc05g005670.1,0.44823,4.22386,0.106119,3.93143e-58
1861,Solyc03g114170.3,wgd,Unclassified,Solyc06g071390.3,0.093544,0.625212,0.14962,7.76849e-07
1862,Solyc03g114190.1,wgd,Unmethylated,Solyc02g086950.1,0.358656,3.35296,0.106967,1.54551e-17
1863,Solyc03g114200.3,wgd,TE-like,Solyc02g086920.2,0.418133,3.86026,0.108317,2.23401e-25
1864,Solyc03g114210.3,wgd,Unclassified,Solyc06g071410.3,0.0567685,0.822575,0.0690131,2.46204e-50
1865,Solyc03g114240.3,wgd,TE-like,Solyc05g005540.3,0.358109,4.49859,0.0796048,7.77635e-98
1866,Solyc03g114280.3,wgd,gbM,Solyc06g071420.3,0.0863475,0.643112,0.134265,4.10408e-30
1867,Solyc03g114290.3,wgd,Unclassified,Solyc02g086860.3,0.577461,1.821,0.317111,5.96074e-13
1868,Solyc03g114320.3,wgd,gbM,Solyc02g086840.3,0.247833,3.7058,0.066877,2.07449e-99
1869,Solyc03g114330.3,wgd,gbM,Solyc06g071470.3,0.170678,0.567025,0.301007,2.38162e-14
1870,Solyc03g114350.1,wgd,Unmethylated,Solyc02g086810.1,0.556863,3.85513,0.144447,7.49904e-27
1871,Solyc03g114390.1,wgd,Unclassified,Solyc06g069300.1,0.167944,1.51592,0.110787,2.98673e-29
1872,Solyc03g114400.3,wgd,TE-like,Solyc06g069310.3,0.0487549,0.632693,0.0770593,5.02603e-16
1873,Solyc03g114480.3,wgd,Unclassified,Solyc06g069320.3,0.298208,1.92422,0.154976,2.78851e-18
1874,Solyc03g114530.3,wgd,TE-like,Solyc12g039070.2,0.313231,1.29606,0.24168,5.40185e-15
1875,Solyc03g114565.1,wgd,Unclassified,Solyc12g038980.2,0.196639,1.27,0.154834,1.66967e-09
1876,Solyc03g114590.3,wgd,Unclassified,Solyc12g038920.2,0.100861,1.47316,0.068466,1.43911e-36
1877,Solyc03g114670.3,wgd,Unclassified,Solyc06g069350.2,0.407851,0.780852,0.522315,0.0242928
1878,Solyc03g114680.3,wgd,Unclassified,Solyc02g065650.1,0.577982,4.05374,0.14258,1.68921e-22
1879,Solyc03g114710.3,wgd,Unclassified,Solyc05g010710.2,0.537986,4.34126,0.123924,4.89729e-35
1880,Solyc03g114720.3,wgd,gbM,Solyc06g069370.3,0.189043,1.71615,0.110156,3.98474e-25
1881,Solyc03g114730.3,wgd,gbM,Solyc06g069380.3,0.0671782,0.636255,0.105584,2.99347e-50
1882,Solyc03g114740.3,wgd,TE-like,Solyc12g038630.2,0.164887,1.46282,0.112718,1.90448e-28
1883,Solyc03g114790.3,wgd,Unclassified,Solyc06g069400.3,0.0968832,0.867195,0.11172,5.85645e-33
1884,Solyc03g114800.1,wgd,Unclassified,Solyc05g011870.1,0.469918,3.87968,0.121123,2.85131e-29
1885,Solyc03g114820.3,wgd,Unclassified,Solyc06g069420.3,0.188156,1.6277,0.115596,1.71382e-20
1886,Solyc03g114830.3,wgd,Unclassified,Solyc06g069430.3,0.0999282,1.92836,0.0518203,1.90366e-34
1887,Solyc03g114840.3,wgd,Unclassified,Solyc12g038510.2,0.135476,1.88537,0.0718564,1.15121e-32
1888,Solyc03g114850.3,wgd,gbM,Solyc05g012040.3,0.493507,4.25369,0.116019,9.07429e-48
1889,Solyc03g114860.3,wgd,Unmethylated,Solyc02g065740.3,0.0750451,2.09688,0.0357889,6.34354e-85
1890,Solyc03g114875.1,wgd,Unmethylated,Solyc02g089130.3,0.250502,2.27296,0.11021,8.70716e-12
1891,Solyc03g114880.2,wgd,Unclassified,Solyc02g065770.3,0.48505,2.82513,0.171692,1.07912e-21
1892,Solyc03g114900.3,wgd,gbM,Solyc02g089115.1,0.248969,3.71096,0.0670902,2.41325e-50
1893,Solyc03g114910.3,wgd,gbM,Solyc02g089120.3,0.288043,3.64548,0.0790137,4.04655e-31
1894,Solyc03g114970.3,wgd,Unclassified,Solyc02g089065.1,0.281895,3.25887,0.0865009,2.25281e-17
1895,Solyc03g114980.3,wgd,TE-like,Solyc02g065790.3,0.605604,4.07818,0.148498,7.09022e-41
1896,Solyc03g115000.3,wgd,gbM,Solyc02g089050.3,0.562965,3.32716,0.169203,2.20522e-60
1897,Solyc03g115010.2,wgd,gbM,Solyc02g089020.2,0.4374,3.57577,0.122323,3.16186e-48
1898,Solyc03g115070.1,wgd,gbM,Solyc02g088800.2,0.448746,2.27248,0.197469,4.0338e-45
1899,Solyc03g115100.3,wgd,TE-like,Solyc05g012230.3,0.600052,4.10134,0.146307,2.15252e-28
1900,Solyc03g115220.3,wgd,TE-like,Solyc05g012380.3,0.574571,3.55859,0.16146,8.3382e-21
1901,Solyc03g115230.3,wgd,Unclassified,Solyc02g088610.3,0.43126,4.7389,0.0910043,5.16834e-158
1902,Solyc03g115250.3,wgd,TE-like,Solyc06g069500.3,0.297586,0.750239,0.396654,8.14953e-33
1903,Solyc03g115380.2,wgd,gbM,Solyc06g069550.1,0.0525068,0.761067,0.0689911,1.99293e-59
1904,Solyc03g115440.2,wgd,TE-like,Solyc06g069560.2,0.2966,0.787156,0.376799,1.59501e-09
1905,Solyc03g115450.1,wgd,Unclassified,Solyc05g012490.1,0.517323,3.94843,0.13102,1.29471e-37
1906,Solyc03g115470.3,wgd,TE-like,Solyc06g069570.3,0.132154,0.827466,0.159709,1.15146e-24
1907,Solyc03g115500.3,wgd,TE-like,Solyc06g069580.3,0.197393,0.689612,0.286237,3.18044e-20
1908,Solyc03g115540.2,wgd,TE-like,Solyc06g069600.2,0.368297,2.26855,0.162349,2.85926e-16
1909,Solyc03g115590.3,wgd,gbM,Solyc06g069635.1,0.390342,0.684539,0.570225,2.80214e-05
1910,Solyc03g115610.3,wgd,gbM,Solyc06g069650.3,0.156736,0.928194,0.168861,1.71436e-76
1911,Solyc03g115640.3,wgd,Unclassified,Solyc05g012680.3,0.2053,1.81141,0.113337,3.19874e-21
1912,Solyc03g115660.3,wgd,gbM,Solyc02g088340.3,0.320772,2.12924,0.15065,3.93833e-65
1913,Solyc03g115680.3,wgd,TE-like,Solyc06g069660.2,0.140459,1.56471,0.0897671,1.52498e-39
1914,Solyc03g115690.1,wgd,Unclassified,Solyc05g012870.1,0.819838,2.04563,0.400775,1.47919e-08
1915,Solyc03g115700.3,wgd,gbM,Solyc02g067030.3,0.210449,3.90881,0.0538396,1.12028e-80
1916,Solyc03g115740.2,wgd,Unclassified,Solyc05g013020.1,0.197095,4.15989,0.0473799,1.28774e-100
1917,Solyc03g115760.3,wgd,TE-like,Solyc05g013050.3,0.183701,2.32438,0.0790324,3.79982e-41
1918,Solyc03g115770.3,wgd,TE-like,Solyc06g069690.3,0.186921,1.01415,0.184314,9.32359e-08
1919,Solyc03g115850.3,wgd,Unclassified,Solyc02g088180.3,0.302599,3.81144,0.0793923,3.92972e-50
1920,Solyc03g115870.3,wgd,NA,Solyc06g069720.3,0.325242,2.3455,0.138666,1.12622e-06
1921,Solyc03g115890.3,wgd,Unmethylated,Solyc02g088100.3,0.171686,3.81326,0.0450234,2.22648e-54
1922,Solyc03g115900.3,wgd,Unclassified,Solyc06g069730.3,0.0578513,1.19832,0.0482771,3.39423e-42
1923,Solyc03g115930.2,wgd,Unclassified,Solyc02g088090.1,0.610886,1.83048,0.333729,1.36643e-06
1924,Solyc03g115940.3,wgd,gbM,Solyc06g069760.3,0.229347,0.719556,0.318734,1.85235e-16
1925,Solyc03g116020.3,wgd,Unmethylated,Solyc06g069770.3,0.15632,0.616933,0.253383,1.62801e-10
1926,Solyc03g116030.3,wgd,TE-like,Solyc06g069780.3,0.219705,0.941245,0.23342,1.69502e-13
1927,Solyc03g116067.1,wgd,Unmethylated,Solyc06g069790.3,0.117294,1.22539,0.0957201,5.55408e-11
1928,Solyc03g116070.1,wgd,Unmethylated,Solyc02g067320.2,0.336915,2.20232,0.152982,4.41993e-11
1929,Solyc03g116100.3,wgd,Unclassified,Solyc02g087960.3,0.330675,3.76642,0.0877956,4.32341e-57
1930,Solyc03g116150.3,wgd,TE-like,Solyc06g069870.3,0.100268,0.616773,0.162569,2.76644e-41
1931,Solyc03g116170.3,wgd,TE-like,Solyc02g067370.3,0.241888,3.63571,0.0665313,2.0102e-32
1932,Solyc03g116260.3,wgd,Unclassified,Solyc06g069900.3,0.403623,3.98278,0.101342,4.35212e-33
1933,Solyc03g116320.3,wgd,Unmethylated,Solyc06g070900.3,0.135724,2.36986,0.0572711,1.86849e-73
1934,Solyc03g116490.1,wgd,Unmethylated,Solyc06g068020.1,0.330428,1.36998,0.241192,6.57969e-06
1935,Solyc03g116500.3,wgd,TE-like,Solyc06g068040.3,0.247294,1.41401,0.174888,1.12215e-29
1936,Solyc03g116600.3,wgd,Unclassified,Solyc06g068080.3,0.0310402,0.481202,0.0645056,8.08929e-17
1937,Solyc03g116620.3,wgd,gbM,Solyc06g068090.3,0.100266,1.51383,0.066233,1.54897e-99
1938,Solyc03g116630.3,wgd,Unmethylated,Solyc07g008280.3,0.384307,3.26136,0.117836,3.17303e-23
1939,Solyc03g116640.3,wgd,TE-like,Solyc07g008260.3,0.353196,3.1212,0.11316,6.15771e-17
1940,Solyc03g116670.3,wgd,Unmethylated,Solyc06g068130.3,0.414575,3.73153,0.1111,4.76901e-28
1941,Solyc03g116680.3,wgd,gbM,Solyc06g068140.3,0.472758,1.28138,0.368944,7.65018e-09
1942,Solyc03g116690.3,wgd,Unmethylated,Solyc07g008103.1,0.410661,2.36823,0.173404,8.25314e-13
1943,Solyc03g116740.3,wgd,Unmethylated,Solyc06g068150.3,0.18272,2.7659,0.0660618,3.65468e-32
1944,Solyc03g116750.3,wgd,TE-like,Solyc07g008040.3,0.152054,4.98517,0.0305012,9.8862e-233
1945,Solyc03g116780.3,wgd,Unclassified,Solyc06g068180.3,0.226114,0.569788,0.396839,0.0227567
1946,Solyc03g116890.3,wgd,Unclassified,Solyc06g068460.3,0.227802,2.02656,0.112408,7.39084e-43
1947,Solyc03g116910.3,wgd,Unclassified,Solyc06g068440.3,0.0626368,0.894619,0.0700151,1.41356e-49
1948,Solyc03g116920.2,wgd,TE-like,Solyc06g068430.3,0.395743,1.77831,0.222538,1.02248e-10
1949,Solyc03g117010.3,wgd,TE-like,Solyc06g068430.3,0.63487,2.23151,0.284502,1.99108e-14
1950,Solyc03g117030.2,wgd,Unclassified,Solyc06g068410.3,0.0855938,3.44559,0.0248415,0
1951,Solyc03g117060.3,wgd,Unclassified,Solyc06g068400.3,0.0883151,1.03049,0.0857017,5.43426e-27
1952,Solyc03g117070.1,wgd,Unclassified,Solyc06g068390.1,0.423049,1.96758,0.21501,1.46298e-08
1953,Solyc03g117080.3,wgd,Unclassified,Solyc06g065800.3,0.303498,2.41803,0.125514,4.25656e-19
1954,Solyc03g117100.3,wgd,Unclassified,Solyc06g068380.3,0.237327,1.28781,0.184287,2.43405e-15
1955,Solyc03g117130.3,wgd,Unclassified,Solyc06g068360.3,0.216871,2.02781,0.106948,2.76718e-18
1956,Solyc03g117245.1,wgd,TE-like,Solyc06g065850.2,0.0895083,2.56419,0.034907,5.85152e-15
1957,Solyc03g117260.2,wgd,Unclassified,Solyc06g068340.2,0.181189,1.37973,0.131321,7.10698e-43
1958,Solyc03g117280.3,wgd,gbM,Solyc06g065870.3,0.356446,2.75929,0.12918,4.84322e-53
1959,Solyc03g117330.3,wgd,Unclassified,Solyc06g068320.3,0.0408864,0.588976,0.0694194,5.05397e-51
1960,Solyc03g117440.3,wgd,TE-like,Solyc06g068280.3,0.0432046,0.904529,0.0477647,1.84709e-86
1961,Solyc03g117480.3,wgd,TE-like,Solyc06g068240.3,0.0281189,0.849067,0.0331174,7.81537e-121
1962,Solyc03g117500.1,wgd,Unmethylated,Solyc12g042730.1,0.367557,3.46628,0.106038,2.74577e-17
1963,Solyc03g117520.2,wgd,gbM,Solyc06g065945.1,0.407035,1.79095,0.227273,3.6049e-27
1964,Solyc03g117560.3,wgd,Unmethylated,Solyc12g042580.2,0.241286,1.00929,0.239066,2.62106e-09
1965,Solyc03g117590.3,wgd,Unclassified,Solyc06g068500.3,0.144782,1.14275,0.126696,6.06358e-16
1966,Solyc03g117630.1,wgd,Unclassified,Solyc12g042560.2,0.0909332,4.39432,0.0206934,2.84805e-48
1967,Solyc03g117640.1,wgd,gbM,Solyc06g068510.1,0.132485,0.953766,0.138907,2.24938e-29
1968,Solyc03g117675.1,wgd,gbM,Solyc06g068540.3,0.215961,0.888533,0.243053,4.30232e-27
1969,Solyc03g117690.3,wgd,Unclassified,Solyc06g068550.3,0.162355,1.30714,0.124207,1.02207e-38
1970,Solyc03g117720.3,wgd,Unclassified,Solyc06g068570.3,0.21547,1.35555,0.158954,1.11528e-16
1971,Solyc03g117760.3,wgd,Unclassified,Solyc12g042540.1,0.186454,0.55618,0.335241,0.000112642
1972,Solyc03g117790.2,wgd,TE-like,Solyc06g068590.3,0.17331,0.726582,0.238529,6.57333e-31
1973,Solyc03g117810.3,wgd,Unclassified,Solyc06g068600.3,0.0614105,0.797662,0.0769881,8.86633e-22
1974,Solyc03g117820.1,wgd,TE-like,Solyc06g068610.2,0.159137,0.577932,0.275356,7.92847e-17
1975,Solyc03g117840.3,wgd,Unclassified,Solyc06g068620.3,0.159478,1.18331,0.134773,2.41139e-08
1976,Solyc03g117870.3,wgd,Unclassified,Solyc12g042460.2,0.114486,1.48886,0.0768954,5.51186e-74
1977,Solyc03g117890.3,wgd,gbM,Solyc06g068670.3,0.137154,0.904549,0.151627,1.02994e-22
1978,Solyc03g117910.3,wgd,Unclassified,Solyc12g042440.2,0.412387,1.56919,0.262802,5.90727e-15
1979,Solyc03g117980.3,wgd,Unclassified,Solyc06g068680.3,0.164771,2.08764,0.0789268,1.01188e-89
1980,Solyc03g118000.1,wgd,gbM,Solyc12g042430.2,0.124196,1.22623,0.101283,1.68846e-28
1981,Solyc03g118030.3,wgd,gbM,Solyc06g068690.3,0.140115,1.27343,0.11003,3.64702e-58
1982,Solyc03g118040.3,wgd,gbM,Solyc06g068700.3,0.106699,0.821988,0.129807,1.74741e-46
1983,Solyc03g118090.3,wgd,gbM,Solyc06g068720.3,0.112851,0.758168,0.148847,1.99491e-43
1984,Solyc03g118100.3,wgd,Unclassified,Solyc06g068740.3,0.165985,1.87675,0.0884427,3.61397e-20
1985,Solyc03g118140.3,wgd,Unclassified,Solyc06g068780.3,0.0133293,0.589687,0.022604,1.33128e-09
1986,Solyc03g118150.3,wgd,TE-like,Solyc06g068800.3,0.168037,4.19863,0.0400219,6.18614e-32
1987,Solyc03g118190.3,wgd,TE-like,Solyc12g042210.2,0.26714,3.4036,0.0784876,1.75679e-42
1988,Solyc03g118200.3,wgd,TE-like,Solyc06g068840.3,0.157188,0.610677,0.2574,1.78315e-25
1989,Solyc03g118210.3,wgd,TE-like,Solyc12g042200.2,0.166903,1.58474,0.105319,1.35797e-14
1990,Solyc03g118260.2,wgd,TE-like,Solyc12g042170.2,0.164683,0.467825,0.352019,3.18763e-09
1991,Solyc03g118290.3,wgd,TE-like,Solyc12g042075.1,0.167678,0.647065,0.259137,2.72163e-16
1992,Solyc03g118310.3,wgd,Unclassified,Solyc06g068870.3,0.248799,1.47481,0.168699,2.42486e-46
1993,Solyc03g118340.3,wgd,TE-like,Solyc12g042060.2,0.0841685,0.62008,0.135738,1.19891e-22
1994,Solyc03g118370.3,wgd,gbM,Solyc06g068880.3,0.0757387,1.1055,0.0685107,1.21875e-53
1995,Solyc03g118450.1,wgd,Unclassified,Solyc06g068890.1,0.252788,1.5638,0.16165,2.62659e-09
1996,Solyc03g118470.3,wgd,Unclassified,Solyc12g040870.2,0.132758,1.41429,0.0938687,4.62197e-26
1997,Solyc03g118510.3,wgd,Unclassified,Solyc06g068910.3,0.177176,1.63286,0.108506,1.21716e-62
1998,Solyc03g118530.3,wgd,TE-like,Solyc06g068920.3,0.112743,0.958496,0.117625,1.26108e-118
1999,Solyc03g118540.3,wgd,gbM,Solyc06g068930.2,0.31982,1.86979,0.171046,2.09991e-14
2000,Solyc03g118570.3,wgd,TE-like,Solyc12g040810.2,0.0982063,0.69927,0.140441,4.10996e-24
2001,Solyc03g118710.3,wgd,Unclassified,Solyc12g040800.2,0.135932,3.28406,0.0413915,1.04025e-43
2002,Solyc03g118750.3,wgd,TE-like,Solyc06g068950.3,0.139528,0.50102,0.278488,1.08582e-11
2003,Solyc03g118810.1,wgd,Unmethylated,Solyc06g068960.1,0.170149,3.66869,0.0463787,1.33526e-25
2004,Solyc03g118830.3,wgd,gbM,Solyc06g068970.3,0.098578,0.607421,0.16229,1.42113e-22
2005,Solyc03g118840.3,wgd,Unclassified,Solyc12g040390.2,0.270249,1.19574,0.226011,3.92081e-15
2006,Solyc03g119040.3,wgd,Unclassified,Solyc06g069010.3,0.0288918,3.95328,0.00730831,1.36918e-107
2007,Solyc03g119190.3,wgd,TE-like,Solyc05g008890.3,0.373806,1.86755,0.200159,2.04998e-17
2008,Solyc03g119210.1,wgd,Unclassified,Solyc05g008895.1,0.486106,3.09674,0.156974,4.52897e-09
2009,Solyc03g119230.1,wgd,Unmethylated,Solyc12g036320.2,0.366524,1.61062,0.227566,4.78478e-13
2010,Solyc03g119240.3,wgd,gbM,Solyc12g036325.1,0.341061,2.66158,0.128142,3.46689e-40
2011,Solyc03g119250.3,wgd,Unclassified,Solyc12g036390.2,0.159861,2.29915,0.0695305,1.0145e-74
2012,Solyc03g119260.3,wgd,Unclassified,Solyc05g009120.3,0.371758,1.98197,0.18757,7.26496e-09
2013,Solyc03g119290.3,wgd,TE-like,Solyc12g036410.2,0.137623,0.517414,0.265982,4.54746e-21
2014,Solyc03g119300.3,wgd,TE-like,Solyc05g009150.3,0.695576,3.4946,0.199043,8.537e-26
2015,Solyc03g119320.1,wgd,Unmethylated,Solyc12g036440.1,0.325049,3.4016,0.0955576,3.35958e-25
2016,Solyc03g119360.3,wgd,gbM,Solyc12g036450.2,0.0492247,0.830304,0.0592851,4.39706e-09
2017,Solyc03g119370.2,wgd,TE-like,Solyc05g009230.2,0.372657,3.61842,0.102989,1.04805e-43
2018,Solyc03g119390.3,wgd,Unclassified,Solyc04g007300.3,0.440028,3.31291,0.132822,0
2019,Solyc03g119400.3,wgd,gbM,Solyc05g009240.3,0.752426,1.95875,0.384135,3.1988e-18
2020,Solyc03g119470.2,wgd,TE-like,Solyc12g036500.2,0.213382,2.03275,0.104972,4.83932e-40
2021,Solyc03g119480.3,wgd,Unclassified,Solyc04g007220.3,0.398041,1.70333,0.233684,7.88684e-08
2022,Solyc03g119520.3,wgd,Unmethylated,Solyc05g009360.3,0.453941,2.21058,0.20535,1.24138e-13
2023,Solyc03g119540.3,wgd,Unclassified,Solyc04g007210.3,0.396915,4.02946,0.0985031,1.6202e-47
2024,Solyc03g119580.1,wgd,gbM,Solyc04g007170.3,0.538064,3.7384,0.143929,1.05642e-30
2025,Solyc03g119610.1,wgd,Unmethylated,Solyc12g036900.1,0.326954,0.993042,0.329245,6.73425e-07
2026,Solyc03g119640.3,wgd,Unclassified,Solyc05g009580.3,0.349292,4.34519,0.0803859,7.12038e-75
2027,Solyc03g119670.3,wgd,TE-like,Solyc06g069210.3,0.160418,0.727774,0.220423,1.31126e-06
2028,Solyc03g119690.2,wgd,Unmethylated,Solyc06g069220.1,0.218078,1.6656,0.130931,1.90584e-42
2029,Solyc03g119760.3,wgd,TE-like,Solyc05g009870.3,0.278113,1.51892,0.183099,8.81089e-24
2030,Solyc03g119770.3,wgd,Unclassified,Solyc04g006980.1,0.619627,3.45893,0.179138,1.25923e-23
2031,Solyc03g119810.1,wgd,Unmethylated,Solyc06g069250.1,0.291677,1.28234,0.227456,2.35857e-10
2032,Solyc03g119820.1,wgd,Unmethylated,Solyc06g069260.1,0.273354,2.52482,0.108267,1.4134e-19
2033,Solyc03g119830.3,wgd,Unclassified,Solyc05g009980.3,0.658401,4.19251,0.157042,1.37413e-24
2034,Solyc03g119840.3,wgd,TE-like,Solyc06g069270.1,0.246322,2.84939,0.0864474,9.26081e-14
2035,Solyc03g120100.3,wgd,Unclassified,Solyc06g066680.3,0.157311,0.836985,0.18795,1.09149e-21
2036,Solyc03g120120.3,wgd,TE-like,Solyc06g066690.3,0.373766,1.97816,0.188947,3.17367e-14
2037,Solyc03g120170.1,wgd,Unclassified,Solyc06g066710.1,0.144352,1.13495,0.127189,1.88293e-10
2038,Solyc03g120175.1,wgd,TE-like,Solyc06g066700.1,0.209263,1.53673,0.136174,2.70336e-08
2039,Solyc03g120260.3,wgd,Unclassified,Solyc06g066730.3,0.226203,3.92996,0.0575585,2.29724e-47
2040,Solyc03g120280.1,wgd,gbM,Solyc06g066740.2,0.184707,1.35296,0.136521,9.98279e-24
2041,Solyc03g120290.3,wgd,NA,Solyc06g066750.3,0.247599,1.55763,0.158959,9.57061e-13
2042,Solyc03g120320.1,wgd,Unmethylated,Solyc06g066770.1,0.416522,1.92389,0.2165,2.50427e-27
2043,Solyc03g120350.3,wgd,TE-like,Solyc06g066790.3,0.0862387,0.581061,0.148416,3.04572e-66
2044,Solyc03g120410.3,wgd,Unclassified,Solyc06g066800.2,0.0460377,1.36252,0.0337886,2.2773e-33
2045,Solyc03g120470.3,wgd,gbM,Solyc12g044370.2,0.173467,0.786152,0.220654,1.8872e-38
2046,Solyc03g120475.1,wgd,Unclassified,Solyc06g066560.2,0.0862275,1.40043,0.0615723,3.70967e-19
2047,Solyc03g120520.2,wgd,gbM,Solyc06g066570.3,0.104508,1.07231,0.0974602,2.01259e-12
2048,Solyc03g120530.3,wgd,Unclassified,Solyc06g066580.3,0.189188,0.858227,0.22044,3.66401e-12
2049,Solyc03g120550.2,wgd,gbM,Solyc12g044310.2,0.214124,3.39533,0.0630643,1.14149e-60
2050,Solyc03g120600.3,wgd,TE-like,Solyc06g066590.3,0.213118,2.78447,0.0765379,1.45022e-25
2051,Solyc03g120640.3,wgd,Unclassified,Solyc06g066640.3,0.0513952,0.681902,0.0753703,3.97767e-14
2052,Solyc03g120650.3,wgd,gbM,Solyc12g044270.2,0.109912,0.921805,0.119236,8.44227e-46
2053,Solyc03g120660.3,wgd,Unmethylated,Solyc12g044250.2,0.258019,3.51,0.0735096,2.54865e-28
2054,Solyc03g120690.3,wgd,Unmethylated,Solyc12g044240.2,0.0572951,0.919098,0.0623384,1.58158e-12
2055,Solyc03g120730.3,wgd,gbM,Solyc12g044230.2,0.130957,0.590076,0.221932,7.59193e-26
2056,Solyc03g120770.3,wgd,gbM,Solyc12g044220.2,0.174655,0.766817,0.227766,2.00041e-56
2057,Solyc03g120780.3,wgd,Unmethylated,Solyc06g066660.3,0.127847,0.694873,0.183986,6.50917e-08
2058,Solyc03g120820.3,wgd,TE-like,Solyc12g044380.2,0.111183,1.51093,0.0735858,8.76563e-15
2059,Solyc03g120840.2,wgd,Unmethylated,Solyc12g044390.2,0.244834,3.27365,0.0747893,9.72954e-21
2060,Solyc03g120890.3,wgd,Unmethylated,Solyc08g066510.3,0.368267,4.04044,0.0911453,2.33547e-40
2061,Solyc03g120910.3,wgd,gbM,Solyc12g044410.2,0.0545467,0.685241,0.0796022,3.04765e-92
2062,Solyc03g120920.1,wgd,Unclassified,Solyc06g066530.1,0.187719,1.61515,0.116224,2.01542e-22
2063,Solyc03g120930.1,wgd,Unmethylated,Solyc06g066490.1,0.236653,3.03892,0.0778741,1.88984e-15
2064,Solyc03g120940.3,wgd,TE-like,Solyc08g066390.3,0.553193,3.81343,0.145064,3.58974e-19
2065,Solyc03g120980.3,wgd,gbM,Solyc12g044560.1,0.307625,1.44053,0.21355,0.000120261
2066,Solyc03g120990.3,wgd,gbM,Solyc12g044600.3,0.07052,0.806743,0.0874133,2.0896e-70
2067,Solyc03g121000.3,wgd,Unclassified,Solyc08g066290.3,0.012894,0.0669411,0.192616,0.0819808
2068,Solyc03g121070.3,wgd,gbM,Solyc06g066440.3,0.0920803,0.777199,0.118477,1.05287e-51
2069,Solyc03g121090.3,wgd,Unclassified,Solyc06g066420.3,0.379516,2.22943,0.17023,1.7371e-11
2070,Solyc03g121100.3,wgd,TE-like,Solyc06g062370.3,0.215515,1.53149,0.140722,1.26781e-22
2071,Solyc03g121140.3,wgd,gbM,Solyc06g062400.2,0.312219,0.739002,0.422487,7.42891e-12
2072,Solyc03g121210.3,wgd,Unclassified,Solyc12g044640.2,0.105954,0.607852,0.174309,8.85765e-19
2073,Solyc03g121220.2,wgd,Unclassified,Solyc12g044670.1,0.0843213,1.25742,0.067059,1.2201e-50
2074,Solyc03g121230.3,wgd,TE-like,Solyc06g062450.3,0.474166,1.77531,0.267089,2.38311e-21
2075,Solyc03g121240.1,wgd,Unclassified,Solyc06g062460.3,0.323263,2.03534,0.158826,2.05999e-33
2076,Solyc03g121280.3,wgd,gbM,Solyc06g062490.3,0.161032,0.871611,0.184752,9.11616e-21
2077,Solyc03g121290.3,wgd,gbM,Solyc12g044700.2,1.20066,1.81789,0.66047,0.000407725
2078,Solyc03g121330.3,wgd,Unclassified,Solyc12g044720.2,0.0536376,0.558456,0.0960462,6.16737e-15
2079,Solyc03g121360.1,wgd,Unmethylated,Solyc06g062510.3,0.0403039,1.22467,0.0329099,3.86871e-47
2080,Solyc03g121370.3,wgd,Unclassified,Solyc12g044730.2,0.0420913,3.11293,0.0135214,1.35475e-35
2081,Solyc03g121400.1,wgd,Unmethylated,Solyc06g062520.1,0.253515,3.52783,0.0718614,6.31968e-28
2082,Solyc03g121410.3,wgd,TE-like,Solyc06g062530.3,0.0536994,0.79503,0.0675439,7.98092e-65
2083,Solyc03g121420.3,wgd,Unclassified,Solyc06g062540.3,0.145312,1.19884,0.12121,1.04149e-26
2084,Solyc03g121440.3,wgd,gbM,Solyc12g044840.2,0.10383,2.01762,0.0514618,8.63852e-63
2085,Solyc03g121520.3,wgd,TE-like,Solyc12g044850.2,0.217015,1.01427,0.213962,6.01396e-07
2086,Solyc03g121540.3,wgd,gbM,Solyc06g062580.3,0.0761638,0.615637,0.123715,8.77676e-61
2087,Solyc03g121570.3,wgd,TE-like,Solyc06g062590.3,0.0534138,0.847036,0.0630597,3.64703e-69
2088,Solyc03g121590.3,wgd,TE-like,Solyc12g044900.2,0.0875408,0.670328,0.130594,2.22274e-58
2089,Solyc03g121600.3,wgd,TE-like,Solyc06g062600.3,0.103774,0.95417,0.108758,4.96624e-42
2090,Solyc03g121620.1,wgd,Unmethylated,Solyc08g065140.1,0.394735,3.88775,0.101533,5.88114e-35
2091,Solyc03g121660.3,wgd,Unmethylated,Solyc08g063040.3,0.144258,3.45022,0.0418111,2.58123e-46
2092,Solyc03g121700.3,wgd,gbM,Solyc06g062690.3,0.187479,0.777975,0.240983,5.30479e-18
2093,Solyc03g121710.2,wgd,gbM,Solyc06g062720.2,0.586396,1.1466,0.511422,0.00428803
2094,Solyc03g121730.3,wgd,TE-like,Solyc06g062750.3,0.114303,0.773664,0.147743,4.51546e-29
2095,Solyc03g121760.3,wgd,Unclassified,Solyc08g062940.3,0.391105,4.14551,0.0943441,9.84198e-41
2096,Solyc03g121770.2,wgd,TE-like,Solyc07g040710.3,0.237468,5.43345,0.0437048,5.23574e-41
2097,Solyc03g121800.3,wgd,TE-like,Solyc12g044910.2,0.0760171,1.43455,0.0529902,1.70581e-26
2098,Solyc03g121810.2,wgd,gbM,Solyc06g062780.3,0.108948,0.785371,0.138722,3.44464e-91
2099,Solyc03g121820.3,wgd,TE-like,Solyc06g062790.3,0.075097,0.531793,0.141215,4.03042e-33
2100,Solyc03g121830.1,wgd,gbM,Solyc06g062810.1,0.0427784,0.657772,0.0650352,7.13806e-50
2101,Solyc03g121840.3,wgd,gbM,Solyc07g040920.2,0.472044,3.68528,0.128089,2.12126e-17
2102,Solyc03g121860.1,wgd,Unmethylated,Solyc12g049220.2,0.0779619,2.02829,0.0384371,5.02842e-40
2103,Solyc03g121870.3,wgd,gbM,Solyc08g062770.3,0.409975,3.77093,0.10872,1.01306e-49
2104,Solyc03g121880.3,wgd,TE-like,Solyc07g040990.3,0.369791,4.25922,0.0868214,3.01614e-52
2105,Solyc03g121890.1,wgd,Unmethylated,Solyc07g041070.3,0.598323,3.4366,0.174103,1.58824e-33
2106,Solyc03g121910.1,wgd,Unclassified,Solyc06g062845.1,0.0409858,1.38065,0.0296859,7.28386e-100
2107,Solyc03g121930.3,wgd,gbM,Solyc06g062850.3,0.258335,0.628378,0.411113,8.46084e-06
2108,Solyc03g121950.3,wgd,TE-like,Solyc06g062860.3,0.166687,0.796853,0.209181,4.6186e-32
2109,Solyc03g121960.3,wgd,TE-like,Solyc07g041210.3,0.16204,2.1258,0.0762252,5.06714e-110
2110,Solyc03g121970.1,wgd,Unclassified,Solyc07g041290.2,0.40329,3.6835,0.109486,1.18285e-40
2111,Solyc03g121980.3,wgd,TE-like,Solyc12g049270.2,0.0528435,0.675684,0.0782075,5.82519e-46
2112,Solyc03g122020.3,wgd,TE-like,Solyc06g062887.1,0.380215,1.95332,0.19465,3.15699e-08
2113,Solyc03g122040.3,wgd,TE-like,Solyc06g063050.3,0.357789,0.839622,0.426131,5.23312e-11
2114,Solyc03g122080.3,wgd,gbM,Solyc12g049500.2,0.216816,0.62658,0.346031,2.12786e-14
2115,Solyc03g122090.3,wgd,TE-like,Solyc06g063030.3,0.0484642,0.553745,0.0875208,2.66406e-20
2116,Solyc03g122100.2,wgd,Unclassified,Solyc12g009260.2,0.563772,4.09881,0.137545,1.58718e-39
2117,Solyc03g122180.3,wgd,gbM,Solyc12g009230.2,0.179848,4.16663,0.043164,1.26324e-84
2118,Solyc03g122190.3,wgd,Unclassified,Solyc12g009220.2,0.508782,3.7098,0.137145,1.69883e-24
2119,Solyc03g122230.2,wgd,Unclassified,Solyc12g009190.2,0.358584,4.47675,0.0800991,2.57316e-93
2120,Solyc03g122240.3,wgd,Unclassified,Solyc06g062990.2,0.0634843,0.911481,0.0696495,3.76173e-77
2121,Solyc03g122250.3,wgd,gbM,Solyc12g049390.2,0.111544,0.539768,0.206651,1.02099e-29
2122,Solyc03g122260.3,wgd,Unclassified,Solyc06g062980.3,0.0391829,0.591914,0.0661969,1.09881e-15
2123,Solyc03g122270.3,wgd,TE-like,Solyc12g009160.2,0.39627,4.64005,0.085402,3.95236e-81
2124,Solyc03g122300.2,wgd,Unclassified,Solyc06g062960.2,0.168655,2.21288,0.0762149,6.4656e-21
2125,Solyc03g122320.1,wgd,Unmethylated,Solyc06g062930.1,0.553478,0.634782,0.871917,0.532578
2126,Solyc03g123400.1,wgd,Unclassified,Solyc12g049320.2,0.176165,1.38427,0.127262,9.10972e-50
2127,Solyc03g123500.4,wgd,Unclassified,Solyc06g063070.3,0.198038,1.08945,0.181778,2.6188e-21
2128,Solyc03g123570.3,wgd,TE-like,Solyc12g049590.2,0.159256,0.691528,0.230296,3.88223e-84
2129,Solyc03g123580.3,wgd,TE-like,Solyc12g055680.1,0.386412,0.814715,0.474292,0.0118415
2130,Solyc03g123600.3,wgd,gbM,Solyc06g063090.3,0.0726908,0.844525,0.086073,1.70888e-33
2131,Solyc03g123660.3,wgd,gbM,Solyc06g063100.3,0.0668666,0.566143,0.118109,4.63819e-22
2132,Solyc03g123680.1,wgd,Unmethylated,Solyc06g063110.2,0.304938,1.76044,0.173217,3.20542e-17
2133,Solyc03g123720.3,wgd,TE-like,Solyc06g063120.3,0.164424,2.03911,0.0806353,6.2192e-54
2134,Solyc03g123730.3,wgd,TE-like,Solyc06g063140.3,0.00607708,0.816294,0.00744472,2.55731e-90
2135,Solyc03g123740.3,wgd,TE-like,Solyc06g063150.3,0.180871,1.81756,0.099513,1.82512e-48
2136,Solyc03g123750.3,wgd,Unclassified,Solyc12g055730.2,0.209772,1.44598,0.145072,5.24771e-41
2137,Solyc03g123790.3,wgd,gbM,Solyc12g055750.2,0.149587,0.815184,0.183501,3.75869e-30
2138,Solyc03g123900.3,wgd,TE-like,Solyc06g063260.3,0.103767,0.686954,0.151054,5.71099e-39
2139,Solyc04g005140.2,wgd,gbM,Solyc05g010340.3,0.135732,1.1108,0.122193,2.42945e-34
2140,Solyc04g005170.1,wgd,TE-like,Solyc05g010517.1,0.239978,2.46237,0.0974582,1.33407e-17
2141,Solyc04g005220.2,wgd,Unclassified,Solyc05g010610.3,0.29591,1.15149,0.256979,2.71198e-05
2142,Solyc04g005260.2,wgd,NA,Solyc05g010800.3,0.187148,1.15141,0.162539,1.65857e-15
2143,Solyc04g005280.3,wgd,gbM,Solyc05g011810.3,0.306492,0.674927,0.45411,3.65575e-05
2144,Solyc04g005290.3,wgd,gbM,Solyc01g010140.1,0.55964,2.37211,0.235925,2.31738e-11
2145,Solyc04g005320.3,wgd,TE-like,Solyc05g012020.3,0.144215,0.837785,0.172138,2.46553e-17
2146,Solyc04g005340.2,wgd,gbM,Solyc05g012070.3,0.0255949,1.37642,0.0185952,6.45125e-76
2147,Solyc04g005380.3,wgd,Unclassified,Solyc05g012210.3,0.235861,1.0214,0.23092,9.96188e-20
2148,Solyc04g005410.2,wgd,gbM,Solyc05g012330.3,0.17258,0.951815,0.181317,3.79869e-30
2149,Solyc04g005420.3,wgd,gbM,Solyc01g010310.3,0.238369,1.43984,0.165553,4.89109e-10
2150,Solyc04g005430.3,wgd,gbM,Solyc05g012450.3,0.10485,0.62355,0.168151,6.48017e-41
2151,Solyc04g005440.1,wgd,TE-like,Solyc05g012490.1,0.232828,0.906343,0.256887,7.71576e-20
2152,Solyc04g005470.3,wgd,TE-like,Solyc05g012550.3,0.292699,0.867896,0.337251,8.82718e-09
2153,Solyc04g005490.3,wgd,TE-like,Solyc05g012610.3,0.0621523,0.741902,0.0837743,8.65607e-63
2154,Solyc04g005500.3,wgd,TE-like,Solyc05g012640.3,0.289926,0.722883,0.401069,4.71931e-22
2155,Solyc04g005530.2,wgd,gbM,Solyc05g012805.1,0.461313,1.42692,0.323293,3.58272e-10
2156,Solyc04g005560.3,wgd,TE-like,Solyc05g013040.3,0.0620838,0.575214,0.107932,1.11162e-122
2157,Solyc04g005570.3,wgd,Unclassified,Solyc05g013130.3,0.148722,1.31616,0.112997,5.18671e-17
2158,Solyc04g005580.1,wgd,Unmethylated,Solyc05g013170.2,0.376065,2.3757,0.158296,8.19664e-14
2159,Solyc04g005590.3,wgd,Unclassified,Solyc05g013190.3,0.187309,1.03808,0.180439,4.01142e-10
2160,Solyc04g005640.3,wgd,TE-like,Solyc05g013203.1,0.461647,3.53279,0.130675,6.42147e-20
2161,Solyc04g005670.2,wgd,gbM,Solyc05g007220.3,0.168148,1.49112,0.112767,2.18862e-62
2162,Solyc04g005680.3,wgd,Unclassified,Solyc01g010540.3,NA,0.706187,3.14427e-15,NA
2163,Solyc04g005710.2,wgd,gbM,Solyc05g007160.3,0.234399,0.920757,0.254571,3.07899e-14
2164,Solyc04g005780.1,wgd,Unclassified,Solyc05g007010.2,0.188497,1.60836,0.117198,2.48931e-69
2165,Solyc04g005790.3,wgd,gbM,Solyc05g006990.3,0.133277,0.897836,0.148443,1.45827e-53
2166,Solyc04g005800.3,wgd,Unclassified,Solyc05g006980.3,0.207208,3.65755,0.0566521,2.48058e-37
2167,Solyc04g005810.3,wgd,Unclassified,Solyc05g006830.3,0.150214,0.854218,0.17585,9.83791e-10
2168,Solyc04g005860.3,wgd,TE-like,Solyc05g006660.3,0.106343,0.525266,0.202455,1.14404e-20
2169,Solyc04g005890.2,wgd,TE-like,Solyc05g010360.1,0.583177,2.10416,0.277154,5.19376e-19
2170,Solyc04g006930.3,wgd,gbM,Solyc05g010140.3,0.2604,1.26814,0.205339,8.86637e-32
2171,Solyc04g006940.3,wgd,gbM,Solyc05g006640.3,0.46956,4.84478,0.0969207,1.55637e-144
2172,Solyc04g006980.1,wgd,Unclassified,Solyc05g009900.2,0.367883,1.25564,0.292985,3.15827e-11
2173,Solyc04g006990.3,wgd,TE-like,Solyc05g009880.3,0.186419,3.52107,0.0529438,4.28307e-48
2174,Solyc04g007000.1,wgd,TE-like,Solyc05g009790.1,0.194234,5.65756,0.0343318,3.75889e-45
2175,Solyc04g007060.3,wgd,TE-like,Solyc05g009630.3,0.412902,1.92924,0.214023,6.95913e-61
2176,Solyc04g007100.3,wgd,TE-like,Solyc05g009600.3,0.0673047,0.618548,0.108811,1.36316e-58
2177,Solyc04g007150.3,wgd,TE-like,Solyc05g009470.3,0.104049,1.30185,0.0799239,2.56706e-71
2178,Solyc04g007170.3,wgd,gbM,Solyc03g119580.1,0.538064,3.7384,0.143929,1.05642e-30
2179,Solyc04g007210.3,wgd,Unclassified,Solyc03g119540.3,0.396915,4.02946,0.0985031,1.6202e-47
2180,Solyc04g007220.3,wgd,TE-like,Solyc05g009360.3,0.0857499,0.71934,0.119206,7.02529e-16
2181,Solyc04g007280.3,wgd,TE-like,Solyc02g091020.2,0.634147,4.6541,0.136256,1.18178e-44
2182,Solyc04g007290.3,wgd,TE-like,Solyc03g119400.3,0.735321,4.6031,0.159745,2.28887e-29
2183,Solyc04g007300.3,wgd,TE-like,Solyc03g119390.3,0.440028,3.31291,0.132822,0
2184,Solyc04g007340.3,wgd,Unmethylated,Solyc05g009200.2,0.347122,1.72543,0.20118,5.50797e-15
2185,Solyc04g007370.3,wgd,gbM,Solyc05g009160.3,0.0684907,0.585121,0.117054,1.35904e-35
2186,Solyc04g007380.2,wgd,TE-like,Solyc05g009040.3,0.238303,1.59673,0.149244,2.98236e-44
2187,Solyc04g007390.3,wgd,TE-like,Solyc03g119240.3,0.340683,4.22823,0.0805734,3.48469e-60
2188,Solyc04g007400.3,wgd,TE-like,Solyc05g008930.3,0.409109,2.83623,0.144244,9.87315e-49
2189,Solyc04g007460.3,wgd,Unclassified,Solyc05g008830.3,0.21986,1.41661,0.155201,8.44806e-52
2190,Solyc04g007500.1,wgd,Unmethylated,Solyc05g008640.1,0.248491,2.41913,0.102719,1.8747e-21
2191,Solyc04g007520.3,wgd,TE-like,Solyc05g008580.3,0.0745676,0.800716,0.0931261,1.10646e-45
2192,Solyc04g007530.3,wgd,TE-like,Solyc05g008500.2,0.191708,2.33373,0.0821467,1.44545e-43
2193,Solyc04g007550.3,wgd,gbM,Solyc05g008460.3,0.0199677,0.899644,0.0221951,9.44494e-98
2194,Solyc04g007560.3,wgd,TE-like,Solyc05g008430.3,0.0885667,0.707755,0.125138,9.06525e-79
2195,Solyc04g007580.1,wgd,Unmethylated,Solyc02g091180.1,0.307395,3.44361,0.0892655,8.90036e-25
2196,Solyc04g007600.3,wgd,gbM,Solyc05g008390.3,0.172614,0.742698,0.232415,6.18329e-15
2197,Solyc04g007620.1,wgd,TE-like,Solyc02g091250.1,0.512268,3.27421,0.156455,1.34225e-13
2198,Solyc04g007630.2,wgd,Unclassified,Solyc02g091300.3,0.219106,1.57941,0.138727,7.70078e-16
2199,Solyc04g007640.3,wgd,gbM,Solyc05g008230.3,0.153281,0.66042,0.232096,1.63786e-34
2200,Solyc04g007650.3,wgd,TE-like,Solyc05g008200.3,0.136833,0.574887,0.238016,6.11538e-72
2201,Solyc04g007660.1,wgd,Unmethylated,Solyc05g008130.3,0.247822,1.41152,0.175572,3.04064e-23
2202,Solyc04g007670.1,wgd,Unclassified,Solyc05g008110.3,0.183858,2.06965,0.0888355,2.00282e-15
2203,Solyc04g007690.3,wgd,TE-like,Solyc05g008060.3,0.0685738,1.60051,0.0428449,3.89821e-134
2204,Solyc04g007710.3,wgd,TE-like,Solyc05g008020.3,0.124869,1.16952,0.10677,4.10457e-41
2205,Solyc04g007900.3,wgd,Unclassified,Solyc01g005470.3,0.226696,3.08314,0.0735275,5.07186e-25
2206,Solyc04g007960.3,wgd,TE-like,Solyc01g005400.3,0.405866,1.96023,0.20705,4.53828e-15
2207,Solyc04g008000.3,wgd,TE-like,Solyc01g005370.3,0.202494,2.65939,0.076143,1.67257e-31
2208,Solyc04g008040.3,wgd,TE-like,Solyc01g005330.3,0.0614523,0.69027,0.0890264,2.13587e-56
2209,Solyc04g008100.2,wgd,TE-like,Solyc01g005160.3,0.248297,1.14522,0.216811,3.48396e-24
2210,Solyc04g008210.2,wgd,Unclassified,Solyc01g005120.3,0.143212,1.1078,0.129276,1.31582e-32
2211,Solyc04g008290.3,wgd,TE-like,Solyc01g005080.3,0.142651,0.668896,0.213264,3.35125e-31
2212,Solyc04g008350.1,wgd,TE-like,Solyc01g005070.3,0.269452,2.85398,0.0944126,3.745e-46
2213,Solyc04g009650.3,wgd,gbM,Solyc11g007020.2,0.0962486,0.892678,0.10782,2.5866e-14
2214,Solyc04g009710.2,wgd,TE-like,Solyc05g055280.2,0.234178,1.79884,0.130182,9.24528e-14
2215,Solyc04g009730.3,wgd,TE-like,Solyc11g006680.2,0.131847,0.779398,0.169165,1.47614e-39
2216,Solyc04g009740.3,wgd,TE-like,Solyc11g006620.2,0.0731734,0.670012,0.109212,1.63224e-58
2217,Solyc04g009760.2,wgd,TE-like,Solyc11g006470.2,0.145785,3.34232,0.043618,1.00467e-74
2218,Solyc04g009770.3,wgd,gbM,Solyc05g055160.3,0.0472124,0.630098,0.0749287,3.89499e-46
2219,Solyc04g009780.1,wgd,Unclassified,Solyc11g006450.2,0.264314,1.68165,0.157175,4.64418e-14
2220,Solyc04g009795.1,wgd,TE-like,Solyc11g006410.2,0.158899,0.859433,0.184888,1.18133e-46
2221,Solyc04g009800.3,wgd,TE-like,Solyc11g006370.2,0.0663067,0.651152,0.10183,8.44742e-52
2222,Solyc04g009820.3,wgd,TE-like,Solyc11g006230.2,0.146335,1.22793,0.119172,2.25711e-24
2223,Solyc04g009900.3,wgd,Unmethylated,Solyc05g055050.2,0.178833,3.66631,0.0487775,5.25846e-41
2224,Solyc04g009920.3,wgd,TE-like,Solyc05g055040.3,0.0945167,0.539681,0.175134,3.46606e-34
2225,Solyc04g009980.3,wgd,TE-like,Solyc05g055020.3,0.151405,2.04974,0.0738655,1.50273e-25
2226,Solyc04g010000.3,wgd,Unclassified,Solyc05g055010.3,0.120319,0.782183,0.153825,4.94471e-16
2227,Solyc04g010070.3,wgd,TE-like,Solyc05g054980.3,0.0695173,0.739852,0.093961,4.90504e-59
2228,Solyc04g010200.1,wgd,Unclassified,Solyc05g054890.3,0.124294,2.64372,0.0470146,5.53336e-161
2229,Solyc04g010240.3,wgd,Unclassified,Solyc06g075620.3,0.0226966,2.03876,0.0111325,3.26233e-32
2230,Solyc04g010270.1,wgd,TE-like,Solyc05g054780.2,0.120972,1.67084,0.0724017,1.48836e-56
2231,Solyc04g010330.3,wgd,TE-like,Solyc11g066380.2,0.585768,3.94892,0.148336,8.85749e-33
2232,Solyc04g011350.3,wgd,TE-like,Solyc05g054640.3,0.0414249,0.574135,0.072152,1.54496e-87
2233,Solyc04g011360.3,wgd,gbM,Solyc06g005350.3,0.022133,3.51663,0.00629382,7.15855e-58
2234,Solyc04g011390.1,wgd,Unmethylated,Solyc05g054610.1,NA,0.79819,2.69701e-12,NA
2235,Solyc04g011400.3,wgd,TE-like,Solyc05g054590.3,0.0639165,1.21554,0.052583,2.67968e-53
2236,Solyc04g011420.3,wgd,Unmethylated,Solyc05g054560.3,0.124007,0.971489,0.127647,2.41805e-22
2237,Solyc04g011430.3,wgd,Unclassified,Solyc05g054540.3,0.0924403,0.665745,0.138852,1.01004e-11
2238,Solyc04g011440.4,wgd,Unclassified,Solyc06g076020.3,0.0428415,1.92452,0.0222609,5.46587e-185
2239,Solyc04g011450.2,wgd,Unclassified,Solyc11g066100.2,0.12878,1.90308,0.0676693,3.55473e-10
2240,Solyc04g011460.2,wgd,TE-like,Solyc11g066090.1,0.265616,4.27937,0.062069,2.07954e-80
2241,Solyc04g011500.3,wgd,TE-like,Solyc06g076090.3,0.0101442,1.9772,0.0051306,3.39575e-127
2242,Solyc04g011510.3,wgd,gbM,Solyc06g005490.3,0.105965,1.43324,0.0739339,3.74407e-49
2243,Solyc04g011520.3,wgd,TE-like,Solyc06g005500.3,0.183587,4.18644,0.0438528,5.60915e-77
2244,Solyc04g011610.2,wgd,Unclassified,Solyc06g005650.2,0.299888,3.38234,0.088663,3.18101e-30
2245,Solyc04g011650.3,wgd,TE-like,Solyc06g076270.3,0.483418,4.51206,0.107139,1.18179e-58
2246,Solyc04g012120.3,wgd,Unclassified,Solyc11g010200.2,0.0314564,1.30082,0.024182,1.31653e-63
2247,Solyc04g014210.3,wgd,TE-like,Solyc11g010310.2,0.182981,0.968805,0.188873,2.43682e-107
2248,Solyc04g014220.1,wgd,Unclassified,Solyc11g010330.2,0.324371,3.74589,0.086594,2.44935e-35
2249,Solyc04g014230.1,wgd,TE-like,Solyc05g051440.1,0.197236,2.24523,0.0878468,1.21186e-35
2250,Solyc04g014250.3,wgd,Unclassified,Solyc11g010440.2,0.20309,0.874707,0.232181,1.10735e-15
2251,Solyc04g014260.2,wgd,Unclassified,Solyc05g051420.2,0.18693,1.17007,0.159759,2.87304e-15
2252,Solyc04g014270.3,wgd,gbM,Solyc11g010450.2,0.0899206,0.65569,0.137139,1.76215e-40
2253,Solyc04g014370.3,wgd,TE-like,Solyc11g010590.2,0.229028,0.915724,0.250106,9.54266e-10
2254,Solyc04g014380.3,wgd,TE-like,Solyc11g010630.3,0.241638,0.868292,0.278291,7.94066e-34
2255,Solyc04g014400.3,wgd,TE-like,Solyc11g010730.2,0.27038,1.77083,0.152686,6.45688e-34
2256,Solyc04g014420.3,wgd,NA,Solyc11g010930.2,0.17028,0.937745,0.181584,3.89523e-08
2257,Solyc04g014430.2,wgd,TE-like,Solyc05g051350.2,0.193348,1.46196,0.132253,6.8099e-68
2258,Solyc04g014460.3,wgd,gbM,Solyc11g011130.2,0.239149,1.05057,0.227638,4.43861e-13
2259,Solyc04g014500.3,wgd,gbM,Solyc11g011360.2,0.123406,1.5451,0.0798691,9.31557e-34
2260,Solyc04g014510.3,wgd,TE-like,Solyc05g051250.3,0.070266,1.26212,0.0556729,8.68779e-45
2261,Solyc04g014530.1,wgd,TE-like,Solyc05g051180.2,0.501815,2.01657,0.248846,3.01342e-10
2262,Solyc04g014540.2,wgd,TE-like,Solyc11g011890.2,0.174248,1.9484,0.0894313,1.56194e-35
2263,Solyc04g014570.3,wgd,gbM,Solyc11g011910.2,0.0653879,1.81115,0.0361029,1.56808e-138
2264,Solyc04g014680.3,wgd,Unclassified,Solyc11g012040.2,0.142681,0.689202,0.207024,4.27092e-29
2265,Solyc04g014690.3,wgd,gbM,Solyc11g012050.1,0.0457054,1.6378,0.0279066,3.58057e-69
2266,Solyc04g014700.3,wgd,TE-like,Solyc11g012090.2,0.304686,3.60741,0.0844613,2.54534e-15
2267,Solyc04g014720.3,wgd,TE-like,Solyc05g054070.3,0.0614234,0.95894,0.0640535,5.15448e-33
2268,Solyc04g014730.3,wgd,Unclassified,Solyc11g012160.2,0.129821,1.72117,0.0754261,1.09999e-57
2269,Solyc04g014760.3,wgd,Unclassified,Solyc05g054110.3,0.0857066,0.931056,0.092053,6.84731e-18
2270,Solyc04g014780.1,wgd,Unclassified,Solyc05g054120.1,0.364597,1.43202,0.254604,2.44145e-06
2271,Solyc04g014800.3,wgd,gbM,Solyc11g012410.2,0.105055,0.939725,0.111793,2.70891e-29
2272,Solyc04g014810.3,wgd,TE-like,Solyc11g012440.1,0.109191,1.63675,0.0667118,1.59427e-88
2273,Solyc04g014820.3,wgd,TE-like,Solyc11g012470.2,0.183775,0.768606,0.239101,2.13154e-23
2274,Solyc04g014830.2,wgd,gbM,Solyc05g054170.3,0.195501,0.757295,0.258157,2.43703e-21
2275,Solyc04g014840.3,wgd,Unclassified,Solyc11g012590.2,0.422241,1.75486,0.240612,1.3221e-05
2276,Solyc04g014850.3,wgd,TE-like,Solyc11g012610.2,0.169828,1.64799,0.103052,1.65591e-31
2277,Solyc04g015010.3,wgd,gbM,Solyc11g012660.2,0.128828,0.924924,0.139285,1.2312e-40
2278,Solyc04g015020.3,wgd,Unclassified,Solyc05g054210.3,0.197563,1.5375,0.128497,3.44044e-27
2279,Solyc04g015030.3,wgd,Unclassified,Solyc11g012690.2,0.218723,1.07019,0.204378,2.00294e-13
2280,Solyc04g015060.2,wgd,TE-like,Solyc11g012750.2,0.258478,1.60529,0.161017,9.44889e-18
2281,Solyc04g015070.3,wgd,TE-like,Solyc11g012780.2,0.108673,0.852595,0.127462,1.72616e-16
2282,Solyc04g015110.3,wgd,TE-like,Solyc11g012785.1,0.288916,1.43344,0.201555,9.90201e-36
2283,Solyc04g015520.3,wgd,Unclassified,Solyc10g080230.2,0.197546,0.924713,0.213629,1.05548e-10
2284,Solyc04g015530.2,wgd,TE-like,Solyc10g080210.2,0.281729,1.37879,0.20433,1.45001e-18
2285,Solyc04g015570.3,wgd,gbM,Solyc10g080200.2,0.151904,0.845898,0.179577,1.10068e-18
2286,Solyc04g015585.1,wgd,TE-like,Solyc10g080190.1,0.25621,1.18004,0.21712,0.000144372
2287,Solyc04g015730.2,wgd,Unclassified,Solyc10g080140.2,0.397682,1.14271,0.348016,1.68182e-06
2288,Solyc04g015830.3,wgd,TE-like,Solyc10g079400.2,0.276634,1.00758,0.274552,1.76057e-13
2289,Solyc04g015850.2,wgd,Unmethylated,Solyc10g079390.1,0.297995,1.73981,0.17128,6.57454e-20
2290,Solyc04g016000.3,wgd,Unclassified,Solyc10g079380.2,0.16263,0.787203,0.206592,6.48816e-13
2291,Solyc04g016010.3,wgd,TE-like,Solyc10g080080.2,0.129596,0.641979,0.20187,2.15326e-18
2292,Solyc04g016050.3,wgd,TE-like,Solyc10g080070.2,0.110922,0.572092,0.193888,1.27772e-23
2293,Solyc04g016060.1,wgd,Unmethylated,Solyc10g080050.2,0.15902,1.5326,0.103759,5.86922e-25
2294,Solyc04g016130.3,wgd,TE-like,Solyc10g080020.2,0.233692,0.994874,0.234897,7.95492e-26
2295,Solyc04g016160.3,wgd,TE-like,Solyc10g080010.2,0.142438,0.799334,0.178196,4.44673e-33
2296,Solyc04g016190.1,wgd,TE-like,Solyc10g079930.1,0.334368,4.27595,0.0781974,5.72364e-53
2297,Solyc04g016200.1,wgd,gbM,Solyc10g079340.2,0.172548,1.60831,0.107285,2.67601e-33
2298,Solyc04g016260.3,wgd,TE-like,Solyc10g079300.2,0.100227,0.663538,0.151049,7.26792e-73
2299,Solyc04g016280.3,wgd,TE-like,Solyc10g079910.2,0.0547768,0.926712,0.0591088,4.25983e-47
2300,Solyc04g016290.3,wgd,TE-like,Solyc10g079900.2,0.707879,1.6243,0.435807,1.49497e-11
2301,Solyc04g016400.3,wgd,TE-like,Solyc10g079890.2,0.114675,2.25897,0.0507644,2.47991e-35
2302,Solyc04g016430.3,wgd,gbM,Solyc10g079870.2,0.116359,1.05768,0.110013,6.2335e-56
2303,Solyc04g016440.3,wgd,Unclassified,Solyc10g079260.2,0.115994,0.615363,0.188497,1.80078e-10
2304,Solyc04g016470.3,wgd,TE-like,Solyc10g079860.2,0.159073,1.9233,0.0827081,4.83895e-41
2305,Solyc04g016480.3,wgd,TE-like,Solyc10g079240.2,0.241054,0.968412,0.248917,5.16887e-19
2306,Solyc04g017690.3,wgd,Unmethylated,Solyc10g079820.2,0.091546,3.09928,0.0295379,5.03057e-26
2307,Solyc04g017710.3,wgd,TE-like,Solyc10g079190.2,0.0453222,0.616495,0.073516,1.94944e-50
2308,Solyc04g017750.3,wgd,gbM,Solyc10g079790.1,0.368011,1.39093,0.264578,9.05907e-30
2309,Solyc04g025790.1,wgd,Unclassified,Solyc05g005870.3,0.433013,2.27121,0.190654,1.97738e-05
2310,Solyc04g025870.3,wgd,TE-like,Solyc05g005780.3,0.0867778,0.508612,0.170617,5.59199e-54
2311,Solyc04g025940.3,wgd,TE-like,Solyc05g005750.3,0.0544881,1.13773,0.0478918,1.25588e-104
2312,Solyc04g025990.3,wgd,TE-like,Solyc05g005720.3,0.115493,1.13801,0.101487,4.99689e-90
2313,Solyc04g026030.3,wgd,gbM,Solyc05g005710.3,0.0522427,0.840175,0.0621808,1.39393e-42
2314,Solyc04g026100.1,wgd,Unmethylated,Solyc05g005690.1,0.0240972,2.02705,0.0118879,7.16788e-42
2315,Solyc04g026220.3,wgd,TE-like,Solyc05g005630.3,0.239473,1.06792,0.224243,3.64912e-06
2316,Solyc04g051150.3,wgd,gbM,Solyc04g071540.3,0.37553,4.46828,0.0840436,2.81753e-96
2317,Solyc04g051340.3,wgd,gbM,Solyc04g071760.3,0.327169,3.76822,0.0868231,1.45559e-56
2318,Solyc04g051360.3,wgd,TE-like,Solyc04g071770.3,0.596961,3.82123,0.156222,3.61944e-22
2319,Solyc04g051380.1,wgd,TE-like,Solyc04g071860.3,0.478207,3.81748,0.125268,1.88882e-26
2320,Solyc04g051460.3,wgd,TE-like,Solyc04g071920.2,0.343687,4.11835,0.0834526,1.34179e-92
2321,Solyc04g051680.3,wgd,Unclassified,Solyc04g072060.3,0.251476,2.44646,0.102792,2.86226e-26
2322,Solyc04g051690.3,wgd,Unclassified,Solyc04g072070.3,0.552148,1.97741,0.279227,0.00104152
2323,Solyc04g053110.1,wgd,Unclassified,Solyc05g051730.1,0.158909,1.48625,0.106919,2.35993e-12
2324,Solyc04g053140.2,wgd,TE-like,Solyc05g051760.2,0.203559,3.22518,0.0631156,7.46931e-28
2325,Solyc04g054320.3,wgd,gbM,Solyc04g072460.3,0.334432,4.12897,0.0809964,1.15445e-45
2326,Solyc04g054330.3,wgd,TE-like,Solyc05g051800.3,0.198628,0.96633,0.205548,1.44831e-18
2327,Solyc04g054490.3,wgd,TE-like,Solyc04g072690.3,0.35527,4.39335,0.0808653,1.27795e-69
2328,Solyc04g054500.3,wgd,TE-like,Solyc04g072700.3,0.288083,3.32914,0.0865337,1.16153e-26
2329,Solyc04g054517.1,wgd,TE-like,Solyc05g051830.3,0.537426,2.97972,0.180361,3.43031e-07
2330,Solyc04g054730.3,wgd,Unclassified,Solyc04g072740.3,0.270835,4.55682,0.0594352,2.44672e-96
2331,Solyc04g054740.3,wgd,Unclassified,Solyc05g051850.3,0.036242,0.505111,0.0717505,1.39346e-55
2332,Solyc04g054760.3,wgd,Unmethylated,Solyc05g051860.3,0.37915,0.79715,0.475633,0.00148253
2333,Solyc04g054810.3,wgd,Unmethylated,Solyc05g051870.3,0.298874,1.88086,0.158903,1.12485e-14
2334,Solyc04g054820.3,wgd,TE-like,Solyc04g072800.3,0.352908,1.71849,0.205359,2.65088e-20
2335,Solyc04g054910.3,wgd,Unmethylated,Solyc04g072900.1,0.305346,3.75365,0.0813464,1.04974e-53
2336,Solyc04g054930.3,wgd,Unclassified,Solyc05g051880.3,0.118883,0.936368,0.126962,1.09297e-25
2337,Solyc04g054960.1,wgd,Unclassified,Solyc05g051890.1,0.347795,1.37049,0.253775,1.88719e-12
2338,Solyc04g055000.3,wgd,Unclassified,Solyc04g073940.3,0.473215,4.31437,0.109683,2.16883e-49
2339,Solyc04g055050.1,wgd,Unclassified,Solyc04g073950.1,0.819731,4.17019,0.196569,3.75128e-38
2340,Solyc04g055080.3,wgd,Unclassified,Solyc04g073960.3,0.199273,4.29749,0.0463697,1.79087e-107
2341,Solyc04g055160.3,wgd,gbM,Solyc05g051970.3,0.154287,0.696483,0.221523,9.28896e-18
2342,Solyc04g055170.3,wgd,gbM,Solyc05g051980.3,0.17419,1.15085,0.151357,3.75378e-25
2343,Solyc04g056260.2,wgd,Unclassified,Solyc04g074130.3,0.234605,4.20413,0.0558034,5.45443e-66
2344,Solyc04g056310.3,wgd,TE-like,Solyc04g074170.2,0.0980619,3.29824,0.0297315,3.41333e-42
2345,Solyc04g071207.1,wgd,TE-like,Solyc11g005330.2,0.229052,2.25731,0.101471,2.23233e-23
2346,Solyc04g071360.3,wgd,Unclassified,Solyc11g005380.2,0.403645,4.28018,0.0943056,3.04918e-62
2347,Solyc04g071400.3,wgd,TE-like,Solyc11g005430.2,0.386168,3.36844,0.114643,4.84112e-16
2348,Solyc04g071480.1,wgd,Unmethylated,Solyc12g056550.1,0.113419,3.0801,0.036823,1.31873e-54
2349,Solyc04g071490.3,wgd,Unclassified,Solyc12g056560.2,0.391453,0.902741,0.433627,6.93496e-05
2350,Solyc04g071520.3,wgd,Unclassified,Solyc11g005450.2,0.458687,3.81937,0.120095,5.02141e-22
2351,Solyc04g071523.1,wgd,Unclassified,Solyc12g056570.1,0.19948,0.812301,0.245574,8.1776e-19
2352,Solyc04g071540.3,wgd,TE-like,Solyc04g051150.3,0.37553,4.46828,0.0840436,2.81753e-96
2353,Solyc04g071640.1,wgd,Unclassified,Solyc11g005500.1,0.462576,3.11585,0.148459,1.82035e-13
2354,Solyc04g071650.3,wgd,gbM,Solyc12g056580.2,0.060689,0.788242,0.0769929,4.67555e-116
2355,Solyc04g071760.3,wgd,TE-like,Solyc04g051340.3,0.327169,3.76822,0.0868231,1.45559e-56
2356,Solyc04g071770.3,wgd,Unmethylated,Solyc04g051360.3,0.596961,3.82123,0.156222,3.61944e-22
2357,Solyc04g071860.3,wgd,TE-like,Solyc04g051380.1,0.478207,3.81748,0.125268,1.88882e-26
2358,Solyc04g071920.2,wgd,gbM,Solyc04g051460.3,0.343687,4.11835,0.0834526,1.34179e-92
2359,Solyc04g071940.3,wgd,gbM,Solyc12g056610.2,0.382914,3.91156,0.0978928,1.60223e-37
2360,Solyc04g071980.3,wgd,Unclassified,Solyc12g056630.2,0.121679,0.963734,0.126258,9.26332e-17
2361,Solyc04g071990.3,wgd,TE-like,Solyc12g056650.2,0.107292,0.682711,0.157155,5.94915e-77
2362,Solyc04g072060.3,wgd,TE-like,Solyc04g051680.3,0.251476,2.44646,0.102792,2.86226e-26
2363,Solyc04g072070.3,wgd,NA,Solyc04g051690.3,0.552148,1.97741,0.279227,0.00104152
2364,Solyc04g072110.3,wgd,Unclassified,Solyc12g056760.2,0.192432,1.09214,0.176198,5.23572e-14
2365,Solyc04g072160.3,wgd,TE-like,Solyc12g056780.2,0.179774,0.927374,0.193853,9.44541e-08
2366,Solyc04g072220.3,wgd,TE-like,Solyc12g056790.2,0.19434,0.790126,0.24596,2.51616e-25
2367,Solyc04g072240.3,wgd,TE-like,Solyc12g056800.2,0.200269,2.92113,0.0685586,3.43827e-60
2368,Solyc04g072280.3,wgd,TE-like,Solyc12g056820.2,0.282227,4.23381,0.0666602,3.22667e-124
2369,Solyc04g072460.3,wgd,gbM,Solyc04g054320.3,0.334432,4.12897,0.0809964,1.15445e-45
2370,Solyc04g072480.3,wgd,TE-like,Solyc12g056840.2,0.142773,0.792608,0.18013,1.88764e-23
2371,Solyc04g072640.3,wgd,TE-like,Solyc12g056900.2,0.129248,0.68619,0.188357,5.30905e-09
2372,Solyc04g072690.3,wgd,TE-like,Solyc04g054490.3,0.35527,4.39335,0.0808653,1.27795e-69
2373,Solyc04g072700.3,wgd,TE-like,Solyc04g054500.3,0.288083,3.32914,0.0865337,1.16153e-26
2374,Solyc04g072740.3,wgd,Unclassified,Solyc12g056920.2,0.14608,1.02626,0.142342,4.39167e-58
2375,Solyc04g072780.3,wgd,Unmethylated,Solyc05g051860.3,0.60972,3.4102,0.178793,2.12198e-12
2376,Solyc04g072800.3,wgd,gbM,Solyc04g054820.3,0.352908,1.71849,0.205359,2.65088e-20
2377,Solyc04g072850.3,wgd,gbM,Solyc01g104950.3,0.445469,4.57773,0.0973121,1.89726e-103
2378,Solyc04g072900.1,wgd,Unmethylated,Solyc12g056980.1,0.2366,1.96987,0.120109,4.99737e-32
2379,Solyc04g072910.3,wgd,TE-like,Solyc01g105100.3,0.14063,4.06534,0.0345925,4.59896e-82
2380,Solyc04g072920.3,wgd,TE-like,Solyc05g051880.3,0.231887,3.8501,0.0602289,1.11043e-51
2381,Solyc04g073940.3,wgd,Unclassified,Solyc12g056995.1,0.263001,1.36625,0.192498,1.55966e-29
2382,Solyc04g073950.1,wgd,Unclassified,Solyc04g055050.1,0.819731,4.17019,0.196569,3.75128e-38
2383,Solyc04g073960.3,wgd,gbM,Solyc12g057010.2,0.144075,2.28325,0.0631006,2.11016e-65
2384,Solyc04g073970.3,wgd,gbM,Solyc05g051970.3,0.304889,2.09341,0.145643,1.18052e-25
2385,Solyc04g073990.3,wgd,gbM,Solyc05g051980.3,0.288209,3.98048,0.0724056,2.87165e-45
2386,Solyc04g074040.3,wgd,TE-like,Solyc01g105140.3,0.203909,3.8942,0.0523623,1.81227e-48
2387,Solyc04g074110.3,wgd,Unclassified,Solyc12g057020.2,0.2389,1.90215,0.125595,5.18675e-26
2388,Solyc04g074130.3,wgd,gbM,Solyc04g056260.2,0.234605,4.20413,0.0558034,5.45443e-66
2389,Solyc04g074170.2,wgd,TE-like,Solyc04g056310.3,0.0980619,3.29824,0.0297315,3.41333e-42
2390,Solyc04g074180.4,wgd,gbM,Solyc12g057040.2,0.0788159,1.30474,0.0604073,8.43083e-69
2391,Solyc04g074190.3,wgd,TE-like,Solyc01g105280.3,0.191051,2.33767,0.0817271,1.00111e-45
2392,Solyc04g074220.3,wgd,TE-like,Solyc11g009000.2,0.307607,3.73334,0.0823945,1.11244e-33
2393,Solyc04g074250.2,wgd,gbM,Solyc01g105330.3,0.657995,4.73756,0.138889,3.29165e-54
2394,Solyc04g074380.3,wgd,Unclassified,Solyc12g057060.2,0.132963,1.42862,0.0930709,1.00679e-69
2395,Solyc04g074390.3,wgd,Unclassified,Solyc12g057070.2,0.135216,1.20986,0.111762,4.7227e-61
2396,Solyc04g074400.1,wgd,Unclassified,Solyc01g105410.3,0.279835,3.95892,0.0706847,4.34316e-50
2397,Solyc04g074480.3,wgd,Unclassified,Solyc11g009080.2,0.125428,4.33397,0.0289406,4.33964e-132
2398,Solyc04g074500.3,wgd,gbM,Solyc11g010130.2,0.172546,3.85805,0.0447237,8.59779e-57
2399,Solyc04g074510.3,wgd,Unclassified,Solyc11g010200.2,0.0973495,3.7777,0.0257695,4.53059e-67
2400,Solyc04g074550.3,wgd,TE-like,Solyc12g057120.3,0.161997,0.863179,0.187675,6.71293e-10
2401,Solyc04g074580.1,wgd,Unmethylated,Solyc11g010230.2,NA,1.36477,7.7192e-12,NA
2402,Solyc04g074700.3,wgd,Unclassified,Solyc11g010270.2,0.415707,3.6022,0.115404,0
2403,Solyc04g074720.3,wgd,TE-like,Solyc12g057130.2,0.121699,0.878634,0.13851,4.97955e-71
2404,Solyc04g074790.2,wgd,gbM,Solyc11g010330.2,0.556419,3.75059,0.148355,3.56844e-48
2405,Solyc04g074810.3,wgd,TE-like,Solyc11g010340.2,0.327365,3.91711,0.0835732,3.50417e-67
2406,Solyc04g074820.2,wgd,Unclassified,Solyc12g087860.2,0.484034,3.90034,0.1241,5.6139e-31
2407,Solyc04g074830.1,wgd,Unclassified,Solyc11g010370.1,0.692191,1.58222,0.437482,4.86352e-09
2408,Solyc04g074840.3,wgd,Unclassified,Solyc11g010380.2,0.250377,4.37254,0.0572613,7.69481e-76
2409,Solyc04g074870.3,wgd,Unclassified,Solyc12g087870.2,0.316145,2.60781,0.12123,5.39455e-40
2410,Solyc04g074950.3,wgd,Unmethylated,Solyc11g010420.2,0.271862,3.58929,0.0757426,3.91759e-46
2411,Solyc04g076030.2,wgd,gbM,Solyc12g087890.2,0.223166,0.658053,0.339131,5.12353e-11
2412,Solyc04g076040.3,wgd,Unclassified,Solyc12g087900.2,0.273058,0.946,0.288645,1.13453e-11
2413,Solyc04g076060.3,wgd,Unclassified,Solyc11g010470.2,0.101958,3.7371,0.0272826,0
2414,Solyc04g076100.3,wgd,TE-like,Solyc11g010490.2,0.27051,2.06335,0.131103,1.20749e-132
2415,Solyc04g076150.3,wgd,TE-like,Solyc01g105720.2,0.475639,2.49078,0.19096,4.39169e-27
2416,Solyc04g076190.1,wgd,TE-like,Solyc12g087940.2,0.140538,1.15675,0.121494,6.68899e-49
2417,Solyc04g076220.3,wgd,Unclassified,Solyc12g087950.1,0.26545,1.5612,0.17003,2.06454e-27
2418,Solyc04g076280.3,wgd,TE-like,Solyc01g105800.3,0.324991,3.5969,0.0903532,2.56727e-29
2419,Solyc04g076290.3,wgd,TE-like,Solyc11g010600.2,0.212578,4.30596,0.0493683,2.14874e-83
2420,Solyc04g076300.3,wgd,gbM,Solyc11g010610.2,0.494467,3.88484,0.127281,5.13246e-34
2421,Solyc04g076340.3,wgd,TE-like,Solyc12g087960.2,0.122489,0.887103,0.138078,2.15878e-15
2422,Solyc04g076350.1,wgd,TE-like,Solyc11g010630.3,0.461075,4.76197,0.0968245,6.76128e-87
2423,Solyc04g076360.3,wgd,gbM,Solyc12g087970.2,0.333746,0.814021,0.409996,1.25688e-12
2424,Solyc04g076410.3,wgd,TE-like,Solyc12g087990.2,0.345878,1.02864,0.336247,5.10567e-07
2425,Solyc04g076470.1,wgd,Unmethylated,Solyc11g010720.1,0.402866,2.62651,0.153384,5.9032e-21
2426,Solyc04g076525.1,wgd,Unclassified,Solyc01g106030.3,0.501738,3.7346,0.134349,6.53128e-22
2427,Solyc04g076540.3,wgd,TE-like,Solyc12g088010.2,0.131119,0.694146,0.188893,1.42721e-118
2428,Solyc04g076630.3,wgd,gbM,Solyc12g088050.2,0.230972,1.95837,0.117941,2.23934e-81
2429,Solyc04g076670.3,wgd,TE-like,Solyc12g088060.2,0.137518,1.25755,0.109354,9.68084e-16
2430,Solyc04g076700.3,wgd,TE-like,Solyc02g091550.2,0.180482,3.70815,0.0486716,2.78419e-42
2431,Solyc04g076750.2,wgd,Unclassified,Solyc01g106200.2,0.227205,2.00321,0.113421,3.549e-100
2432,Solyc04g076790.3,wgd,gbM,Solyc02g091560.3,0.0821055,4.38726,0.0187145,1.09463e-137
2433,Solyc04g076820.1,wgd,Unmethylated,Solyc01g106320.2,0.354473,3.09479,0.114539,3.95053e-46
2434,Solyc04g076860.3,wgd,Unmethylated,Solyc02g091710.3,0.286569,4.64536,0.0616894,6.05928e-94
2435,Solyc04g076870.3,wgd,gbM,Solyc01g106390.3,0.194472,4.43417,0.0438576,4.78123e-112
2436,Solyc04g076880.3,wgd,Unclassified,Solyc12g088160.2,0.0676947,1.18419,0.0571653,8.6163e-93
2437,Solyc04g076980.3,wgd,Unmethylated,Solyc01g106500.3,0.310005,3.85696,0.0803755,9.43852e-78
2438,Solyc04g077020.3,wgd,gbM,Solyc12g088180.1,0.0320443,1.98134,0.016173,8.5843e-49
2439,Solyc04g077050.3,wgd,Unclassified,Solyc12g088190.2,0.127152,1.78056,0.0714114,4.92132e-65
2440,Solyc04g077120.3,wgd,gbM,Solyc12g088200.2,0.0953586,0.949026,0.10048,1.43436e-38
2441,Solyc04g077140.3,wgd,Unmethylated,Solyc01g106690.3,0.334094,4.3243,0.0772596,1.48412e-54
2442,Solyc04g077170.3,wgd,NA,Solyc02g091910.2,0.407311,3.24342,0.125581,6.56047e-23
2443,Solyc04g077190.3,wgd,gbM,Solyc12g088210.2,0.12817,0.656511,0.195228,1.31305e-53
2444,Solyc04g077220.3,wgd,TE-like,Solyc02g091930.3,0.384673,3.71054,0.10367,1.09134e-40
2445,Solyc04g077240.3,wgd,Unmethylated,Solyc12g088220.2,0.159066,3.66089,0.0434502,6.84575e-49
2446,Solyc04g077260.3,wgd,TE-like,Solyc02g091980.2,0.437736,3.82858,0.114334,1.25372e-37
2447,Solyc04g077400.4,wgd,gbM,Solyc12g088230.2,0.167216,0.755497,0.221333,8.44561e-38
2448,Solyc04g077410.3,wgd,TE-like,Solyc02g091990.3,0.225279,4.24058,0.0531245,3.41363e-125
2449,Solyc04g077420.3,wgd,TE-like,Solyc02g092000.3,0.22082,3.90186,0.0565935,1.57956e-60
2450,Solyc04g077470.3,wgd,gbM,Solyc12g088240.2,0.0863177,1.28206,0.0673273,5.32516e-87
2451,Solyc04g077490.3,wgd,gbM,Solyc02g092050.3,0.312607,4.379,0.0713878,2.50437e-101
2452,Solyc04g077510.3,wgd,gbM,Solyc02g092070.3,0.43073,4.38932,0.0981314,1.79146e-57
2453,Solyc04g077580.3,wgd,Unclassified,Solyc02g092110.3,0.328077,3.46539,0.0946723,4.17635e-09
2454,Solyc04g077590.3,wgd,gbM,Solyc02g092140.1,0.381296,4.06631,0.0937695,2.96833e-51
2455,Solyc04g077600.3,wgd,Unclassified,Solyc02g092160.3,0.479681,2.25162,0.213038,1.88343e-27
2456,Solyc04g077615.1,wgd,TE-like,Solyc02g092190.1,0.48522,3.36354,0.144259,3.58292e-12
2457,Solyc04g077680.3,wgd,TE-like,Solyc12g088290.2,0.147476,0.831427,0.177377,1.19542e-54
2458,Solyc04g077690.2,wgd,NA,Solyc12g088300.2,0.203409,1.82787,0.111282,8.89638e-18
2459,Solyc04g077745.1,wgd,Unclassified,Solyc02g092270.3,0.440593,3.06567,0.143718,2.23457e-12
2460,Solyc04g077780.3,wgd,Unclassified,Solyc12g088320.2,0.0598343,0.863653,0.0692805,3.99357e-23
2461,Solyc04g077810.1,wgd,TE-like,Solyc12g088330.1,0.41387,1.27447,0.324737,4.39601e-09
2462,Solyc04g077850.3,wgd,Unmethylated,Solyc12g088360.2,0.0853439,0.867921,0.0983314,2.04352e-47
2463,Solyc04g077870.3,wgd,gbM,Solyc02g092450.3,0.134197,4.9248,0.0272493,1.27798e-234
2464,Solyc04g077920.3,wgd,gbM,Solyc12g088370.2,0.107365,0.817549,0.131326,1.69593e-33
2465,Solyc04g077960.1,wgd,Unclassified,Solyc01g107140.2,0.4462,3.74032,0.119295,7.71572e-37
2466,Solyc04g077980.1,wgd,Unclassified,Solyc01g107170.2,0.486329,3.88405,0.125212,4.25327e-21
2467,Solyc04g077990.3,wgd,Unclassified,Solyc01g107190.3,0.432434,2.51242,0.172119,2.20248e-18
2468,Solyc04g078000.3,wgd,TE-like,Solyc01g107200.3,0.394367,4.55404,0.0865972,2.89183e-63
2469,Solyc04g078010.3,wgd,TE-like,Solyc12g088410.2,0.263506,0.6706,0.39294,0.00170145
2470,Solyc04g078040.3,wgd,Unclassified,Solyc01g107240.3,0.392075,3.82093,0.102613,2.03437e-29
2471,Solyc04g078060.1,wgd,Unmethylated,Solyc12g088430.1,0.241635,1.72989,0.139682,5.84507e-15
2472,Solyc04g078110.1,wgd,TE-like,Solyc02g092670.1,0.245092,4.75171,0.0515798,3.32322e-131
2473,Solyc04g078130.3,wgd,TE-like,Solyc12g088440.2,0.192649,1.0226,0.18839,1.79805e-17
2474,Solyc04g078160.3,wgd,gbM,Solyc12g088450.2,0.166444,0.705398,0.235957,6.47092e-20
2475,Solyc04g078170.2,wgd,TE-like,Solyc02g092783.1,0.406057,4.40007,0.0922842,1.99179e-56
2476,Solyc04g078190.3,wgd,gbM,Solyc01g107350.3,0.116023,2.70183,0.0429424,1.86451e-103
2477,Solyc04g078200.3,wgd,Unmethylated,Solyc01g107370.3,0.215193,1.15474,0.186355,1.20731e-06
2478,Solyc04g078230.1,wgd,TE-like,Solyc02g092800.3,0.287813,3.48899,0.0824916,6.44325e-32
2479,Solyc04g078290.3,wgd,TE-like,Solyc12g088460.2,0.293195,4.3794,0.0669486,9.2049e-80
2480,Solyc04g078310.3,wgd,Unclassified,Solyc12g088470.2,0.15489,1.05286,0.147114,1.03367e-29
2481,Solyc04g078360.1,wgd,TE-like,Solyc02g092860.3,0.419656,4.34478,0.0965885,7.82718e-76
2482,Solyc04g078370.3,wgd,TE-like,Solyc12g088510.1,0.461056,4.36654,0.105588,1.08325e-56
2483,Solyc04g078400.3,wgd,gbM,Solyc02g092910.3,0.305831,3.27472,0.0933913,3.1792e-37
2484,Solyc04g078420.1,wgd,Unmethylated,Solyc02g092930.1,0.28234,3.98148,0.0709134,9.61596e-63
2485,Solyc04g078470.3,wgd,NA,Solyc02g092980.3,0.382705,3.90382,0.0980337,1.36814e-39
2486,Solyc04g078490.1,wgd,Unclassified,Solyc02g092990.1,0.278793,4.38472,0.0635829,8.68594e-108
2487,Solyc04g078510.3,wgd,Unclassified,Solyc02g093010.3,0.161931,1.26805,0.127701,1.32928e-16
2488,Solyc04g078540.3,wgd,TE-like,Solyc02g093040.3,0.369178,4.30548,0.0857461,1.30525e-48
2489,Solyc04g078550.3,wgd,Unmethylated,Solyc02g093050.3,0.214916,3.97637,0.0540484,1.88371e-58
2490,Solyc04g078590.3,wgd,Unclassified,Solyc02g093100.3,0.325085,4.55231,0.0714111,1.22986e-105
2491,Solyc04g078620.3,wgd,Unclassified,Solyc02g093110.3,0.0820594,3.31172,0.0247785,4.17776e-66
2492,Solyc04g078640.2,wgd,Unclassified,Solyc02g093130.2,0.336677,3.38592,0.0994344,0
2493,Solyc04g078680.3,wgd,TE-like,Solyc12g088740.2,0.231761,1.03079,0.224839,3.41898e-34
2494,Solyc04g078690.3,wgd,Unclassified,Solyc02g093280.2,0.519619,3.93504,0.132049,2.62678e-30
2495,Solyc04g078700.3,wgd,TE-like,Solyc12g088750.2,0.115939,1.02799,0.112782,5.53671e-52
2496,Solyc04g078710.2,wgd,gbM,Solyc12g088760.1,0.415309,4.62413,0.0898135,2.92746e-82
2497,Solyc04g078790.3,wgd,TE-like,Solyc12g088790.2,0.192745,1.7511,0.110071,5.07809e-26
2498,Solyc04g078800.3,wgd,Unclassified,Solyc12g088800.2,0.193942,2.27352,0.0853047,8.40141e-56
2499,Solyc04g078870.3,wgd,TE-like,Solyc12g088820.2,0.0807281,0.86822,0.0929812,1.01052e-55
2500,Solyc04g078950.1,wgd,Unclassified,Solyc12g088830.2,0.19714,0.855266,0.230501,6.67074e-12
2501,Solyc04g079080.2,wgd,gbM,Solyc12g088840.1,0.389106,2.85368,0.136352,0
2502,Solyc04g079170.3,wgd,Unclassified,Solyc12g088895.1,0.20599,1.1691,0.176195,1.55702e-14
2503,Solyc04g079180.3,wgd,gbM,Solyc12g088900.2,0.12193,0.573163,0.212731,8.8575e-14
2504,Solyc04g079250.3,wgd,Unclassified,Solyc02g090665.1,0.159489,2.92471,0.0545317,0
2505,Solyc04g079300.3,wgd,TE-like,Solyc12g088920.2,0.0762025,0.848506,0.0898078,1.32076e-102
2506,Solyc04g079340.3,wgd,gbM,Solyc02g090580.3,0.321825,4.43324,0.0725936,1.80851e-87
2507,Solyc04g079400.3,wgd,gbM,Solyc12g088940.2,0.201908,1.18509,0.170374,1.99244e-43
2508,Solyc04g079420.3,wgd,gbM,Solyc02g090380.3,0.697545,4.69371,0.148613,2.49375e-44
2509,Solyc04g079570.1,wgd,Unmethylated,Solyc02g090220.3,0.532442,4.382,0.121507,2.7214e-16
2510,Solyc04g079590.3,wgd,TE-like,Solyc01g108930.3,0.665696,3.88655,0.171282,1.13101e-17
2511,Solyc04g079603.1,wgd,Unclassified,Solyc12g088970.1,0.354614,3.5747,0.0992011,1.23586e-28
2512,Solyc04g079700.3,wgd,TE-like,Solyc01g109120.3,0.333777,4.19299,0.0796036,1.92002e-62
2513,Solyc04g079710.3,wgd,Unclassified,Solyc02g090110.3,0.295869,4.57379,0.0646879,2.75507e-103
2514,Solyc04g079730.1,wgd,Unclassified,Solyc01g109140.3,0.438272,4.31636,0.101537,2.26109e-60
2515,Solyc04g079780.3,wgd,gbM,Solyc01g109280.3,0.284493,4.30538,0.0660785,4.13145e-80
2516,Solyc04g079830.2,wgd,Unclassified,Solyc02g089940.3,0.394592,2.27282,0.173614,6.0928e-46
2517,Solyc04g079840.3,wgd,TE-like,Solyc02g089930.3,0.133738,4.06251,0.0329202,2.57205e-80
2518,Solyc04g079860.1,wgd,Unclassified,Solyc02g089880.3,0.162548,4.01029,0.0405328,3.21633e-95
2519,Solyc04g079880.3,wgd,Unclassified,Solyc01g109370.3,0.300444,4.16678,0.0721046,9.83439e-51
2520,Solyc04g079910.3,wgd,Unclassified,Solyc02g089840.3,0.593621,3.81878,0.155448,1.36957e-17
2521,Solyc04g079960.1,wgd,Unmethylated,Solyc02g085700.1,0.251622,4.13654,0.060829,4.26465e-78
2522,Solyc04g079970.3,wgd,TE-like,Solyc02g085672.1,0.274269,2.50317,0.109569,7.68443e-10
2523,Solyc04g079980.3,wgd,TE-like,Solyc12g089040.2,0.0730937,1.04337,0.0700554,3.91084e-38
2524,Solyc04g080010.3,wgd,Unclassified,Solyc02g085660.1,0.481183,4.37735,0.109926,7.62445e-44
2525,Solyc04g080030.3,wgd,TE-like,Solyc12g089060.2,0.117445,0.624033,0.188203,8.61835e-17
2526,Solyc04g080080.3,wgd,gbM,Solyc12g089080.2,0.227,1.06937,0.212275,5.40457e-18
2527,Solyc04g080090.3,wgd,gbM,Solyc12g089090.2,0.154659,0.913715,0.169264,2.21933e-24
2528,Solyc04g080130.3,wgd,Unclassified,Solyc02g085580.3,0.372003,4.30463,0.0864193,7.33416e-54
2529,Solyc04g080190.3,wgd,TE-like,Solyc12g089100.2,0.189285,0.676378,0.279851,4.59506e-10
2530,Solyc04g080220.3,wgd,gbM,Solyc02g085490.2,0.293293,4.09451,0.0716308,2.77234e-55
2531,Solyc04g080230.3,wgd,gbM,Solyc02g085480.3,0.410139,1.43244,0.286322,7.16424e-11
2532,Solyc04g080260.3,wgd,TE-like,Solyc01g109570.3,0.2057,4.30268,0.0478074,1.2204e-79
2533,Solyc04g080290.3,wgd,gbM,Solyc02g085300.3,0.20311,3.91961,0.0518188,8.62971e-50
2534,Solyc04g080300.3,wgd,TE-like,Solyc12g089140.2,0.103632,1.47303,0.0703531,1.36749e-28
2535,Solyc04g080435.1,wgd,TE-like,Solyc01g109690.1,0.247798,2.72748,0.0908522,1.06177e-11
2536,Solyc04g080440.3,wgd,TE-like,Solyc02g085290.3,0.335566,1.81251,0.185139,4.9766e-20
2537,Solyc04g080460.3,wgd,TE-like,Solyc12g089180.2,0.0716163,0.691876,0.10351,1.63062e-49
2538,Solyc04g080470.3,wgd,Unclassified,Solyc02g062720.3,0.32536,4.09153,0.0795203,1.06312e-57
2539,Solyc04g080490.3,wgd,Unclassified,Solyc02g085160.1,0.414891,3.70428,0.112003,5.49347e-56
2540,Solyc04g080500.3,wgd,Unclassified,Solyc12g089190.1,0.146196,0.999866,0.146216,2.58107e-09
2541,Solyc04g080530.3,wgd,TE-like,Solyc01g109740.3,0.305727,4.01165,0.0762098,4.06738e-68
2542,Solyc04g080570.3,wgd,TE-like,Solyc02g062600.3,0.130547,1.95457,0.0667907,1.28431e-43
2543,Solyc04g080600.3,wgd,TE-like,Solyc02g085030.3,0.508782,2.28745,0.222423,1.36985e-31
2544,Solyc04g080610.3,wgd,TE-like,Solyc12g089210.2,0.0672738,1.22698,0.0548289,2.89546e-49
2545,Solyc04g080620.3,wgd,Unclassified,Solyc02g084990.3,0.229511,4.1121,0.0558135,5.41985e-62
2546,Solyc04g080640.1,wgd,Unmethylated,Solyc02g084960.1,0.663925,3.8454,0.172654,1.89169e-21
2547,Solyc04g080650.3,wgd,TE-like,Solyc02g084930.3,0.506117,4.07972,0.124057,7.53049e-36
2548,Solyc04g080680.3,wgd,gbM,Solyc02g084900.2,0.360892,4.23643,0.0851878,1.05131e-58
2549,Solyc04g080685.1,wgd,gbM,Solyc01g109870.3,0.312046,2.47705,0.125975,5.30893e-22
2550,Solyc04g080700.3,wgd,TE-like,Solyc12g089220.2,0.225536,0.799377,0.28214,1.16941e-08
2551,Solyc04g080710.3,wgd,Unclassified,Solyc02g084880.3,0.394784,3.35486,0.117675,1.31441e-16
2552,Solyc04g080730.3,wgd,TE-like,Solyc02g084870.3,0.115651,4.06667,0.0284387,9.87936e-148
2553,Solyc04g080740.1,wgd,Unmethylated,Solyc01g109880.3,0.276627,2.92406,0.0946035,0
2554,Solyc04g080750.3,wgd,TE-like,Solyc12g089230.2,0.136014,0.93875,0.144889,7.53926e-19
2555,Solyc04g080760.3,wgd,TE-like,Solyc02g084800.3,0.274592,3.95672,0.0693988,6.21956e-78
2556,Solyc04g080780.2,wgd,gbM,Solyc01g109980.3,0.5113,4.05902,0.125966,4.40676e-55
2557,Solyc04g080810.3,wgd,Unclassified,Solyc02g084760.3,0.0535468,2.05744,0.0260259,2.21707e-44
2558,Solyc04g080840.2,wgd,gbM,Solyc01g110000.3,0.200532,2.58028,0.0777173,1.9486e-112
2559,Solyc04g080850.3,wgd,gbM,Solyc02g084710.3,0.212848,3.21415,0.0662221,4.71477e-20
2560,Solyc04g080920.2,wgd,gbM,Solyc01g110050.1,0.175335,3.50733,0.0499911,2.99309e-50
2561,Solyc04g080960.3,wgd,Unclassified,Solyc01g110110.3,0.195208,4.10785,0.0475207,1.47089e-88
2562,Solyc04g080970.3,wgd,TE-like,Solyc02g062400.3,0.384245,3.86661,0.0993752,2.60477e-67
2563,Solyc04g081000.3,wgd,Unclassified,Solyc02g084630.3,0.312312,3.73425,0.0836346,8.9533e-30
2564,Solyc04g081020.3,wgd,Unclassified,Solyc12g089240.2,0.241698,1.33828,0.180603,1.87999e-24
2565,Solyc04g081060.3,wgd,gbM,Solyc01g110380.3,0.422197,4.74423,0.0889917,3.79968e-86
2566,Solyc04g081080.1,wgd,Unclassified,Solyc02g084370.1,0.270821,4.99931,0.0541716,3.52122e-185
2567,Solyc04g081090.3,wgd,Unclassified,Solyc02g084360.3,NA,1.46471,1.11537e-11,NA
2568,Solyc04g081110.1,wgd,TE-like,Solyc12g089250.1,0.1691,1.45946,0.115864,5.76194e-72
2569,Solyc04g081170.3,wgd,gbM,Solyc01g110470.3,0.32329,3.95363,0.0817703,1.0508e-55
2570,Solyc04g081190.3,wgd,gbM,Solyc01g110480.3,0.315104,2.75157,0.114518,6.55151e-47
2571,Solyc04g081250.1,wgd,Unclassified,Solyc12g089270.1,0.23039,2.99139,0.0770177,7.80352e-23
2572,Solyc04g081270.1,wgd,Unclassified,Solyc01g110570.3,0.122533,3.18063,0.0385247,8.43874e-18
2573,Solyc04g081280.3,wgd,TE-like,Solyc12g089280.2,0.142773,0.937815,0.15224,1.66256e-82
2574,Solyc04g081340.3,wgd,gbM,Solyc12g089290.2,0.186869,0.611451,0.305616,1.07463e-10
2575,Solyc04g081490.3,wgd,Unclassified,Solyc12g089310.2,0.0282931,4.07176,0.00694862,1.38576e-136
2576,Solyc04g081755.1,wgd,TE-like,Solyc12g089350.2,0.217951,2.25918,0.0964733,7.06962e-34
2577,Solyc04g081860.3,wgd,TE-like,Solyc12g089360.1,0.135121,1.24705,0.108352,5.19511e-40
2578,Solyc04g081870.3,wgd,Unclassified,Solyc12g089380.2,0.11976,1.38638,0.0863834,2.97335e-25
2579,Solyc04g081930.3,wgd,Unclassified,Solyc02g083390.3,0.223766,3.89827,0.0574014,3.32764e-61
2580,Solyc04g081960.1,wgd,Unmethylated,Solyc12g094390.1,0.307438,3.4984,0.0878795,3.85535e-41
2581,Solyc04g081990.3,wgd,TE-like,Solyc01g111840.3,0.399349,4.15628,0.0960833,7.93112e-37
2582,Solyc04g082000.3,wgd,gbM,Solyc02g083340.3,0.28513,3.73365,0.0763676,8.67365e-35
2583,Solyc04g082040.3,wgd,gbM,Solyc12g094420.2,0.149629,1.02146,0.146485,2.66466e-64
2584,Solyc04g082050.3,wgd,gbM,Solyc02g083250.3,0.228313,2.0728,0.110147,9.38336e-28
2585,Solyc04g082060.3,wgd,Unclassified,Solyc01g111920.3,0.641399,4.03211,0.159073,6.19707e-28
2586,Solyc04g082110.3,wgd,gbM,Solyc01g111937.1,0.276837,4.48391,0.0617401,2.17403e-86
2587,Solyc04g082140.3,wgd,TE-like,Solyc12g094460.2,0.141912,1.65592,0.0857001,1.52795e-62
2588,Solyc04g082170.3,wgd,gbM,Solyc12g094500.2,0.132929,0.785266,0.169279,9.48804e-30
2589,Solyc04g082210.3,wgd,gbM,Solyc12g094510.2,0.0816928,0.712272,0.114693,5.74501e-13
2590,Solyc04g082220.2,wgd,gbM,Solyc01g111980.3,0.350721,4.3719,0.0802216,1.00373e-66
2591,Solyc04g082240.1,wgd,TE-like,Solyc12g094530.1,0.155005,2.14777,0.0721703,7.38962e-30
2592,Solyc04g082270.3,wgd,TE-like,Solyc02g083000.1,0.832486,2.44915,0.339909,1.57619e-08
2593,Solyc04g082280.3,wgd,Unclassified,Solyc12g094550.2,0.217354,1.60614,0.135326,6.42938e-53
2594,Solyc04g082430.3,wgd,gbM,Solyc02g082820.3,0.325916,4.27998,0.0761489,1.63635e-55
2595,Solyc04g082440.3,wgd,TE-like,Solyc12g094610.2,0.181574,1.70238,0.106659,6.33183e-69
2596,Solyc04g082450.3,wgd,TE-like,Solyc01g112180.3,0.767941,1.76867,0.434192,2.95828e-07
2597,Solyc04g082460.3,wgd,gbM,Solyc02g082760.3,0.0791901,2.57045,0.0308079,9.19944e-123
2598,Solyc04g082480.3,wgd,TE-like,Solyc01g112190.3,0.363455,4.69989,0.0773327,2.2367e-110
2599,Solyc04g082500.3,wgd,Unclassified,Solyc01g112220.3,0.374049,4.18912,0.0892906,2.83035e-69
2600,Solyc04g082560.3,wgd,TE-like,Solyc02g082540.3,0.446126,4.81864,0.0925835,6.53656e-98
2601,Solyc04g082600.3,wgd,TE-like,Solyc02g082490.3,0.302434,4.1698,0.0725295,1.71052e-55
2602,Solyc04g082610.3,wgd,TE-like,Solyc02g082480.3,0.293538,4.80475,0.0610933,5.13879e-132
2603,Solyc04g082620.3,wgd,TE-like,Solyc02g082470.3,0.434578,4.71278,0.0922126,3.18616e-103
2604,Solyc04g082630.3,wgd,gbM,Solyc12g094640.2,0.0369922,0.56013,0.0660422,1.20992e-54
2605,Solyc04g082690.1,wgd,Unmethylated,Solyc12g094690.1,0.208293,2.16468,0.0962234,6.76095e-18
2606,Solyc04g082700.3,wgd,gbM,Solyc02g082410.3,0.197943,1.70126,0.116351,5.20522e-100
2607,Solyc04g082710.3,wgd,Unclassified,Solyc12g094700.2,0.117775,1.37639,0.0855677,2.30077e-34
2608,Solyc04g082770.3,wgd,TE-like,Solyc02g082270.3,0.296778,3.71114,0.0799695,5.70049e-35
2609,Solyc04g082825.1,wgd,TE-like,Solyc12g094730.2,0.216693,0.885543,0.244701,6.54547e-10
2610,Solyc04g082830.3,wgd,Unclassified,Solyc12g095750.2,0.155218,0.781737,0.198556,1.92158e-26
2611,Solyc04g082880.3,wgd,gbM,Solyc12g095760.2,0.0432128,0.835077,0.051747,3.23224e-76
2612,Solyc04g082950.3,wgd,Unclassified,Solyc02g082140.3,0.428552,4.25225,0.100782,4.78628e-59
2613,Solyc05g005260.2,wgd,TE-like,Solyc02g086810.1,0.757303,3.88386,0.194987,8.59453e-16
2614,Solyc05g005490.3,wgd,Unclassified,Solyc02g086820.3,0.244348,2.07331,0.117854,4.20289e-36
2615,Solyc05g005540.3,wgd,TE-like,Solyc03g114240.3,0.358109,4.49859,0.0796048,7.77635e-98
2616,Solyc05g005610.3,wgd,gbM,Solyc02g086900.3,0.209904,4.26261,0.049243,1.63716e-77
2617,Solyc05g005630.3,wgd,TE-like,Solyc04g026220.3,0.239473,1.06792,0.224243,3.64912e-06
2618,Solyc05g005660.1,wgd,gbM,Solyc02g086960.2,0.461746,4.15634,0.111094,5.54118e-39
2619,Solyc05g005670.1,wgd,Unclassified,Solyc03g114160.1,0.44823,4.22386,0.106119,3.93143e-58
2620,Solyc05g005690.1,wgd,Unmethylated,Solyc04g026100.1,0.0240972,2.02705,0.0118879,7.16788e-42
2621,Solyc05g005700.3,wgd,gbM,Solyc02g086970.3,0.153408,4.35291,0.0352426,3.50434e-119
2622,Solyc05g005710.3,wgd,gbM,Solyc04g026030.3,0.0522427,0.840175,0.0621808,1.39393e-42
2623,Solyc05g005720.3,wgd,gbM,Solyc04g025990.3,0.115493,1.13801,0.101487,4.99689e-90
2624,Solyc05g005740.3,wgd,gbM,Solyc02g087000.3,0.138845,4.71058,0.0294752,1.11719e-196
2625,Solyc05g005750.3,wgd,TE-like,Solyc04g025940.3,0.0544881,1.13773,0.0478918,1.25588e-104
2626,Solyc05g005760.3,wgd,gbM,Solyc02g087010.2,0.267294,3.05112,0.0876053,2.70307e-61
2627,Solyc05g005780.3,wgd,TE-like,Solyc04g025870.3,0.0867778,0.508612,0.170617,5.59199e-54
2628,Solyc05g005790.3,wgd,TE-like,Solyc03g114090.1,0.322777,3.77704,0.0854576,1.16611e-52
2629,Solyc05g005830.3,wgd,TE-like,Solyc02g087050.2,0.538991,4.09666,0.131568,8.42231e-30
2630,Solyc05g005870.3,wgd,TE-like,Solyc04g025790.1,0.433013,2.27121,0.190654,1.97738e-05
2631,Solyc05g006020.3,wgd,TE-like,Solyc03g114030.3,0.135361,2.11771,0.0639187,3.07568e-104
2632,Solyc05g006030.3,wgd,Unclassified,Solyc03g114020.3,0.382379,3.4142,0.111997,3.02963e-31
2633,Solyc05g006090.3,wgd,gbM,Solyc02g087130.3,0.339766,3.95566,0.0858936,3.16677e-42
2634,Solyc05g006160.3,wgd,Unclassified,Solyc03g113910.3,0.243528,4.18141,0.0582407,4.38263e-17
2635,Solyc05g006230.1,wgd,TE-like,Solyc02g087190.1,0.323178,4.07962,0.0792175,7.00353e-49
2636,Solyc05g006320.3,wgd,TE-like,Solyc02g087220.3,0.263175,3.03941,0.0865877,2.59901e-20
2637,Solyc05g006340.3,wgd,Unclassified,Solyc03g113850.1,0.358632,4.11373,0.0871793,2.66296e-52
2638,Solyc05g006420.3,wgd,gbM,Solyc03g113720.3,0.25048,3.61039,0.0693775,2.15285e-37
2639,Solyc05g006430.2,wgd,Unclassified,Solyc03g113710.3,0.411066,4.48623,0.0916283,3.90753e-85
2640,Solyc05g006510.1,wgd,Unmethylated,Solyc02g087350.2,0.2324,3.91151,0.0594144,1.78665e-58
2641,Solyc05g006540.3,wgd,TE-like,Solyc02g087360.3,0.316334,5.02812,0.062913,2.17382e-157
2642,Solyc05g006550.3,wgd,Unclassified,Solyc03g113680.3,0.483199,4.54171,0.106391,2.55848e-51
2643,Solyc05g006570.1,wgd,TE-like,Solyc02g087460.1,0.302612,4.3886,0.0689541,5.57411e-139
2644,Solyc05g006640.3,wgd,TE-like,Solyc04g006940.3,0.46956,4.84478,0.0969207,1.55637e-144
2645,Solyc05g006650.3,wgd,TE-like,Solyc03g113560.3,0.326,3.87478,0.084134,8.67185e-35
2646,Solyc05g006660.3,wgd,gbM,Solyc04g005860.3,0.106343,0.525266,0.202455,1.14404e-20
2647,Solyc05g006680.3,wgd,TE-like,Solyc03g113520.3,0.215502,4.51062,0.0477767,5.24304e-107
2648,Solyc05g006707.1,wgd,gbM,Solyc06g071150.3,0.283916,3.71646,0.0763941,4.51371e-49
2649,Solyc05g006780.3,wgd,TE-like,Solyc01g010420.3,0.221047,1.31187,0.168497,8.01255e-21
2650,Solyc05g006800.1,wgd,TE-like,Solyc02g087610.1,0.596017,4.2285,0.140952,3.71864e-52
2651,Solyc05g006820.3,wgd,Unclassified,Solyc06g071110.3,0.189684,3.94032,0.0481391,1.33923e-79
2652,Solyc05g006830.3,wgd,Unclassified,Solyc04g005810.3,0.150214,0.854218,0.17585,9.83791e-10
2653,Solyc05g006890.1,wgd,TE-like,Solyc01g011000.3,0.0102377,1.74549,0.00586525,2.9594e-47
2654,Solyc05g006900.2,wgd,TE-like,Solyc01g010440.3,0.197204,1.17594,0.167699,8.4254e-18
2655,Solyc05g006920.3,wgd,Unclassified,Solyc06g071080.3,0.436535,4.01979,0.108596,2.7169e-37
2656,Solyc05g006930.3,wgd,TE-like,Solyc01g010460.3,0.29483,1.48669,0.198312,3.6343e-19
2657,Solyc05g006980.3,wgd,TE-like,Solyc03g113270.3,0.341066,3.73967,0.0912021,2.56365e-42
2658,Solyc05g006990.3,wgd,TE-like,Solyc03g113250.3,0.268456,4.6016,0.0583398,1.06219e-92
2659,Solyc05g007010.2,wgd,TE-like,Solyc04g005780.1,0.188497,1.60836,0.117198,2.48931e-69
2660,Solyc05g007020.3,wgd,TE-like,Solyc01g010480.3,0.192226,0.76712,0.250582,4.9892e-19
2661,Solyc05g007050.3,wgd,TE-like,Solyc02g087830.3,0.313462,4.10568,0.0763484,7.62099e-83
2662,Solyc05g007085.1,wgd,TE-like,Solyc03g113150.3,0.379834,4.1916,0.090618,4.22805e-60
2663,Solyc05g007110.2,wgd,TE-like,Solyc06g070990.3,0.411332,4.02197,0.102271,2.22168e-41
2664,Solyc05g007140.3,wgd,gbM,Solyc01g010660.3,0.079463,0.886005,0.0896868,6.45618e-50
2665,Solyc05g007150.3,wgd,gbM,Solyc01g010650.3,0.0525434,0.939293,0.0559393,5.86457e-38
2666,Solyc05g007160.3,wgd,Unclassified,Solyc04g005710.2,0.234399,0.920757,0.254571,3.07899e-14
2667,Solyc05g007180.3,wgd,NA,Solyc01g010600.3,0.140347,1.66271,0.0844084,2.28528e-27
2668,Solyc05g007210.2,wgd,Unmethylated,Solyc02g087860.3,0.112684,2.9551,0.0381321,1.40962e-36
2669,Solyc05g007220.3,wgd,TE-like,Solyc03g113010.2,0.419534,4.39213,0.0955195,1.31339e-70
2670,Solyc05g007250.3,wgd,gbM,Solyc01g010540.3,0.00222409,0.806856,0.00275649,5.22384e-44
2671,Solyc05g007270.3,wgd,TE-like,Solyc01g010520.3,0.0750784,0.675003,0.111227,2.45898e-35
2672,Solyc05g007420.1,wgd,TE-like,Solyc06g070900.3,0.45424,3.90023,0.116465,1.79226e-67
2673,Solyc05g007460.3,wgd,gbM,Solyc01g010860.3,0.0973541,1.60343,0.0607161,1.92993e-33
2674,Solyc05g007480.1,wgd,gbM,Solyc06g069880.1,0.563862,4.00781,0.140691,1.36852e-31
2675,Solyc05g007490.3,wgd,TE-like,Solyc06g069870.3,0.145889,2.0385,0.0715671,5.53515e-107
2676,Solyc05g007560.3,wgd,Unclassified,Solyc06g069860.3,0.0108701,2.59644,0.00418656,1.02014e-44
2677,Solyc05g007670.3,wgd,gbM,Solyc06g069780.3,0.314003,3.62195,0.0866946,2.21737e-42
2678,Solyc05g007690.2,wgd,TE-like,Solyc01g010910.2,0.317234,2.0132,0.157577,2.70724e-29
2679,Solyc05g007880.3,wgd,gbM,Solyc06g069760.3,0.488917,4.16814,0.117299,9.48656e-40
2680,Solyc05g008020.3,wgd,gbM,Solyc04g007710.3,0.124869,1.16952,0.10677,4.10457e-41
2681,Solyc05g008060.3,wgd,Unclassified,Solyc04g007690.3,0.0685738,1.60051,0.0428449,3.89821e-134
2682,Solyc05g008080.2,wgd,NA,Solyc02g091420.3,0.209405,3.65581,0.0572802,6.27296e-39
2683,Solyc05g008110.3,wgd,Unclassified,Solyc04g007670.1,0.183858,2.06965,0.0888355,2.00282e-15
2684,Solyc05g008130.3,wgd,Unmethylated,Solyc04g007660.1,0.247822,1.41152,0.175572,3.04064e-23
2685,Solyc05g008200.3,wgd,TE-like,Solyc04g007650.3,0.136833,0.574887,0.238016,6.11538e-72
2686,Solyc05g008210.3,wgd,TE-like,Solyc02g091360.1,0.293351,3.50891,0.0836015,7.44595e-29
2687,Solyc05g008230.3,wgd,TE-like,Solyc04g007640.3,0.153281,0.66042,0.232096,1.63786e-34
2688,Solyc05g008300.2,wgd,gbM,Solyc02g091310.2,0.648263,3.62482,0.17884,1.19115e-28
2689,Solyc05g008390.3,wgd,gbM,Solyc04g007600.3,0.172614,0.742698,0.232415,6.18329e-15
2690,Solyc05g008430.3,wgd,gbM,Solyc04g007560.3,0.0885667,0.707755,0.125138,9.06525e-79
2691,Solyc05g008460.3,wgd,TE-like,Solyc04g007550.3,0.0199677,0.899644,0.0221951,9.44494e-98
2692,Solyc05g008480.3,wgd,Unclassified,Solyc02g091110.3,0.149294,2.0009,0.0746135,1.11362e-37
2693,Solyc05g008500.2,wgd,TE-like,Solyc04g007530.3,0.191708,2.33373,0.0821467,1.44545e-43
2694,Solyc05g008510.3,wgd,TE-like,Solyc02g091070.3,0.32873,2.13351,0.154079,3.2091e-50
2695,Solyc05g008580.3,wgd,TE-like,Solyc04g007520.3,0.0745676,0.800716,0.0931261,1.10646e-45
2696,Solyc05g008640.1,wgd,Unmethylated,Solyc04g007500.1,0.248491,2.41913,0.102719,1.8747e-21
2697,Solyc05g008670.3,wgd,Unclassified,Solyc02g086430.3,0.467326,4.06858,0.114862,1.13667e-35
2698,Solyc05g008805.1,wgd,TE-like,Solyc02g086370.3,0.308277,4.0489,0.0761385,6.56699e-60
2699,Solyc05g008830.3,wgd,Unclassified,Solyc04g007460.3,0.21986,1.41661,0.155201,8.44806e-52
2700,Solyc05g008890.3,wgd,TE-like,Solyc03g119190.3,0.373806,1.86755,0.200159,2.04998e-17
2701,Solyc05g008895.1,wgd,NA,Solyc02g086310.1,0.554936,3.00726,0.184532,5.38679e-17
2702,Solyc05g008910.3,wgd,TE-like,Solyc02g086300.3,0.163024,4.02008,0.0405524,0
2703,Solyc05g008930.3,wgd,TE-like,Solyc03g119240.3,0.474179,4.47169,0.10604,6.36895e-84
2704,Solyc05g008950.3,wgd,gbM,Solyc04g007390.3,0.262926,2.47103,0.106404,6.25795e-41
2705,Solyc05g009040.3,wgd,TE-like,Solyc02g086210.3,0.455524,4.45476,0.102256,1.43388e-53
2706,Solyc05g009120.3,wgd,Unclassified,Solyc03g119260.3,0.371758,1.98197,0.18757,7.26496e-09
2707,Solyc05g009150.3,wgd,TE-like,Solyc03g119300.3,0.695576,3.4946,0.199043,8.537e-26
2708,Solyc05g009160.3,wgd,TE-like,Solyc04g007370.3,0.0684907,0.585121,0.117054,1.35904e-35
2709,Solyc05g009200.2,wgd,TE-like,Solyc04g007340.3,0.347122,1.72543,0.20118,5.50797e-15
2710,Solyc05g009230.2,wgd,TE-like,Solyc03g119370.2,0.372657,3.61842,0.102989,1.04805e-43
2711,Solyc05g009240.3,wgd,TE-like,Solyc03g119400.3,0.752426,1.95875,0.384135,3.1988e-18
2712,Solyc05g009360.3,wgd,gbM,Solyc03g119520.3,0.453941,2.21058,0.20535,1.24138e-13
2713,Solyc05g009450.2,wgd,Unclassified,Solyc04g007170.3,0.326787,3.02931,0.107875,1.13685e-24
2714,Solyc05g009470.3,wgd,TE-like,Solyc04g007150.3,0.104049,1.30185,0.0799239,2.56706e-71
2715,Solyc05g009520.1,wgd,Unmethylated,Solyc03g119610.1,0.457236,3.58294,0.127615,1.48742e-15
2716,Solyc05g009580.3,wgd,TE-like,Solyc03g119640.3,0.349292,4.34519,0.0803859,7.12038e-75
2717,Solyc05g009600.3,wgd,TE-like,Solyc04g007100.3,0.0673047,0.618548,0.108811,1.36316e-58
2718,Solyc05g009630.3,wgd,TE-like,Solyc04g007060.3,0.412902,1.92924,0.214023,6.95913e-61
2719,Solyc05g009680.1,wgd,Unmethylated,Solyc06g069220.1,0.365451,4.38763,0.0832912,5.0751e-64
2720,Solyc05g009790.1,wgd,Unclassified,Solyc04g007000.1,0.194234,5.65756,0.0343318,3.75889e-45
2721,Solyc05g009870.3,wgd,gbM,Solyc03g119760.3,0.278113,1.51892,0.183099,8.81089e-24
2722,Solyc05g009880.3,wgd,TE-like,Solyc04g006990.3,0.186419,3.52107,0.0529438,4.28307e-48
2723,Solyc05g009900.2,wgd,TE-like,Solyc03g119770.3,0.579124,3.5276,0.16417,5.1142e-26
2724,Solyc05g009980.3,wgd,TE-like,Solyc06g069280.3,0.468703,3.54634,0.132165,1.47193e-43
2725,Solyc05g009990.3,wgd,gbM,Solyc06g069290.3,0.356975,4.213,0.0847317,8.67916e-91
2726,Solyc05g010030.3,wgd,Unclassified,Solyc06g069300.1,0.379432,3.81084,0.0995665,5.82892e-30
2727,Solyc05g010120.3,wgd,TE-like,Solyc04g006940.3,0.120351,0.695369,0.173075,1.21771e-78
2728,Solyc05g010140.3,wgd,TE-like,Solyc04g006930.3,0.2604,1.26814,0.205339,8.86637e-32
2729,Solyc05g010340.3,wgd,TE-like,Solyc04g005140.2,0.135732,1.1108,0.122193,2.42945e-34
2730,Solyc05g010360.1,wgd,TE-like,Solyc04g005890.2,0.583177,2.10416,0.277154,5.19376e-19
2731,Solyc05g010420.2,wgd,gbM,Solyc01g010050.3,0.123112,1.05435,0.116766,3.87334e-35
2732,Solyc05g010423.1,wgd,gbM,Solyc01g010055.1,0.246755,0.867588,0.284415,0.000124925
2733,Solyc05g010517.1,wgd,gbM,Solyc04g005170.1,0.239978,2.46237,0.0974582,1.33407e-17
2734,Solyc05g010610.3,wgd,TE-like,Solyc01g010135.1,0.211605,1.09495,0.193255,1.42123e-26
2735,Solyc05g010710.2,wgd,Unclassified,Solyc03g114710.3,0.537986,4.34126,0.123924,4.89729e-35
2736,Solyc05g010800.3,wgd,TE-like,Solyc04g005260.2,0.187148,1.15141,0.162539,1.65857e-15
2737,Solyc05g011810.3,wgd,gbM,Solyc04g005280.3,0.306492,0.674927,0.45411,3.65575e-05
2738,Solyc05g011830.3,wgd,gbM,Solyc01g010140.1,0.518179,1.08371,0.478152,3.83507e-07
2739,Solyc05g011870.1,wgd,TE-like,Solyc03g114800.1,0.469918,3.87968,0.121123,2.85131e-29
2740,Solyc05g011920.3,wgd,gbM,Solyc01g010150.3,0.0551368,0.750514,0.0734654,8.92854e-56
2741,Solyc05g012000.3,wgd,TE-like,Solyc03g114820.3,0.411739,3.75133,0.109758,3.18923e-24
2742,Solyc05g012010.3,wgd,TE-like,Solyc02g089240.3,0.474404,3.5917,0.132083,1.37782e-20
2743,Solyc05g012020.3,wgd,TE-like,Solyc02g089200.3,0.257547,3.64235,0.070709,9.2901e-31
2744,Solyc05g012040.3,wgd,gbM,Solyc03g114850.3,0.493507,4.25369,0.116019,9.07429e-48
2745,Solyc05g012050.3,wgd,TE-like,Solyc01g010240.3,0.142021,1.19173,0.119172,2.52781e-13
2746,Solyc05g012070.3,wgd,gbM,Solyc04g005340.2,0.0255949,1.37642,0.0185952,6.45125e-76
2747,Solyc05g012110.3,wgd,gbM,Solyc01g010250.3,0.0639578,0.743939,0.0859717,2.80675e-32
2748,Solyc05g012160.3,wgd,TE-like,Solyc02g089065.1,0.258762,1.78685,0.144815,3.94613e-15
2749,Solyc05g012180.3,wgd,TE-like,Solyc02g089060.3,0.266766,3.98532,0.0669371,1.16752e-81
2750,Solyc05g012210.3,wgd,TE-like,Solyc04g005380.3,0.235861,1.0214,0.23092,9.96188e-20
2751,Solyc05g012230.3,wgd,TE-like,Solyc03g115100.3,0.600052,4.10134,0.146307,2.15252e-28
2752,Solyc05g012240.2,wgd,TE-like,Solyc02g088920.3,0.64441,4.06906,0.158368,8.7537e-37
2753,Solyc05g012330.3,wgd,TE-like,Solyc01g010290.3,0.15148,0.920907,0.16449,2.38444e-26
2754,Solyc05g012380.3,wgd,Unclassified,Solyc04g005420.3,0.284636,1.39177,0.204513,4.26759e-12
2755,Solyc05g012420.3,wgd,TE-like,Solyc01g010360.3,0.0687639,0.702304,0.0979118,3.54145e-23
2756,Solyc05g012450.3,wgd,TE-like,Solyc01g010370.3,0.108681,0.582929,0.18644,7.76853e-37
2757,Solyc05g012480.3,wgd,gbM,Solyc02g088700.3,0.196866,2.95993,0.0665105,3.20644e-69
2758,Solyc05g012490.1,wgd,TE-like,Solyc01g010410.3,0.291591,1.5064,0.193569,9.86075e-29
2759,Solyc05g012520.3,wgd,TE-like,Solyc03g115470.3,0.322099,3.86585,0.083319,1.72936e-36
2760,Solyc05g012540.3,wgd,gbM,Solyc03g115500.3,0.466934,4.29612,0.108687,2.26502e-60
2761,Solyc05g012550.3,wgd,gbM,Solyc04g005470.3,0.292699,0.867896,0.337251,8.82718e-09
2762,Solyc05g012560.2,wgd,TE-like,Solyc02g088570.2,0.325929,3.93213,0.0828887,8.66685e-34
2763,Solyc05g012610.3,wgd,TE-like,Solyc04g005490.3,0.0621523,0.741902,0.0837743,8.65607e-63
2764,Solyc05g012640.3,wgd,gbM,Solyc04g005500.3,0.289926,0.722883,0.401069,4.71931e-22
2765,Solyc05g012680.3,wgd,TE-like,Solyc03g115640.3,0.2053,1.81141,0.113337,3.19874e-21
2766,Solyc05g012770.3,wgd,gbM,Solyc02g088345.1,0.462258,4.24213,0.108968,1.19876e-55
2767,Solyc05g012780.3,wgd,gbM,Solyc02g088325.1,0.482837,3.72308,0.129688,1.38531e-20
2768,Solyc05g012805.1,wgd,gbM,Solyc04g005530.2,0.461313,1.42692,0.323293,3.58272e-10
2769,Solyc05g012870.1,wgd,Unclassified,Solyc03g115690.1,0.819838,2.04563,0.400775,1.47919e-08
2770,Solyc05g013020.1,wgd,TE-like,Solyc03g115740.2,0.197095,4.15989,0.0473799,1.28774e-100
2771,Solyc05g013040.3,wgd,TE-like,Solyc04g005560.3,0.0620838,0.575214,0.107932,1.11162e-122
2772,Solyc05g013050.3,wgd,gbM,Solyc03g115760.3,0.183701,2.32438,0.0790324,3.79982e-41
2773,Solyc05g013130.3,wgd,Unclassified,Solyc04g005570.3,0.148722,1.31616,0.112997,5.18671e-17
2774,Solyc05g013170.2,wgd,TE-like,Solyc04g005580.1,0.376065,2.3757,0.158296,8.19664e-14
2775,Solyc05g013180.3,wgd,gbM,Solyc02g088220.3,0.385909,4.72456,0.0816815,2.1994e-87
2776,Solyc05g013190.3,wgd,TE-like,Solyc04g005590.3,0.187309,1.03808,0.180439,4.01142e-10
2777,Solyc05g013203.1,wgd,TE-like,Solyc04g005640.3,0.461647,3.53279,0.130675,6.42147e-20
2778,Solyc05g013530.3,wgd,Unclassified,Solyc03g112300.3,0.286947,3.00357,0.0955353,5.74151e-15
2779,Solyc05g013710.3,wgd,Unclassified,Solyc03g112060.3,0.508557,2.57906,0.197187,6.71108e-17
2780,Solyc05g013773.1,wgd,TE-like,Solyc03g112050.3,0.10795,1.69532,0.0636756,2.04978e-66
2781,Solyc05g013850.2,wgd,TE-like,Solyc03g111797.1,0.439342,2.60492,0.168658,1.63014e-54
2782,Solyc05g013880.1,wgd,Unmethylated,Solyc03g111780.1,0.431786,4.12146,0.104765,4.60231e-38
2783,Solyc05g013920.3,wgd,TE-like,Solyc03g111730.3,0.187355,4.08523,0.0458616,3.99324e-68
2784,Solyc05g014000.3,wgd,Unclassified,Solyc03g111690.3,0.10999,4.00923,0.0274343,6.67645e-127
2785,Solyc05g014120.1,wgd,Unclassified,Solyc03g111620.1,0.244609,1.64148,0.149018,1.47677e-30
2786,Solyc05g014140.2,wgd,Unclassified,Solyc02g093640.3,0.317703,3.17549,0.100048,2.63331e-25
2787,Solyc05g014210.3,wgd,TE-like,Solyc03g111550.3,0.560446,4.06316,0.137933,2.64204e-48
2788,Solyc05g014230.3,wgd,gbM,Solyc03g111510.3,0.269115,1.90724,0.141102,1.01402e-28
2789,Solyc05g014270.3,wgd,TE-like,Solyc02g093720.3,0.669828,1.83307,0.365414,7.39826e-16
2790,Solyc05g014290.3,wgd,TE-like,Solyc02g093740.3,0.331045,3.53305,0.0936996,5.83323e-52
2791,Solyc05g014320.3,wgd,gbM,Solyc02g093790.3,0.209562,3.50313,0.0598213,6.87479e-68
2792,Solyc05g014340.3,wgd,TE-like,Solyc02g093800.3,0.163611,3.09555,0.0528536,1.44347e-98
2793,Solyc05g014510.3,wgd,gbM,Solyc02g093850.3,0.320287,4.5205,0.0708522,3.24849e-89
2794,Solyc05g014530.1,wgd,TE-like,Solyc02g093860.3,0.232619,4.27096,0.0544654,4.11737e-77
2795,Solyc05g046290.3,wgd,TE-like,Solyc07g009380.3,0.15332,1.10055,0.139312,5.16261e-24
2796,Solyc05g046295.1,wgd,NA,Solyc07g009430.1,0.620196,4.04808,0.153207,1.49589e-20
2797,Solyc05g046300.3,wgd,gbM,Solyc07g009490.3,0.101958,0.807176,0.126314,7.3333e-37
2798,Solyc05g046320.1,wgd,Unmethylated,Solyc07g014620.1,0.158563,3.44014,0.046092,1.64018e-36
2799,Solyc05g046330.3,wgd,TE-like,Solyc07g014700.3,0.097752,0.605571,0.161421,6.23384e-34
2800,Solyc05g047390.1,wgd,Unmethylated,Solyc07g015970.2,0.105086,2.98982,0.0351479,9.66706e-23
2801,Solyc05g047460.3,wgd,gbM,Solyc07g016180.3,0.109095,0.721779,0.151147,6.69911e-86
2802,Solyc05g047570.2,wgd,TE-like,Solyc07g017230.3,0.282717,4.43492,0.063748,2.86008e-79
2803,Solyc05g048780.1,wgd,TE-like,Solyc01g094430.1,0.241613,1.95213,0.123769,2.10819e-25
2804,Solyc05g048800.2,wgd,TE-like,Solyc01g094380.2,0.17106,2.19633,0.0778844,2.86546e-13
2805,Solyc05g048820.3,wgd,TE-like,Solyc01g094370.3,0.212189,0.660329,0.321339,2.39078e-06
2806,Solyc05g048830.3,wgd,gbM,Solyc01g094360.3,0.101089,1.76285,0.0573439,7.94094e-41
2807,Solyc05g048850.3,wgd,TE-like,Solyc01g094350.3,0.0267329,0.610434,0.0437933,3.79793e-48
2808,Solyc05g049870.3,wgd,gbM,Solyc01g094320.3,0.132016,1.51373,0.0872124,1.52813e-28
2809,Solyc05g049960.3,wgd,gbM,Solyc01g094820.3,0.284441,1.15291,0.246716,2.83901e-23
2810,Solyc05g049970.3,wgd,gbM,Solyc01g094960.3,0.0722817,0.75181,0.0961435,6.75664e-38
2811,Solyc05g049980.3,wgd,Unclassified,Solyc01g094970.3,0.100222,1.23167,0.0813709,5.63598e-46
2812,Solyc05g049990.3,wgd,TE-like,Solyc10g011960.2,0.249308,1.35946,0.183388,2.374e-12
2813,Solyc05g050010.3,wgd,TE-like,Solyc01g095080.3,0.176093,1.4572,0.120843,1.46212e-59
2814,Solyc05g050020.3,wgd,TE-like,Solyc01g095090.3,0.234238,0.863014,0.271418,2.36387e-18
2815,Solyc05g050090.3,wgd,gbM,Solyc10g011810.3,0.171085,3.43646,0.0497853,5.52443e-45
2816,Solyc05g050110.3,wgd,TE-like,Solyc01g095270.3,0.21916,1.09012,0.201043,2.63596e-18
2817,Solyc05g050120.3,wgd,gbM,Solyc01g094200.3,0.569291,4.47529,0.127207,2.01196e-42
2818,Solyc05g050200.3,wgd,Unmethylated,Solyc10g011780.1,0.154568,1.84515,0.0837699,1.30683e-08
2819,Solyc05g050210.3,wgd,NA,Solyc01g095450.3,0.142606,1.29216,0.110362,9.22218e-36
2820,Solyc05g050220.3,wgd,TE-like,Solyc01g095460.3,0.188425,1.00213,0.188024,8.31953e-27
2821,Solyc05g050230.3,wgd,TE-like,Solyc10g011740.3,0.014635,0.831754,0.0175953,1.81902e-27
2822,Solyc05g050250.1,wgd,Unclassified,Solyc01g095530.2,0.132523,2.11493,0.0626605,1.36042e-14
2823,Solyc05g050280.3,wgd,gbM,Solyc01g095580.3,0.0918668,1.38985,0.0660984,2.78595e-82
2824,Solyc05g050290.2,wgd,Unclassified,Solyc10g011650.3,0.160072,1.07276,0.149215,6.8963e-10
2825,Solyc05g050340.3,wgd,TE-like,Solyc10g009550.3,0.732299,3.75265,0.195142,3.90739e-25
2826,Solyc05g050350.2,wgd,TE-like,Solyc01g095770.3,0.20222,0.772272,0.261851,3.91204e-31
2827,Solyc05g050510.3,wgd,TE-like,Solyc01g096175.1,0.407288,2.93895,0.138583,2.18564e-20
2828,Solyc05g050520.3,wgd,TE-like,Solyc01g096150.3,0.108359,1.02227,0.105998,3.16484e-26
2829,Solyc05g050550.3,wgd,Unmethylated,Solyc01g096080.3,0.473054,1.68508,0.280732,5.93571e-08
2830,Solyc05g050560.1,wgd,TE-like,Solyc01g096050.3,0.154,0.732851,0.210138,7.55005e-34
2831,Solyc05g050580.3,wgd,gbM,Solyc01g096020.3,0.0635111,0.594218,0.106882,3.10807e-32
2832,Solyc05g050590.3,wgd,TE-like,Solyc01g095990.3,0.11075,1.46999,0.0753407,4.59895e-53
2833,Solyc05g050600.3,wgd,TE-like,Solyc01g095970.3,0.0300915,0.837431,0.0359331,1.09334e-91
2834,Solyc05g050630.3,wgd,TE-like,Solyc01g095900.3,0.156929,0.59066,0.265685,2.77094e-74
2835,Solyc05g051180.2,wgd,TE-like,Solyc04g014530.1,0.501815,2.01657,0.248846,3.01342e-10
2836,Solyc05g051250.3,wgd,TE-like,Solyc04g014510.3,0.070266,1.26212,0.0556729,8.68779e-45
2837,Solyc05g051270.3,wgd,Unclassified,Solyc11g011000.2,0.199456,0.990581,0.201352,2.4934e-20
2838,Solyc05g051350.2,wgd,TE-like,Solyc04g014430.2,0.193348,1.46196,0.132253,6.8099e-68
2839,Solyc05g051360.1,wgd,TE-like,Solyc11g010740.2,0.192584,1.26772,0.151914,4.54251e-51
2840,Solyc05g051380.3,wgd,TE-like,Solyc11g010710.2,0.192641,1.55092,0.124211,1.16141e-45
2841,Solyc05g051390.3,wgd,TE-like,Solyc04g014380.3,0.278628,1.25511,0.221995,3.26381e-45
2842,Solyc05g051400.3,wgd,Unclassified,Solyc11g010500.1,0.0911896,1.62789,0.0560169,1.48469e-62
2843,Solyc05g051410.3,wgd,Unclassified,Solyc11g010460.2,0.182731,0.664461,0.275006,1.85568e-14
2844,Solyc05g051420.2,wgd,Unclassified,Solyc04g014260.2,0.18693,1.17007,0.159759,2.87304e-15
2845,Solyc05g051425.1,wgd,TE-like,Solyc11g010420.2,0.309434,1.45156,0.213173,6.36555e-16
2846,Solyc05g051440.1,wgd,TE-like,Solyc04g014230.1,0.197236,2.24523,0.0878468,1.21186e-35
2847,Solyc05g051460.3,wgd,gbM,Solyc11g010270.2,0.211221,1.71967,0.122826,5.38545e-35
2848,Solyc05g051500.3,wgd,TE-like,Solyc11g010210.1,0.30433,1.58298,0.192251,6.09894e-23
2849,Solyc05g051515.1,wgd,gbM,Solyc11g010230.2,NA,0.471942,0,NA
2850,Solyc05g051520.3,wgd,TE-like,Solyc11g010110.2,0.204691,0.770924,0.265513,1.06785e-21
2851,Solyc05g051530.3,wgd,Unclassified,Solyc11g009100.2,0.156894,4.20481,0.037313,4.60179e-102
2852,Solyc05g051730.1,wgd,Unclassified,Solyc04g053110.1,0.158909,1.48625,0.106919,2.35993e-12
2853,Solyc05g051760.2,wgd,TE-like,Solyc04g053140.2,0.203559,3.22518,0.0631156,7.46931e-28
2854,Solyc05g051800.3,wgd,TE-like,Solyc04g054330.3,0.198628,0.96633,0.205548,1.44831e-18
2855,Solyc05g051820.3,wgd,Unclassified,Solyc04g054500.3,0.110297,1.36625,0.0807299,1.75153e-24
2856,Solyc05g051830.3,wgd,Unclassified,Solyc04g054517.1,0.537426,2.97972,0.180361,3.43031e-07
2857,Solyc05g051850.3,wgd,gbM,Solyc04g054740.3,0.036242,0.505111,0.0717505,1.39346e-55
2858,Solyc05g051860.3,wgd,Unclassified,Solyc04g072780.3,0.60972,3.4102,0.178793,2.12198e-12
2859,Solyc05g051870.3,wgd,TE-like,Solyc04g054810.3,0.298874,1.88086,0.158903,1.12485e-14
2860,Solyc05g051880.3,wgd,TE-like,Solyc04g054930.3,0.118883,0.936368,0.126962,1.09297e-25
2861,Solyc05g051890.1,wgd,Unclassified,Solyc04g054960.1,0.347795,1.37049,0.253775,1.88719e-12
2862,Solyc05g051900.3,wgd,gbM,Solyc04g073960.3,0.224911,4.28519,0.0524857,1.10557e-93
2863,Solyc05g051970.3,wgd,gbM,Solyc04g073970.3,0.304889,2.09341,0.145643,1.18052e-25
2864,Solyc05g051980.3,wgd,TE-like,Solyc04g073990.3,0.288209,3.98048,0.0724056,2.87165e-45
2865,Solyc05g052180.3,wgd,TE-like,Solyc03g095660.2,0.124461,0.711607,0.174901,3.79535e-08
2866,Solyc05g052190.3,wgd,TE-like,Solyc03g095720.3,0.236578,0.616185,0.383941,3.61821e-06
2867,Solyc05g052290.2,wgd,TE-like,Solyc06g050860.3,0.224634,1.29108,0.173989,2.52216e-20
2868,Solyc05g052300.3,wgd,TE-like,Solyc06g050790.3,0.311012,2.52539,0.123154,9.31303e-53
2869,Solyc05g052310.3,wgd,Unclassified,Solyc06g050770.3,0.0674693,0.497118,0.135721,4.27245e-18
2870,Solyc05g052350.3,wgd,TE-like,Solyc06g050560.3,0.159792,1.95984,0.0815332,3.92775e-90
2871,Solyc05g052410.2,wgd,TE-like,Solyc06g050520.2,0.233585,1.78874,0.130586,2.567e-30
2872,Solyc05g052420.2,wgd,Unclassified,Solyc03g095780.2,0.161344,2.1415,0.0753416,5.21949e-30
2873,Solyc05g052430.2,wgd,TE-like,Solyc03g095810.3,0.257322,2.20736,0.116574,9.65879e-48
2874,Solyc05g052440.2,wgd,TE-like,Solyc03g095820.3,0.196226,2.42996,0.0807525,4.87255e-30
2875,Solyc05g052510.3,wgd,TE-like,Solyc03g096000.3,0.0202271,0.559612,0.0361449,1.60583e-213
2876,Solyc05g052540.2,wgd,gbM,Solyc03g096030.3,0.175527,1.43114,0.122649,8.2656e-42
2877,Solyc05g052715.1,wgd,gbM,Solyc03g096090.3,0.143637,0.561838,0.255655,4.13429e-25
2878,Solyc05g053180.3,wgd,NA,Solyc12g098880.2,0.169763,0.675663,0.251253,0.0013473
2879,Solyc05g053210.3,wgd,gbM,Solyc12g098910.2,0.122705,1.72502,0.0711326,1.0334e-59
2880,Solyc05g053230.3,wgd,gbM,Solyc12g098980.2,0.0299023,0.67551,0.0442662,1.88323e-47
2881,Solyc05g053300.3,wgd,gbM,Solyc12g099100.2,0.0401979,1.18944,0.0337955,2.9663e-80
2882,Solyc05g053330.3,wgd,TE-like,Solyc12g099120.2,0.271477,3.63092,0.074768,6.86103e-40
2883,Solyc05g053340.3,wgd,TE-like,Solyc01g058030.2,0.185834,1.52033,0.122233,4.93457e-30
2884,Solyc05g053360.3,wgd,TE-like,Solyc01g058320.3,0.342131,0.831901,0.411264,1.44252e-05
2885,Solyc05g053380.3,wgd,TE-like,Solyc01g058540.3,0.425284,2.98823,0.14232,7.40381e-21
2886,Solyc05g053390.3,wgd,Unclassified,Solyc01g058650.2,0.304115,0.816283,0.372561,0.00472549
2887,Solyc05g053410.3,wgd,gbM,Solyc01g059870.4,0.0997787,0.839422,0.118866,7.51274e-106
2888,Solyc05g053420.1,wgd,gbM,Solyc12g099220.1,0.358602,1.56136,0.229673,2.13182e-32
2889,Solyc05g053450.3,wgd,TE-like,Solyc09g091040.3,0.225925,0.686121,0.329278,0.000751478
2890,Solyc05g053470.3,wgd,gbM,Solyc09g091180.3,0.0524647,0.592404,0.0885624,2.16545e-59
2891,Solyc05g053490.3,wgd,TE-like,Solyc09g091230.3,0.119531,0.923692,0.129405,2.91848e-31
2892,Solyc05g053500.3,wgd,TE-like,Solyc09g091250.3,0.313669,1.68181,0.186506,5.8876e-15
2893,Solyc05g053520.3,wgd,Unclassified,Solyc09g091450.3,0.17115,2.62407,0.0652233,4.43668e-16
2894,Solyc05g053550.3,wgd,TE-like,Solyc09g091510.3,0.0378915,1.4053,0.0269632,8.44904e-93
2895,Solyc05g053570.3,wgd,TE-like,Solyc09g091660.3,0.107743,0.866624,0.124325,1.12004e-130
2896,Solyc05g053620.3,wgd,gbM,Solyc12g098190.2,0.438838,3.47747,0.126195,1.14256e-20
2897,Solyc05g053650.3,wgd,TE-like,Solyc09g091750.3,0.0524397,0.738159,0.0710412,1.05749e-117
2898,Solyc05g053660.2,wgd,TE-like,Solyc09g091760.2,0.281836,1.72376,0.163501,1.53481e-22
2899,Solyc05g053670.3,wgd,Unclassified,Solyc12g098330.2,0.00671865,1.06072,0.00633404,4.31813e-39
2900,Solyc05g053680.1,wgd,TE-like,Solyc12g098340.2,0.225583,0.954669,0.236295,1.71901e-15
2901,Solyc05g053690.2,wgd,TE-like,Solyc09g091930.3,0.243481,1.08944,0.223493,5.05891e-44
2902,Solyc05g053710.3,wgd,Unclassified,Solyc09g092070.3,0.120642,0.900857,0.133919,2.73727e-44
2903,Solyc05g053740.3,wgd,gbM,Solyc09g092120.3,0.0997799,0.758812,0.131495,4.06223e-23
2904,Solyc05g053760.3,wgd,Unclassified,Solyc09g092260.3,0.234295,4.63028,0.0506005,9.3744e-26
2905,Solyc05g053770.3,wgd,TE-like,Solyc12g098470.2,0.455566,0.9885,0.460866,5.37086e-08
2906,Solyc05g053780.3,wgd,Unclassified,Solyc09g092320.3,0.159828,1.36048,0.117479,1.88343e-12
2907,Solyc05g053790.1,wgd,Unclassified,Solyc09g092330.2,0.123516,1.66769,0.0740642,5.82104e-63
2908,Solyc05g053810.3,wgd,gbM,Solyc12g098490.2,0.0335937,1.17682,0.0285462,2.21384e-92
2909,Solyc05g053820.3,wgd,TE-like,Solyc12g098580.1,0.244534,1.02032,0.239663,1.08891e-24
2910,Solyc05g053830.3,wgd,TE-like,Solyc09g092680.3,0.0636348,1.10512,0.057582,4.90952e-120
2911,Solyc05g053835.1,wgd,TE-like,Solyc09g097830.3,0.0754886,0.994345,0.0759179,1.17499e-110
2912,Solyc05g054040.3,wgd,gbM,Solyc04g014570.3,0.0414807,1.0133,0.0409363,1.99469e-82
2913,Solyc05g054050.3,wgd,TE-like,Solyc11g011920.2,0.0682221,1.16219,0.0587015,4.06845e-75
2914,Solyc05g054060.3,wgd,gbM,Solyc11g011960.2,0.0560874,1.05554,0.0531363,4.93583e-46
2915,Solyc05g054070.3,wgd,TE-like,Solyc11g012110.2,0.0501491,1.05738,0.0474277,6.95085e-40
2916,Solyc05g054110.3,wgd,TE-like,Solyc11g012270.2,0.118195,0.676665,0.174674,5.04792e-16
2917,Solyc05g054120.1,wgd,Unmethylated,Solyc04g014780.1,0.364597,1.43202,0.254604,2.44145e-06
2918,Solyc05g054130.3,wgd,TE-like,Solyc11g012400.2,0.0750243,0.657618,0.114085,7.68953e-31
2919,Solyc05g054150.3,wgd,gbM,Solyc11g012460.2,0.0540437,1.22538,0.0441037,4.06088e-38
2920,Solyc05g054170.3,wgd,TE-like,Solyc11g012510.2,0.148157,0.945461,0.156703,5.29069e-45
2921,Solyc05g054190.3,wgd,Unclassified,Solyc11g012590.2,0.159208,1.21204,0.131355,1.25945e-19
2922,Solyc05g054210.3,wgd,TE-like,Solyc04g015020.3,0.197563,1.5375,0.128497,3.44044e-27
2923,Solyc05g054220.3,wgd,TE-like,Solyc11g012710.2,0.114344,0.638501,0.179081,3.00638e-19
2924,Solyc05g054240.3,wgd,Unclassified,Solyc12g099560.2,0.113284,0.486667,0.232776,4.02851e-24
2925,Solyc05g054260.3,wgd,gbM,Solyc12g099540.2,0.0926005,0.707652,0.130856,6.07084e-63
2926,Solyc05g054270.2,wgd,NA,Solyc01g066810.3,0.210163,1.05415,0.199368,8.63887e-11
2927,Solyc05g054295.1,wgd,TE-like,Solyc01g066770.3,0.294781,3.51392,0.0838894,2.46385e-31
2928,Solyc05g054310.3,wgd,TE-like,Solyc01g066690.3,0.0190879,0.698924,0.0273104,1.60469e-70
2929,Solyc05g054320.3,wgd,Unclassified,Solyc01g066457.1,0.257136,1.80411,0.142528,5.57563e-34
2930,Solyc05g054330.3,wgd,TE-like,Solyc01g066450.3,0.281279,3.01359,0.093337,7.88485e-42
2931,Solyc05g054360.3,wgd,TE-like,Solyc12g099410.2,0.339386,1.86956,0.181533,3.22781e-48
2932,Solyc05g054365.1,wgd,TE-like,Solyc01g066310.3,0.0988443,0.875596,0.112888,4.92096e-74
2933,Solyc05g054390.3,wgd,TE-like,Solyc12g099380.2,0.325786,1.19333,0.273007,6.79968e-18
2934,Solyc05g054400.3,wgd,TE-like,Solyc12g099370.2,0.263319,2.10399,0.125152,1.00125e-14
2935,Solyc05g054410.3,wgd,gbM,Solyc04g011650.3,0.206343,0.671525,0.307275,8.32808e-24
2936,Solyc05g054420.3,wgd,TE-like,Solyc06g076200.1,0.579789,4.5161,0.128383,1.40041e-48
2937,Solyc05g054440.3,wgd,TE-like,Solyc06g076170.3,0.393042,4.26902,0.0920685,4.68974e-74
2938,Solyc05g054480.3,wgd,TE-like,Solyc06g076090.3,0.0100313,3.29134,0.00304779,9.85267e-136
2939,Solyc05g054510.2,wgd,TE-like,Solyc06g076030.3,0.494065,3.74864,0.131799,1.29551e-35
2940,Solyc05g054540.3,wgd,TE-like,Solyc04g011430.3,0.0924403,0.665745,0.138852,1.01004e-11
2941,Solyc05g054560.3,wgd,TE-like,Solyc04g011420.3,0.124007,0.971489,0.127647,2.41805e-22
2942,Solyc05g054570.3,wgd,TE-like,Solyc06g075980.3,0.467103,1.71189,0.272857,1.63696e-26
2943,Solyc05g054590.3,wgd,TE-like,Solyc04g011400.3,0.0639165,1.21554,0.052583,2.67968e-53
2944,Solyc05g054610.1,wgd,Unclassified,Solyc04g011390.1,NA,0.79819,2.69701e-12,NA
2945,Solyc05g054640.3,wgd,TE-like,Solyc04g011350.3,0.0414249,0.574135,0.072152,1.54496e-87
2946,Solyc05g054650.1,wgd,Unclassified,Solyc06g075780.2,0.344127,3.18014,0.108211,1.17887e-32
2947,Solyc05g054750.3,wgd,TE-like,Solyc09g005730.3,0.337676,1.7924,0.188393,1.20686e-08
2948,Solyc05g054770.3,wgd,gbM,Solyc09g005750.3,0.79216,4.54536,0.174279,4.61772e-25
2949,Solyc05g054780.2,wgd,gbM,Solyc04g010270.1,0.120972,1.67084,0.0724017,1.48836e-56
2950,Solyc05g054810.3,wgd,Unclassified,Solyc06g075620.3,0.0291534,1.12712,0.0258653,3.14361e-30
2951,Solyc05g054820.1,wgd,TE-like,Solyc09g005830.1,0.48226,4.52394,0.106602,7.83718e-52
2952,Solyc05g054830.3,wgd,TE-like,Solyc06g075600.3,0.466272,4.43513,0.105132,6.10938e-54
2953,Solyc05g054850.1,wgd,TE-like,Solyc09g005880.1,0.444844,3.95975,0.112342,1.77966e-34
2954,Solyc05g054890.3,wgd,TE-like,Solyc09g005970.1,0.212962,4.66459,0.045655,4.24537e-148
2955,Solyc05g054920.3,wgd,TE-like,Solyc09g005980.3,0.287137,4.02414,0.0713537,1.77634e-46
2956,Solyc05g054980.3,wgd,TE-like,Solyc04g010070.3,0.0695173,0.739852,0.093961,4.90504e-59
2957,Solyc05g055010.3,wgd,TE-like,Solyc04g010000.3,0.120319,0.782183,0.153825,4.94471e-16
2958,Solyc05g055020.3,wgd,TE-like,Solyc04g009980.3,0.151405,2.04974,0.0738655,1.50273e-25
2959,Solyc05g055040.3,wgd,TE-like,Solyc04g009920.3,0.0945167,0.539681,0.175134,3.46606e-34
2960,Solyc05g055050.2,wgd,TE-like,Solyc04g009900.3,0.178833,3.66631,0.0487775,5.25846e-41
2961,Solyc05g055070.3,wgd,TE-like,Solyc11g006115.1,0.260447,1.84767,0.14096,1.56605e-10
2962,Solyc05g055080.1,wgd,Unmethylated,Solyc11g006240.1,0.461603,2.98457,0.154663,1.27296e-11
2963,Solyc05g055090.3,wgd,TE-like,Solyc11g006320.2,0.0725046,0.843695,0.085937,9.80892e-115
2964,Solyc05g055110.3,wgd,TE-like,Solyc11g006390.2,0.336224,0.780847,0.430589,1.27075e-16
2965,Solyc05g055140.1,wgd,NA,Solyc04g009780.1,0.253224,3.07679,0.0823014,0
2966,Solyc05g055160.3,wgd,TE-like,Solyc04g009770.3,0.0472124,0.630098,0.0749287,3.89499e-46
2967,Solyc05g055170.3,wgd,TE-like,Solyc11g006500.2,0.0800273,0.52753,0.151702,9.60518e-18
2968,Solyc05g055180.3,wgd,TE-like,Solyc11g006540.2,0.244195,1.16164,0.210215,9.4533e-18
2969,Solyc05g055200.3,wgd,TE-like,Solyc11g006650.2,0.197711,1.82986,0.108047,5.71686e-59
2970,Solyc05g055210.2,wgd,TE-like,Solyc11g006660.2,0.0161011,0.667486,0.024122,2.04614e-64
2971,Solyc05g055220.1,wgd,Unclassified,Solyc11g006670.1,0.235218,1.80997,0.129957,3.36947e-18
2972,Solyc05g055230.2,wgd,gbM,Solyc11g006690.1,0.00929902,0.54327,0.0171168,1.36721e-23
2973,Solyc05g055240.3,wgd,Unclassified,Solyc11g006720.2,0.133302,1.52099,0.0876418,7.13046e-23
2974,Solyc05g055260.3,wgd,TE-like,Solyc11g006820.2,0.0191474,0.629074,0.0304374,1.61364e-14
2975,Solyc05g055270.1,wgd,TE-like,Solyc11g006900.1,0.322526,3.48347,0.0925875,6.15903e-21
2976,Solyc05g055280.2,wgd,TE-like,Solyc04g009710.2,0.234178,1.79884,0.130182,9.24528e-14
2977,Solyc05g055290.3,wgd,TE-like,Solyc11g007030.2,0.265458,3.59937,0.0737513,6.98681e-36
2978,Solyc05g055300.1,wgd,Unmethylated,Solyc11g007080.1,0.0880553,1.61899,0.0543892,1.75354e-47
2979,Solyc05g055310.3,wgd,Unclassified,Solyc11g007200.2,0.175452,1.03145,0.170103,1.48667e-07
2980,Solyc05g055320.3,wgd,TE-like,Solyc11g007210.2,0.156965,1.71643,0.0914487,4.69423e-39
2981,Solyc05g055330.3,wgd,gbM,Solyc11g007280.2,0.100401,0.864084,0.116193,4.15856e-140
2982,Solyc05g055340.3,wgd,TE-like,Solyc11g007340.2,0.292888,1.05075,0.278742,2.94643e-12
2983,Solyc05g055347.1,wgd,TE-like,Solyc11g007370.2,0.511861,3.45876,0.14799,6.18799e-15
2984,Solyc05g055360.3,wgd,TE-like,Solyc11g007510.2,0.392508,0.876754,0.447683,5.78562e-10
2985,Solyc05g055390.3,wgd,gbM,Solyc11g007530.2,0.200385,1.30885,0.1531,5.93181e-17
2986,Solyc05g055400.3,wgd,TE-like,Solyc11g007540.2,0.161075,1.46837,0.109697,6.28009e-74
2987,Solyc05g055410.2,wgd,TE-like,Solyc11g007600.2,0.136158,0.985725,0.138129,3.79851e-36
2988,Solyc05g055420.3,wgd,TE-like,Solyc11g007770.2,0.106544,0.834138,0.127729,1.43167e-69
2989,Solyc05g055440.1,wgd,Unmethylated,Solyc11g007920.1,0.0127715,0.74942,0.0170419,2.36116e-28
2990,Solyc05g055450.3,wgd,TE-like,Solyc11g007940.2,0.128148,0.876756,0.146161,8.52747e-29
2991,Solyc05g055470.3,wgd,TE-like,Solyc11g008000.2,0.23676,0.650175,0.364148,7.66156e-14
2992,Solyc05g055490.2,wgd,TE-like,Solyc11g008030.2,0.267044,4.27414,0.0624789,2.76621e-82
2993,Solyc05g055510.3,wgd,TE-like,Solyc11g008140.2,0.184875,1.65967,0.111393,1.21968e-49
2994,Solyc05g055540.2,wgd,TE-like,Solyc11g008180.1,0.505233,3.90527,0.129372,4.9339e-32
2995,Solyc05g055560.1,wgd,Unclassified,Solyc11g008310.2,0.238563,0.526241,0.453334,0.00159704
2996,Solyc05g055567.1,wgd,TE-like,Solyc11g008320.2,0.347266,1.79601,0.193354,1.5604e-38
2997,Solyc05g056620.2,wgd,TE-like,Solyc03g114830.3,0.234445,3.63939,0.0644189,1.69597e-50
2998,Solyc06g005240.3,wgd,TE-like,Solyc06g075600.3,0.15699,1.25001,0.125591,2.47121e-43
2999,Solyc06g005280.1,wgd,TE-like,Solyc06g075610.1,0.280198,1.52221,0.184073,1.29526e-38
3000,Solyc06g005310.3,wgd,TE-like,Solyc06g075660.3,0.237925,1.89926,0.125273,5.10652e-11
3001,Solyc06g005350.3,wgd,gbM,Solyc04g011360.3,0.022133,3.51663,0.00629382,7.15855e-58
3002,Solyc06g005390.1,wgd,Unmethylated,Solyc06g075800.1,0.0630974,2.6777,0.023564,1.47646e-40
3003,Solyc06g005420.1,wgd,Unmethylated,Solyc06g075930.1,NA,1.48242,7.97154e-12,NA
3004,Solyc06g005435.1,wgd,Unclassified,Solyc04g011440.4,0.092919,2.59168,0.0358527,4.41706e-127
3005,Solyc06g005440.1,wgd,Unmethylated,Solyc06g076020.3,0.292873,1.8054,0.162221,1.06408e-13
3006,Solyc06g005470.3,wgd,Unclassified,Solyc06g076140.3,0.165957,0.312214,0.53155,0.0869816
3007,Solyc06g005490.3,wgd,gbM,Solyc04g011510.3,0.105965,1.43324,0.0739339,3.74407e-49
3008,Solyc06g005500.3,wgd,gbM,Solyc04g011520.3,0.183587,4.18644,0.0438528,5.60915e-77
3009,Solyc06g005550.2,wgd,gbM,Solyc06g076200.1,0.4956,3.48067,0.142386,4.77863e-40
3010,Solyc06g005560.3,wgd,gbM,Solyc06g076220.3,0.0874727,1.99281,0.0438941,7.09569e-56
3011,Solyc06g005570.3,wgd,TE-like,Solyc06g076253.1,0.653489,2.35106,0.277955,3.45004e-15
3012,Solyc06g005590.3,wgd,TE-like,Solyc06g076270.3,0.247387,0.820726,0.301424,8.72949e-16
3013,Solyc06g005610.1,wgd,Unclassified,Solyc06g076320.1,0.184771,2.96943,0.0622244,1.21944e-21
3014,Solyc06g005650.2,wgd,Unmethylated,Solyc04g011610.2,0.299888,3.38234,0.088663,3.18101e-30
3015,Solyc06g005670.3,wgd,TE-like,Solyc06g076340.3,0.0893656,1.01519,0.0880283,7.66566e-92
3016,Solyc06g005680.3,wgd,Unclassified,Solyc06g076350.3,0.348668,3.59345,0.0970285,1.0677e-23
3017,Solyc06g005750.3,wgd,TE-like,Solyc06g076410.3,0.105509,1.47972,0.0713035,3.38946e-23
3018,Solyc06g005800.3,wgd,gbM,Solyc06g076430.3,0.0350648,1.08893,0.0322011,1.66339e-55
3019,Solyc06g005810.3,wgd,gbM,Solyc06g076450.3,0.0471082,0.755289,0.0623711,1.64984e-30
3020,Solyc06g005850.3,wgd,Unclassified,Solyc06g076610.3,0.249706,0.645579,0.386793,3.38413e-06
3021,Solyc06g005910.3,wgd,TE-like,Solyc06g076640.3,0.0439577,2.40397,0.0182854,6.86168e-95
3022,Solyc06g005970.2,wgd,TE-like,Solyc06g076780.3,0.197038,4.44357,0.0443423,8.47614e-106
3023,Solyc06g007120.3,wgd,TE-like,Solyc06g082000.3,0.339083,4.38214,0.0773784,3.94759e-91
3024,Solyc06g007170.3,wgd,TE-like,Solyc06g082070.3,0.155071,2.52134,0.0615034,2.25288e-56
3025,Solyc06g007190.3,wgd,Unclassified,Solyc06g082080.3,0.166808,1.02484,0.162765,1.0237e-27
3026,Solyc06g007390.3,wgd,TE-like,Solyc06g082430.2,0.148237,1.1292,0.131276,5.27635e-22
3027,Solyc06g007440.3,wgd,TE-like,Solyc06g082440.1,0.199689,2.30938,0.0864687,4.3813e-53
3028,Solyc06g007510.3,wgd,Unclassified,Solyc06g082600.3,NA,0.617251,1.46411e-12,NA
3029,Solyc06g007520.3,wgd,gbM,Solyc06g082650.3,0.0158031,0.929394,0.0170036,7.67581e-40
3030,Solyc06g007540.3,wgd,Unclassified,Solyc06g082680.3,0.146081,2.18984,0.0667084,5.94881e-12
3031,Solyc06g007580.1,wgd,Unmethylated,Solyc06g083160.1,0.220186,1.31472,0.167477,1.09657e-22
3032,Solyc06g007710.3,wgd,TE-like,Solyc06g082800.3,0.0551955,0.463526,0.119077,2.75421e-24
3033,Solyc06g007770.3,wgd,TE-like,Solyc06g083270.3,0.223363,1.75696,0.12713,3.49363e-16
3034,Solyc06g007780.3,wgd,TE-like,Solyc06g083300.3,0.17705,0.829868,0.213347,1.98705e-29
3035,Solyc06g007790.1,wgd,TE-like,Solyc06g083330.2,0.288608,0.822391,0.350937,2.07794e-06
3036,Solyc06g007930.3,wgd,TE-like,Solyc06g083440.3,0.0882886,1.90641,0.0463115,2.2565e-22
3037,Solyc06g007960.3,wgd,NA,Solyc06g083445.1,0.29419,2.08872,0.140847,3.49675e-22
3038,Solyc06g007970.3,wgd,TE-like,Solyc09g061700.3,0.0976913,2.23745,0.043662,6.28324e-44
3039,Solyc06g007980.3,wgd,TE-like,Solyc09g061860.3,0.114512,1.34373,0.0852194,8.11578e-45
3040,Solyc06g008030.3,wgd,Unclassified,Solyc09g063010.3,0.199446,0.604547,0.32991,5.9858e-06
3041,Solyc06g008040.3,wgd,TE-like,Solyc09g063030.3,0.0850237,0.720048,0.11808,1.80691e-119
3042,Solyc06g008050.3,wgd,TE-like,Solyc06g083700.3,0.0914524,2.81746,0.0324592,1.80134e-54
3043,Solyc06g008090.3,wgd,TE-like,Solyc09g064200.3,0.0694384,0.822178,0.0844567,2.18569e-142
3044,Solyc06g008130.3,wgd,TE-like,Solyc06g083760.3,0.526891,5.2164,0.101007,3.65912e-24
3045,Solyc06g008160.3,wgd,TE-like,Solyc09g072880.3,0.213206,1.31908,0.161633,1.29667e-18
3046,Solyc06g008170.3,wgd,gbM,Solyc09g072870.3,0.00621796,0.853644,0.00728402,8.18599e-31
3047,Solyc06g008200.3,wgd,TE-like,Solyc09g072830.3,0.16453,0.906639,0.181472,5.63029e-29
3048,Solyc06g008230.3,wgd,TE-like,Solyc09g072650.3,0.164781,0.655048,0.251556,5.93331e-24
3049,Solyc06g008240.3,wgd,TE-like,Solyc09g072640.3,0.29328,3.52036,0.0833097,5.82489e-25
3050,Solyc06g008250.3,wgd,TE-like,Solyc09g066420.3,0.13142,0.849824,0.154644,2.02031e-30
3051,Solyc06g008260.3,wgd,Unclassified,Solyc09g066430.3,0.0379824,1.24876,0.0304161,8.30226e-24
3052,Solyc06g008320.3,wgd,TE-like,Solyc06g083830.3,0.0577933,0.630124,0.0917173,5.08776e-18
3053,Solyc06g008330.2,wgd,TE-like,Solyc09g066460.3,0.0818296,0.754277,0.108487,2.89301e-40
3054,Solyc06g008340.3,wgd,TE-like,Solyc09g066490.3,0.0926964,1.22052,0.0759482,5.98859e-37
3055,Solyc06g008360.3,wgd,TE-like,Solyc09g025310.3,0.242859,1.93185,0.125713,7.32591e-28
3056,Solyc06g008530.2,wgd,TE-like,Solyc06g083960.2,0.113472,0.566161,0.200423,5.18475e-52
3057,Solyc06g008600.3,wgd,TE-like,Solyc06g084040.3,0.179258,0.564652,0.317467,6.30575e-14
3058,Solyc06g008710.2,wgd,TE-like,Solyc09g074680.3,0.193433,1.07118,0.18058,3.61721e-45
3059,Solyc06g008720.3,wgd,TE-like,Solyc09g074670.3,0.292649,0.758016,0.386072,1.79022e-29
3060,Solyc06g008740.3,wgd,gbM,Solyc09g074640.3,0.169233,0.526285,0.321561,1.93143e-12
3061,Solyc06g008750.1,wgd,NA,Solyc09g074580.1,0.0944897,0.73261,0.128977,7.82816e-08
3062,Solyc06g008760.1,wgd,TE-like,Solyc09g074570.1,0.161269,2.49834,0.0645504,1.07236e-13
3063,Solyc06g008780.2,wgd,TE-like,Solyc09g074520.3,0.172981,1.51276,0.114347,1.05861e-36
3064,Solyc06g008850.3,wgd,gbM,Solyc09g074380.3,0.347773,0.690409,0.503719,4.99958e-07
3065,Solyc06g008870.2,wgd,Unclassified,Solyc09g074270.3,0.0706069,3.95185,0.0178668,4.21259e-97
3066,Solyc06g008900.3,wgd,TE-like,Solyc09g074140.2,0.365506,0.806742,0.453065,2.86923e-09
3067,Solyc06g008910.2,wgd,TE-like,Solyc09g074080.2,0.120635,3.89605,0.0309634,1.24954e-70
3068,Solyc06g008940.3,wgd,TE-like,Solyc09g073000.3,0.0430891,0.803876,0.0536016,2.21573e-62
3069,Solyc06g009010.1,wgd,TE-like,Solyc09g074760.1,0.14262,0.897952,0.158828,1.26269e-11
3070,Solyc06g009020.2,wgd,gbM,Solyc09g074850.3,0.261481,1.70733,0.153152,1.19282e-22
3071,Solyc06g009060.3,wgd,TE-like,Solyc09g075090.1,0.232778,1.70883,0.136221,3.35013e-26
3072,Solyc06g009140.3,wgd,Unclassified,Solyc09g075210.3,0.213843,2.1224,0.100755,1.16953e-09
3073,Solyc06g009150.1,wgd,Unclassified,Solyc09g075220.1,0.484738,3.48253,0.139191,2.74999e-18
3074,Solyc06g009170.3,wgd,TE-like,Solyc09g075300.3,0.202091,1.87903,0.107551,1.03573e-45
3075,Solyc06g009180.2,wgd,TE-like,Solyc09g075330.3,0.171451,4.30049,0.0398679,3.04895e-122
3076,Solyc06g009210.3,wgd,gbM,Solyc09g075430.3,0.00855531,0.764614,0.011189,4.45947e-44
3077,Solyc06g009510.1,wgd,Unclassified,Solyc01g079270.1,0.476808,1.03561,0.460412,0.0307492
3078,Solyc06g009600.1,wgd,gbM,Solyc01g079350.3,0.273639,0.659539,0.414894,5.9605e-11
3079,Solyc06g009610.1,wgd,TE-like,Solyc01g079370.3,0.252656,1.19522,0.21139,1.2014e-45
3080,Solyc06g009630.1,wgd,Unmethylated,Solyc01g079470.3,0.171384,3.25583,0.0526389,1.68442e-24
3081,Solyc06g009640.2,wgd,gbM,Solyc01g079480.3,0.118315,2.33274,0.0507193,2.43743e-22
3082,Solyc06g009650.3,wgd,TE-like,Solyc01g079500.3,0.185448,0.985471,0.188182,2.19017e-38
3083,Solyc06g009660.3,wgd,gbM,Solyc01g079540.3,0.0114072,1.97543,0.00577451,2.67821e-55
3084,Solyc06g009670.3,wgd,gbM,Solyc01g079580.3,0.136518,1.58786,0.085976,9.67044e-94
3085,Solyc06g009710.3,wgd,TE-like,Solyc01g079620.3,0.221019,1.87919,0.117614,1.4381e-24
3086,Solyc06g033860.2,wgd,TE-like,Solyc03g094010.3,0.0627853,1.11539,0.0562902,1.31616e-63
3087,Solyc06g033870.1,wgd,TE-like,Solyc03g093890.3,0.51213,1.37295,0.373015,2.90883e-09
3088,Solyc06g034020.3,wgd,Unclassified,Solyc03g093690.3,0.135012,1.49046,0.0905837,6.31207e-30
3089,Solyc06g034110.3,wgd,TE-like,Solyc03g093470.3,0.158487,1.01864,0.155587,1.16043e-19
3090,Solyc06g034180.2,wgd,TE-like,Solyc03g093300.3,0.24494,0.962313,0.254532,3.89269e-16
3091,Solyc06g034220.3,wgd,TE-like,Solyc01g090990.3,0.370536,3.7301,0.0993367,5.10842e-29
3092,Solyc06g034290.3,wgd,gbM,Solyc03g093140.3,0.110951,0.911963,0.121661,2.9258e-52
3093,Solyc06g034340.2,wgd,Unclassified,Solyc03g083880.3,0.185819,1.94193,0.0956882,3.18675e-29
3094,Solyc06g034360.2,wgd,Unclassified,Solyc01g091050.3,0.366446,4.35455,0.0841523,1.40525e-62
3095,Solyc06g034370.1,wgd,Unmethylated,Solyc03g083720.1,0.619926,2.71751,0.228123,5.59602e-11
3096,Solyc06g034390.1,wgd,Unmethylated,Solyc03g083560.1,0.112816,1.47332,0.0765725,1.83544e-47
3097,Solyc06g034410.3,wgd,Unclassified,Solyc01g091250.3,0.372329,3.64428,0.102168,2.45659e-25
3098,Solyc06g035430.3,wgd,gbM,Solyc03g007150.3,0.190724,0.695069,0.274396,9.11815e-15
3099,Solyc06g035440.3,wgd,gbM,Solyc03g007060.3,0.289011,0.882983,0.327312,2.46552e-11
3100,Solyc06g035450.3,wgd,TE-like,Solyc03g007010.3,0.120985,1.03756,0.116606,2.1299e-37
3101,Solyc06g035490.3,wgd,Unclassified,Solyc03g006910.3,0.451078,3.63965,0.123934,2.34282e-20
3102,Solyc06g035520.3,wgd,Unclassified,Solyc01g091410.3,0.541499,3.75924,0.144045,0
3103,Solyc06g035530.3,wgd,Unclassified,Solyc03g006880.3,0.138251,1.29568,0.106701,3.56356e-52
3104,Solyc06g035555.1,wgd,Unclassified,Solyc03g006830.3,0.280408,1.41918,0.197584,1.66345e-06
3105,Solyc06g035560.2,wgd,Unclassified,Solyc08g080100.3,0.410277,3.20981,0.12782,1.57241e-22
3106,Solyc06g035580.3,wgd,Unclassified,Solyc08g080190.3,0.293395,4.37977,0.0669886,2.55479e-82
3107,Solyc06g035690.3,wgd,TE-like,Solyc03g026290.3,0.132935,0.732339,0.181521,1.03434e-22
3108,Solyc06g035700.1,wgd,Unclassified,Solyc08g080290.3,0.303274,1.97374,0.153654,2.1522e-20
3109,Solyc06g035710.1,wgd,Unclassified,Solyc03g026230.1,0.135118,2.05835,0.0656438,1.33683e-97
3110,Solyc06g035720.3,wgd,Unclassified,Solyc08g080320.3,0.377146,3.82534,0.0985915,1.74414e-32
3111,Solyc06g035760.3,wgd,Unclassified,Solyc08g080380.3,0.471342,1.82161,0.25875,5.47786e-29
3112,Solyc06g035790.3,wgd,Unclassified,Solyc03g026120.3,0.113804,1.82259,0.0624409,3.63558e-85
3113,Solyc06g035870.3,wgd,Unclassified,Solyc03g025950.3,0.141229,0.671523,0.210312,3.59227e-13
3114,Solyc06g035920.3,wgd,TE-like,Solyc03g025850.3,0.190554,0.647334,0.294368,3.36431e-08
3115,Solyc06g035970.3,wgd,gbM,Solyc03g025730.3,0.0139885,1.09192,0.0128109,6.63306e-83
3116,Solyc06g036020.1,wgd,TE-like,Solyc03g025530.3,0.473203,1.23026,0.384636,0.000516472
3117,Solyc06g036050.3,wgd,Unclassified,Solyc03g025520.3,0.131289,1.1479,0.114373,2.39483e-12
3118,Solyc06g036060.3,wgd,TE-like,Solyc03g025440.3,0.274265,0.832982,0.329256,1.18024e-20
3119,Solyc06g036070.3,wgd,TE-like,Solyc03g025420.3,0.102957,0.571509,0.18015,4.82342e-20
3120,Solyc06g036080.3,wgd,TE-like,Solyc03g025360.3,0.103607,0.619753,0.167175,3.13439e-48
3121,Solyc06g036100.3,wgd,Unclassified,Solyc03g025350.3,0.130029,1.08427,0.119923,3.84601e-52
3122,Solyc06g036110.1,wgd,Unmethylated,Solyc03g025340.1,0.154197,2.01375,0.0765721,1.23536e-45
3123,Solyc06g036130.3,wgd,Unclassified,Solyc03g025190.4,0.115444,1.70392,0.0677518,2.53124e-65
3124,Solyc06g036170.1,wgd,Unmethylated,Solyc03g025170.1,0.201245,1.24106,0.162155,1.78019e-48
3125,Solyc06g036250.1,wgd,TE-like,Solyc03g007995.1,0.173012,0.9073,0.190689,4.91964e-10
3126,Solyc06g036260.3,wgd,Unclassified,Solyc03g007960.3,0.145063,1.28781,0.112644,3.86727e-26
3127,Solyc06g036290.3,wgd,Unclassified,Solyc03g007890.3,0.0217315,1.16592,0.018639,2.8685e-133
3128,Solyc06g036310.3,wgd,Unmethylated,Solyc03g007870.3,0.195956,1.02335,0.191485,1.97052e-10
3129,Solyc06g036340.3,wgd,gbM,Solyc03g007590.3,0.131481,0.568279,0.231368,3.771e-12
3130,Solyc06g036350.3,wgd,Unclassified,Solyc03g007660.3,0.0482246,1.02634,0.046987,9.01091e-30
3131,Solyc06g036420.2,wgd,gbM,Solyc03g007670.3,0.166336,0.531394,0.313018,1.40927e-13
3132,Solyc06g036430.3,wgd,Unclassified,Solyc03g007740.3,0.120723,0.629451,0.19179,2.20246e-17
3133,Solyc06g036440.2,wgd,Unclassified,Solyc03g007770.3,0.195497,1.15566,0.169165,8.94253e-45
3134,Solyc06g036460.3,wgd,Unclassified,Solyc03g007775.1,0.381529,2.95616,0.129062,9.21899e-13
3135,Solyc06g036470.2,wgd,TE-like,Solyc03g007790.3,0.149345,0.853822,0.174914,8.84689e-34
3136,Solyc06g036480.2,wgd,TE-like,Solyc03g007530.3,0.093956,0.787327,0.119335,9.98632e-15
3137,Solyc06g036500.1,wgd,Unmethylated,Solyc03g007520.3,0.291474,0.509323,0.572277,0.0441506
3138,Solyc06g048410.3,wgd,gbM,Solyc03g095180.3,0.167163,0.865326,0.19318,1.60383e-17
3139,Solyc06g048430.3,wgd,TE-like,Solyc03g095190.3,0.185129,0.981439,0.18863,1.13421e-14
3140,Solyc06g048470.3,wgd,TE-like,Solyc03g095250.3,0.211275,0.645586,0.327261,1.74589e-32
3141,Solyc06g048480.3,wgd,TE-like,Solyc03g095260.3,0.0394138,1.70711,0.023088,4.8625e-97
3142,Solyc06g048520.3,wgd,TE-like,Solyc03g095450.3,0.130547,1.23661,0.105568,9.113e-39
3143,Solyc06g048560.1,wgd,Unclassified,Solyc03g095490.3,0.165065,1.01214,0.163085,7.5038e-48
3144,Solyc06g048570.3,wgd,TE-like,Solyc03g095550.2,0.167105,2.06579,0.0808915,9.24728e-31
3145,Solyc06g050500.2,wgd,Unmethylated,Solyc05g052420.2,0.160502,3.07914,0.0521258,7.9485e-31
3146,Solyc06g050520.2,wgd,Unmethylated,Solyc05g052410.2,0.233585,1.78874,0.130586,2.567e-30
3147,Solyc06g050560.3,wgd,Unclassified,Solyc05g052350.3,0.159792,1.95984,0.0815332,3.92775e-90
3148,Solyc06g050770.3,wgd,TE-like,Solyc05g052310.3,0.0674693,0.497118,0.135721,4.27245e-18
3149,Solyc06g050790.3,wgd,gbM,Solyc05g052300.3,0.311012,2.52539,0.123154,9.31303e-53
3150,Solyc06g050860.3,wgd,TE-like,Solyc05g052290.2,0.224634,1.29108,0.173989,2.52216e-20
3151,Solyc06g051950.3,wgd,gbM,Solyc03g083390.3,0.404762,1.59391,0.253944,2.94946e-14
3152,Solyc06g051960.3,wgd,Unclassified,Solyc03g083360.3,0.163247,2.6827,0.0608519,1.3679e-76
3153,Solyc06g051990.3,wgd,TE-like,Solyc03g083147.1,0.303147,2.63682,0.114967,3.16988e-15
3154,Solyc06g052010.2,wgd,Unclassified,Solyc03g083100.3,0.306055,1.07268,0.285317,5.03093e-16
3155,Solyc06g052030.3,wgd,gbM,Solyc03g082940.3,0.0518217,0.725157,0.0714628,5.66628e-89
3156,Solyc06g052050.3,wgd,gbM,Solyc03g082920.3,0.0485187,0.971777,0.0499278,2.87047e-82
3157,Solyc06g052060.3,wgd,Unmethylated,Solyc03g082885.1,0.17444,2.98723,0.0583953,1.617e-10
3158,Solyc06g052070.3,wgd,gbM,Solyc03g082870.3,0.186756,1.11381,0.167673,7.11847e-49
3159,Solyc06g052080.3,wgd,TE-like,Solyc03g082700.3,0.755317,1.9389,0.38956,6.26947e-05
3160,Solyc06g053150.1,wgd,Unclassified,Solyc03g082640.2,0.163719,1.31781,0.124236,1.37956e-43
3161,Solyc06g053160.3,wgd,TE-like,Solyc03g082630.3,0.0669305,0.874621,0.0765252,3.746e-48
3162,Solyc06g053180.3,wgd,Unclassified,Solyc03g082600.3,0.0875649,0.756977,0.115677,4.38049e-06
3163,Solyc06g053190.3,wgd,gbM,Solyc03g082590.3,0.159332,0.621701,0.256283,4.05058e-25
3164,Solyc06g053200.3,wgd,Unclassified,Solyc03g082580.3,0.266238,3.86237,0.0689313,2.78188e-37
3165,Solyc06g053210.3,wgd,Unclassified,Solyc03g082570.3,0.0206297,0.479179,0.0430523,4.4525e-16
3166,Solyc06g053220.3,wgd,Unclassified,Solyc03g082550.3,0.30801,2.55625,0.120493,4.95047e-12
3167,Solyc06g053230.3,wgd,Unmethylated,Solyc03g082540.3,0.450594,1.66095,0.271286,9.42314e-09
3168,Solyc06g053260.1,wgd,TE-like,Solyc03g082510.1,0.193514,2.93043,0.066036,0
3169,Solyc06g053300.3,wgd,TE-like,Solyc03g082390.3,0.162204,0.752095,0.21567,4.43252e-21
3170,Solyc06g053560.3,wgd,TE-like,Solyc09g090230.2,0.103697,0.450796,0.230032,5.84752e-06
3171,Solyc06g053610.3,wgd,TE-like,Solyc09g090130.3,0.225694,1.69939,0.132809,1.3551e-28
3172,Solyc06g053620.3,wgd,Unmethylated,Solyc09g090090.2,0.0857192,0.904735,0.0947451,3.37155e-22
3173,Solyc06g053630.3,wgd,gbM,Solyc09g090060.3,0.0491792,0.879094,0.0559431,4.89107e-44
3174,Solyc06g053640.1,wgd,TE-like,Solyc09g089890.1,0.197728,1.92736,0.10259,4.89648e-36
3175,Solyc06g053650.2,wgd,TE-like,Solyc09g089730.3,0.238934,2.65161,0.0901091,1.05303e-23
3176,Solyc06g053660.3,wgd,Unclassified,Solyc09g089670.3,0.446464,2.16595,0.206129,3.22052e-13
3177,Solyc06g053700.1,wgd,Unmethylated,Solyc09g089650.1,0.286519,1.04736,0.273564,8.41849e-07
3178,Solyc06g053710.3,wgd,gbM,Solyc09g089610.3,0.23519,0.782448,0.300582,5.02472e-28
3179,Solyc06g053720.2,wgd,Unclassified,Solyc09g089590.1,0.497641,3.37748,0.147341,8.15272e-13
3180,Solyc06g053740.3,wgd,gbM,Solyc09g089560.3,0.160936,0.698262,0.230482,1.60292e-11
3181,Solyc06g053750.3,wgd,TE-like,Solyc09g089550.3,0.643356,2.0203,0.318446,4.14249e-13
3182,Solyc06g053780.3,wgd,gbM,Solyc09g083400.3,0.218107,0.483032,0.451537,2.66482e-06
3183,Solyc06g053830.3,wgd,TE-like,Solyc09g083290.3,0.126447,1.37644,0.091865,9.64032e-20
3184,Solyc06g053840.3,wgd,Unmethylated,Solyc03g005355.1,0.131297,1.10146,0.119202,7.15885e-15
3185,Solyc06g053870.3,wgd,TE-like,Solyc09g083050.3,0.230257,4.25563,0.0541065,2.60088e-101
3186,Solyc06g053910.3,wgd,Unmethylated,Solyc09g082980.3,0.183946,1.16105,0.158431,2.53979e-28
3187,Solyc06g053930.3,wgd,TE-like,Solyc03g005240.2,0.151403,0.499593,0.303052,1.05629e-05
3188,Solyc06g053950.2,wgd,TE-like,Solyc09g065660.3,0.478243,3.09784,0.154379,1.38236e-20
3189,Solyc06g053960.3,wgd,Unclassified,Solyc09g082670.3,0.153111,1.65626,0.0924439,1.18736e-14
3190,Solyc06g053970.3,wgd,Unclassified,Solyc09g082620.3,0.304325,1.13713,0.267626,9.75344e-07
3191,Solyc06g053980.3,wgd,Unmethylated,Solyc09g065620.3,0.576474,3.90322,0.147692,1.69591e-28
3192,Solyc06g054010.3,wgd,gbM,Solyc09g065480.2,0.227839,2.31916,0.0982421,6.75145e-80
3193,Solyc06g054030.2,wgd,Unclassified,Solyc09g082290.3,0.605905,3.65601,0.165729,7.10549e-16
3194,Solyc06g054060.1,wgd,TE-like,Solyc03g005200.3,0.626038,3.14373,0.199138,4.87304e-07
3195,Solyc06g054090.1,wgd,Unmethylated,Solyc09g082220.1,0.555799,2.33143,0.238394,7.90816e-05
3196,Solyc06g054100.2,wgd,Unclassified,Solyc09g082200.2,0.2932,1.37049,0.213938,2.13465e-07
3197,Solyc06g054130.1,wgd,NA,NA,NA,NA,NA,NA
3198,Solyc06g054140.3,wgd,Unmethylated,Solyc09g082160.3,0.252494,1.42777,0.176845,0.0257407
3199,Solyc06g054150.1,wgd,Unclassified,Solyc09g082150.1,0.23725,0.894407,0.26526,4.07319e-07
3200,Solyc06g054160.1,wgd,TE-like,Solyc09g082140.3,0.413286,2.00043,0.206599,1.36601e-10
3201,Solyc06g054240.3,wgd,gbM,Solyc09g075990.3,0.291709,1.21105,0.240873,5.43872e-15
3202,Solyc06g054270.3,wgd,Unclassified,Solyc09g075820.3,0.325109,4.40512,0.0738024,1.30959e-64
3203,Solyc06g054280.1,wgd,Unclassified,Solyc09g075740.1,0.247807,1.48335,0.167059,8.9391e-18
3204,Solyc06g054300.1,wgd,TE-like,Solyc09g075680.1,0.230482,2.43948,0.0944799,1.62572e-43
3205,Solyc06g054310.1,wgd,Unmethylated,Solyc09g065140.1,0.575348,3.61731,0.159054,2.11255e-28
3206,Solyc06g054370.2,wgd,TE-like,Solyc01g079880.3,0.121973,0.8425,0.144775,1.01784e-16
3207,Solyc06g054390.3,wgd,gbM,Solyc01g080160.3,0.0933773,0.828722,0.112676,6.12867e-48
3208,Solyc06g054460.1,wgd,Unclassified,Solyc01g080380.3,0.144853,1.36893,0.105814,4.66765e-38
3209,Solyc06g054470.1,wgd,Unmethylated,Solyc01g080500.2,0.288302,2.06175,0.139833,1.70835e-16
3210,Solyc06g054480.3,wgd,gbM,Solyc01g080520.3,0.204639,1.16661,0.175413,2.32563e-30
3211,Solyc06g054490.3,wgd,gbM,Solyc01g080530.3,0.0926453,0.81578,0.113567,4.55814e-30
3212,Solyc06g060500.1,wgd,TE-like,Solyc08g007560.2,0.0763214,1.29044,0.0591436,2.27151e-31
3213,Solyc06g060550.3,wgd,Unclassified,Solyc08g007510.3,0.168885,0.903323,0.18696,2.76834e-09
3214,Solyc06g060600.2,wgd,TE-like,Solyc08g079060.3,0.132013,0.658176,0.200574,6.98812e-20
3215,Solyc06g060620.3,wgd,Unclassified,Solyc08g078950.3,0.141283,1.53392,0.0921058,7.37831e-91
3216,Solyc06g060640.1,wgd,Unclassified,Solyc08g078920.2,0.219746,2.21998,0.0989856,2.47634e-11
3217,Solyc06g060660.1,wgd,TE-like,Solyc08g078760.1,0.556373,2.73389,0.20351,1.17303e-19
3218,Solyc06g060710.3,wgd,Unclassified,Solyc08g078650.3,0.117946,1.20458,0.0979147,5.96507e-31
3219,Solyc06g060740.2,wgd,Unmethylated,Solyc08g078590.1,0.283818,1.68681,0.168257,2.27446e-24
3220,Solyc06g060750.3,wgd,TE-like,Solyc08g078540.3,0.122698,0.707262,0.173483,1.46076e-34
3221,Solyc06g060770.3,wgd,gbM,Solyc08g078490.3,0.144657,0.737744,0.19608,6.9246e-21
3222,Solyc06g060800.3,wgd,TE-like,Solyc08g078330.3,0.321118,2.30601,0.139253,1.54013e-31
3223,Solyc06g060830.3,wgd,Unmethylated,Solyc08g007270.3,0.214033,3.81599,0.0560886,2.7959e-59
3224,Solyc06g060840.1,wgd,Unmethylated,Solyc08g078160.3,0.107866,1.66448,0.0648046,1.88898e-29
3225,Solyc06g060850.3,wgd,Unclassified,Solyc08g078140.3,0.106018,0.570003,0.185995,5.95373e-13
3226,Solyc06g060870.1,wgd,Unclassified,Solyc08g078090.1,0.15295,1.78883,0.085503,2.68322e-85
3227,Solyc06g060880.3,wgd,Unclassified,Solyc08g078040.3,0.159985,0.989657,0.161657,1.15935e-22
3228,Solyc06g060920.3,wgd,Unclassified,Solyc08g077970.2,0.182844,0.758796,0.240966,1.15424e-07
3229,Solyc06g060940.2,wgd,TE-like,Solyc08g007190.3,0.130666,0.585368,0.22322,6.43121e-24
3230,Solyc06g060960.2,wgd,TE-like,Solyc08g077940.2,0.276273,0.711337,0.388386,5.66577e-22
3231,Solyc06g060970.2,wgd,TE-like,Solyc08g077900.3,0.353871,2.13902,0.165436,2.21297e-22
3232,Solyc06g060980.2,wgd,Unmethylated,Solyc08g007160.3,0.12957,0.643114,0.201473,3.36785e-12
3233,Solyc06g061010.3,wgd,NA,Solyc08g077480.3,0.355951,2.4026,0.148152,5.0403e-13
3234,Solyc06g061020.3,wgd,Unmethylated,Solyc08g077460.3,0.11922,1.36637,0.0872526,7.1813e-42
3235,Solyc06g061030.3,wgd,Unclassified,Solyc08g077230.3,0.184293,0.857687,0.214872,7.43335e-30
3236,Solyc06g061040.3,wgd,gbM,Solyc08g077200.3,0.112315,0.609039,0.184413,1.07781e-23
3237,Solyc06g061070.3,wgd,Unclassified,Solyc08g007040.3,0.075434,0.986234,0.0764869,3.14368e-22
3238,Solyc06g061080.3,wgd,Unclassified,Solyc08g007020.2,0.29588,0.971706,0.304496,3.42813e-06
3239,Solyc06g061100.3,wgd,TE-like,Solyc08g006990.2,0.178038,1.45608,0.122272,1.37758e-46
3240,Solyc06g061140.3,wgd,Unclassified,Solyc08g077040.3,0.184725,1.02367,0.180453,5.75292e-12
3241,Solyc06g061150.3,wgd,TE-like,Solyc08g006960.3,0.0188965,1.16268,0.0162525,1.86999e-69
3242,Solyc06g061160.1,wgd,gbM,Solyc08g077000.1,0.270859,1.45459,0.18621,8.49804e-15
3243,Solyc06g061180.1,wgd,Unmethylated,Solyc08g076960.1,0.203266,2.47444,0.0821461,5.49195e-26
3244,Solyc06g061240.3,wgd,Unmethylated,Solyc08g076860.3,0.09329,0.967339,0.0964398,1.72239e-20
3245,Solyc06g061280.3,wgd,Unclassified,Solyc08g076780.2,0.225933,3.25521,0.0694068,1.12495e-19
3246,Solyc06g062360.3,wgd,Unclassified,Solyc08g076540.3,0.0385047,0.630377,0.061082,3.33257e-36
3247,Solyc06g062370.3,wgd,TE-like,Solyc03g121100.3,0.215515,1.53149,0.140722,1.26781e-22
3248,Solyc06g062400.2,wgd,gbM,Solyc03g121140.3,0.312219,0.739002,0.422487,7.42891e-12
3249,Solyc06g062430.3,wgd,Unclassified,Solyc12g008640.2,0.214615,3.73964,0.0573892,8.26679e-76
3250,Solyc06g062450.3,wgd,Unclassified,Solyc03g121230.3,0.474166,1.77531,0.267089,2.38311e-21
3251,Solyc06g062460.3,wgd,Unclassified,Solyc03g121240.1,0.323263,2.03534,0.158826,2.05999e-33
3252,Solyc06g062490.3,wgd,Unclassified,Solyc03g121280.3,0.161032,0.871611,0.184752,9.11616e-21
3253,Solyc06g062500.3,wgd,Unclassified,Solyc03g121330.3,0.0445911,0.805921,0.0553293,6.59283e-20
3254,Solyc06g062510.3,wgd,Unclassified,Solyc03g121360.1,0.0403039,1.22467,0.0329099,3.86871e-47
3255,Solyc06g062520.1,wgd,Unmethylated,Solyc03g121400.1,0.253515,3.52783,0.0718614,6.31968e-28
3256,Solyc06g062530.3,wgd,TE-like,Solyc03g121410.3,0.0536994,0.79503,0.0675439,7.98092e-65
3257,Solyc06g062540.3,wgd,Unmethylated,Solyc03g121420.3,0.145312,1.19884,0.12121,1.04149e-26
3258,Solyc06g062580.3,wgd,gbM,Solyc03g121540.3,0.0761638,0.615637,0.123715,8.77676e-61
3259,Solyc06g062590.3,wgd,gbM,Solyc03g121570.3,0.0534138,0.847036,0.0630597,3.64703e-69
3260,Solyc06g062600.3,wgd,gbM,Solyc03g121600.3,0.103774,0.95417,0.108758,4.96624e-42
3261,Solyc06g062660.3,wgd,TE-like,Solyc12g008840.2,0.833978,4.12656,0.2021,9.15387e-28
3262,Solyc06g062670.3,wgd,Unclassified,Solyc03g121660.3,0.245536,1.33234,0.18429,9.03919e-39
3263,Solyc06g062690.3,wgd,gbM,Solyc12g008940.2,0.318473,4.08358,0.0779886,2.36473e-48
3264,Solyc06g062720.2,wgd,TE-like,Solyc03g121710.2,0.586396,1.1466,0.511422,0.00428803
3265,Solyc06g062750.3,wgd,gbM,Solyc03g121730.3,0.114303,0.773664,0.147743,4.51546e-29
3266,Solyc06g062770.3,wgd,TE-like,Solyc12g008950.2,0.242754,1.68874,0.143748,3.49928e-11
3267,Solyc06g062780.3,wgd,TE-like,Solyc03g121810.2,0.108948,0.785371,0.138722,3.44464e-91
3268,Solyc06g062790.3,wgd,TE-like,Solyc07g040720.3,0.159352,4.3008,0.0370518,5.90998e-101
3269,Solyc06g062800.3,wgd,TE-like,Solyc07g040750.2,0.0713411,3.09883,0.0230219,1.45368e-114
3270,Solyc06g062810.1,wgd,gbM,Solyc03g121830.1,0.0427784,0.657772,0.0650352,7.13806e-50
3271,Solyc06g062830.3,wgd,gbM,Solyc07g041010.3,0.320652,1.34603,0.23822,1.64304e-08
3272,Solyc06g062845.1,wgd,gbM,Solyc03g121910.1,0.0409858,1.38065,0.0296859,7.28386e-100
3273,Solyc06g062850.3,wgd,Unclassified,Solyc03g121930.3,0.258335,0.628378,0.411113,8.46084e-06
3274,Solyc06g062860.3,wgd,TE-like,Solyc03g121950.3,0.166687,0.796853,0.209181,4.6186e-32
3275,Solyc06g062870.3,wgd,TE-like,Solyc03g121960.3,0.118934,0.745837,0.159463,3.61358e-48
3276,Solyc06g062880.2,wgd,gbM,Solyc07g041230.3,0.240624,2.23094,0.107857,3.19164e-52
3277,Solyc06g062887.1,wgd,gbM,Solyc03g122020.3,0.380215,1.95332,0.19465,3.15699e-08
3278,Solyc06g062920.3,wgd,Unclassified,Solyc12g049360.2,0.198695,2.52229,0.0787758,7.05055e-40
3279,Solyc06g062930.1,wgd,Unmethylated,Solyc03g122320.1,0.553478,0.634782,0.871917,0.532578
3280,Solyc06g062940.3,wgd,Unmethylated,Solyc12g009120.2,0.0513991,3.01275,0.0170605,9.65616e-44
3281,Solyc06g062960.2,wgd,Unclassified,Solyc03g122300.2,0.168655,2.21288,0.0762149,6.4656e-21
3282,Solyc06g062970.2,wgd,TE-like,Solyc12g049380.2,0.145245,1.17719,0.123383,3.11821e-11
3283,Solyc06g062980.3,wgd,Unclassified,Solyc03g122260.3,0.0391829,0.591914,0.0661969,1.09881e-15
3284,Solyc06g062990.2,wgd,Unclassified,Solyc03g122240.3,0.0634843,0.911481,0.0696495,3.76173e-77
3285,Solyc06g063000.3,wgd,gbM,Solyc12g009230.2,0.155707,4.18435,0.0372117,3.74759e-82
3286,Solyc06g063030.3,wgd,gbM,Solyc12g049420.2,0.0362783,0.782553,0.046359,9.48281e-25
3287,Solyc06g063050.3,wgd,TE-like,Solyc03g122040.3,0.357789,0.839622,0.426131,5.23312e-11
3288,Solyc06g063070.3,wgd,gbM,Solyc03g123500.4,0.198038,1.08945,0.181778,2.6188e-21
3289,Solyc06g063090.3,wgd,TE-like,Solyc03g123600.3,0.0726908,0.844525,0.086073,1.70888e-33
3290,Solyc06g063100.3,wgd,Unclassified,Solyc03g123660.3,0.0668666,0.566143,0.118109,4.63819e-22
3291,Solyc06g063110.2,wgd,TE-like,Solyc12g055710.1,0.337604,1.73972,0.194056,7.89962e-13
3292,Solyc06g063120.3,wgd,Unclassified,Solyc03g123720.3,0.164424,2.03911,0.0806353,6.2192e-54
3293,Solyc06g063140.3,wgd,TE-like,Solyc03g123730.3,0.00607708,0.816294,0.00744472,2.55731e-90
3294,Solyc06g063150.3,wgd,gbM,Solyc03g123740.3,0.180871,1.81756,0.099513,1.82512e-48
3295,Solyc06g063220.3,wgd,Unclassified,Solyc12g055750.2,0.0874385,2.05353,0.0425796,1.29137e-17
3296,Solyc06g063260.3,wgd,TE-like,Solyc03g123900.3,0.103767,0.686954,0.151054,5.71099e-39
3297,Solyc06g063330.3,wgd,TE-like,Solyc12g055800.3,0.0152635,0.639933,0.0238517,6.28612e-94
3298,Solyc06g065440.1,wgd,gbM,Solyc11g017140.2,0.153194,0.762027,0.201035,2.09385e-21
3299,Solyc06g065450.3,wgd,gbM,Solyc11g017130.2,0.233178,0.62911,0.370647,2.16856e-19
3300,Solyc06g065470.3,wgd,TE-like,Solyc11g017000.2,0.115313,0.580833,0.198531,1.16224e-37
3301,Solyc06g065480.3,wgd,TE-like,Solyc11g016990.2,0.13958,0.519552,0.268655,1.88083e-14
3302,Solyc06g065530.3,wgd,Unclassified,Solyc11g013860.1,0.271992,2.86121,0.0950617,3.43976e-15
3303,Solyc06g065540.3,wgd,TE-like,Solyc11g013820.2,0.231046,1.31855,0.175227,3.78608e-15
3304,Solyc06g065710.3,wgd,TE-like,Solyc06g068430.3,0.541879,2.67137,0.202847,8.15267e-20
3305,Solyc06g065800.3,wgd,TE-like,Solyc03g117080.3,0.303498,2.41803,0.125514,4.25656e-19
3306,Solyc06g065820.3,wgd,Unclassified,Solyc06g068360.3,0.335613,2.69955,0.124322,7.64455e-19
3307,Solyc06g065850.2,wgd,gbM,Solyc03g117245.1,0.0895083,2.56419,0.034907,5.85152e-15
3308,Solyc06g065870.3,wgd,gbM,Solyc03g117280.3,0.356446,2.75929,0.12918,4.84322e-53
3309,Solyc06g065900.3,wgd,Unmethylated,Solyc06g068330.1,0.465604,3.75552,0.123979,5.23868e-24
3310,Solyc06g065945.1,wgd,gbM,Solyc03g117520.2,0.407035,1.79095,0.227273,3.6049e-27
3311,Solyc06g066010.3,wgd,gbM,Solyc06g068170.2,0.620459,2.67421,0.232016,1.48145e-11
3312,Solyc06g066100.3,wgd,Unclassified,Solyc06g068050.3,0.181365,1.86435,0.0972806,8.21494e-22
3313,Solyc06g066410.3,wgd,Unclassified,Solyc12g008590.2,0.161619,3.92502,0.0411766,6.40365e-19
3314,Solyc06g066420.3,wgd,Unclassified,Solyc03g121090.3,0.379516,2.22943,0.17023,1.7371e-11
3315,Solyc06g066430.3,wgd,Unclassified,Solyc12g008520.2,0.3223,2.20511,0.14616,3.41778e-38
3316,Solyc06g066440.3,wgd,gbM,Solyc12g008510.2,0.21085,1.65423,0.127461,1.88148e-67
3317,Solyc06g066490.1,wgd,Unmethylated,Solyc03g120930.1,0.236653,3.03892,0.0778741,1.88984e-15
3318,Solyc06g066500.1,wgd,Unmethylated,Solyc12g008380.1,0.518934,3.28857,0.157799,2.1245e-23
3319,Solyc06g066530.1,wgd,Unclassified,Solyc03g120920.1,0.187719,1.61515,0.116224,2.01542e-22
3320,Solyc06g066540.1,wgd,Unmethylated,Solyc03g120840.2,0.248136,1.69545,0.146354,1.32225e-22
3321,Solyc06g066560.2,wgd,Unmethylated,Solyc03g120475.1,0.0862275,1.40043,0.0615723,3.70967e-19
3322,Solyc06g066570.3,wgd,gbM,Solyc03g120520.2,0.104508,1.07231,0.0974602,2.01259e-12
3323,Solyc06g066580.3,wgd,Unclassified,Solyc03g120530.3,0.189188,0.858227,0.22044,3.66401e-12
3324,Solyc06g066590.3,wgd,TE-like,Solyc03g120600.3,0.213118,2.78447,0.0765379,1.45022e-25
3325,Solyc06g066640.3,wgd,Unclassified,Solyc03g120640.3,0.0513952,0.681902,0.0753703,3.97767e-14
3326,Solyc06g066650.3,wgd,gbM,Solyc03g120650.3,0.127,1.34944,0.0941129,4.00712e-41
3327,Solyc06g066660.3,wgd,Unclassified,Solyc03g120780.3,0.127847,0.694873,0.183986,6.50917e-08
3328,Solyc06g066680.3,wgd,Unclassified,Solyc03g120100.3,0.157311,0.836985,0.18795,1.09149e-21
3329,Solyc06g066690.3,wgd,Unclassified,Solyc12g043150.2,0.435546,2.13677,0.203834,1.21525e-11
3330,Solyc06g066700.1,wgd,Unclassified,Solyc03g120175.1,0.209263,1.53673,0.136174,2.70336e-08
3331,Solyc06g066710.1,wgd,Unmethylated,Solyc03g120170.1,0.144352,1.13495,0.127189,1.88293e-10
3332,Solyc06g066730.3,wgd,TE-like,Solyc12g043000.2,0.0404473,0.589307,0.0686354,6.13606e-94
3333,Solyc06g066740.2,wgd,gbM,Solyc03g120280.1,0.184707,1.35296,0.136521,9.98279e-24
3334,Solyc06g066750.3,wgd,Unclassified,Solyc03g120290.3,0.247599,1.55763,0.158959,9.57061e-13
3335,Solyc06g066770.1,wgd,Unclassified,Solyc03g120320.1,0.416522,1.92389,0.2165,2.50427e-27
3336,Solyc06g066790.3,wgd,TE-like,Solyc03g120350.3,0.0862387,0.581061,0.148416,3.04572e-66
3337,Solyc06g066800.2,wgd,Unclassified,Solyc03g120410.3,0.0460377,1.36252,0.0337886,2.2773e-33
3338,Solyc06g066840.3,wgd,TE-like,Solyc12g042980.2,0.575731,3.86944,0.148789,5.04081e-29
3339,Solyc06g067910.3,wgd,Unclassified,Solyc12g042930.2,0.124108,1.87959,0.0660292,4.97858e-48
3340,Solyc06g067920.3,wgd,TE-like,Solyc12g042920.2,0.0536717,0.584985,0.0917488,1.1429e-33
3341,Solyc06g067940.3,wgd,Unclassified,Solyc12g042900.2,0.126161,0.710126,0.177661,1.26513e-10
3342,Solyc06g067950.3,wgd,gbM,Solyc12g042890.2,0.0689094,0.59877,0.115085,4.71402e-24
3343,Solyc06g067970.2,wgd,gbM,Solyc12g042880.2,0.300968,0.977377,0.307934,1.7814e-10
3344,Solyc06g068020.1,wgd,Unclassified,Solyc03g116490.1,0.330428,1.36998,0.241192,6.57969e-06
3345,Solyc06g068040.3,wgd,TE-like,Solyc03g116500.3,0.247294,1.41401,0.174888,1.12215e-29
3346,Solyc06g068050.3,wgd,Unclassified,Solyc06g066100.3,0.181365,1.86435,0.0972806,8.21494e-22
3347,Solyc06g068080.3,wgd,gbM,Solyc03g116600.3,0.0310402,0.481202,0.0645056,8.08929e-17
3348,Solyc06g068090.3,wgd,TE-like,Solyc03g116620.3,0.100266,1.51383,0.066233,1.54897e-99
3349,Solyc06g068100.1,wgd,Unclassified,Solyc03g116630.3,0.362451,1.52325,0.237946,1.74793e-08
3350,Solyc06g068130.3,wgd,Unclassified,Solyc03g116670.3,0.414575,3.73153,0.1111,4.76901e-28
3351,Solyc06g068140.3,wgd,gbM,Solyc03g116680.3,0.472758,1.28138,0.368944,7.65018e-09
3352,Solyc06g068150.3,wgd,Unclassified,Solyc03g116740.3,0.18272,2.7659,0.0660618,3.65468e-32
3353,Solyc06g068170.2,wgd,Unclassified,Solyc06g066010.3,0.620459,2.67421,0.232016,1.48145e-11
3354,Solyc06g068180.3,wgd,Unmethylated,Solyc03g116780.3,0.226114,0.569788,0.396839,0.0227567
3355,Solyc06g068195.1,wgd,TE-like,Solyc03g117520.2,0.456375,1.26954,0.35948,2.09156e-05
3356,Solyc06g068200.1,wgd,TE-like,Solyc06g065945.1,0.50254,3.14904,0.159585,2.33703e-24
3357,Solyc06g068240.3,wgd,gbM,Solyc03g117480.3,0.0281189,0.849067,0.0331174,7.81537e-121
3358,Solyc06g068280.3,wgd,Unclassified,Solyc03g117440.3,0.0432046,0.904529,0.0477647,1.84709e-86
3359,Solyc06g068320.3,wgd,TE-like,Solyc03g117330.3,0.0408864,0.588976,0.0694194,5.05397e-51
3360,Solyc06g068330.1,wgd,Unmethylated,Solyc06g065900.3,0.465604,3.75552,0.123979,5.23868e-24
3361,Solyc06g068340.2,wgd,TE-like,Solyc03g117260.2,0.181189,1.37973,0.131321,7.10698e-43
3362,Solyc06g068360.3,wgd,Unclassified,Solyc03g117130.3,0.216871,2.02781,0.106948,2.76718e-18
3363,Solyc06g068380.3,wgd,gbM,Solyc03g117100.3,0.237327,1.28781,0.184287,2.43405e-15
3364,Solyc06g068390.1,wgd,Unclassified,Solyc03g117070.1,0.423049,1.96758,0.21501,1.46298e-08
3365,Solyc06g068400.3,wgd,gbM,Solyc03g117060.3,0.0883151,1.03049,0.0857017,5.43426e-27
3366,Solyc06g068410.3,wgd,Unmethylated,Solyc03g117030.2,0.0855938,3.44559,0.0248415,0
3367,Solyc06g068430.3,wgd,gbM,Solyc03g116920.2,0.395743,1.77831,0.222538,1.02248e-10
3368,Solyc06g068440.3,wgd,Unclassified,Solyc03g116910.3,0.0626368,0.894619,0.0700151,1.41356e-49
3369,Solyc06g068460.3,wgd,Unclassified,Solyc12g042590.2,0.348868,1.39165,0.250687,3.56472e-11
3370,Solyc06g068500.3,wgd,Unclassified,Solyc03g117590.3,0.144782,1.14275,0.126696,6.06358e-16
3371,Solyc06g068510.1,wgd,Unclassified,Solyc03g117640.1,0.132485,0.953766,0.138907,2.24938e-29
3372,Solyc06g068540.3,wgd,TE-like,Solyc03g117675.1,0.215961,0.888533,0.243053,4.30232e-27
3373,Solyc06g068550.3,wgd,gbM,Solyc03g117690.3,0.162355,1.30714,0.124207,1.02207e-38
3374,Solyc06g068570.3,wgd,Unclassified,Solyc03g117720.3,0.21547,1.35555,0.158954,1.11528e-16
3375,Solyc06g068590.3,wgd,gbM,Solyc03g117790.2,0.17331,0.726582,0.238529,6.57333e-31
3376,Solyc06g068600.3,wgd,gbM,Solyc03g117810.3,0.0614105,0.797662,0.0769881,8.86633e-22
3377,Solyc06g068610.2,wgd,TE-like,Solyc03g117820.1,0.159137,0.577932,0.275356,7.92847e-17
3378,Solyc06g068620.3,wgd,Unclassified,Solyc03g117840.3,0.159478,1.18331,0.134773,2.41139e-08
3379,Solyc06g068650.3,wgd,TE-like,Solyc12g042460.2,0.113265,1.30551,0.0867593,2.197e-85
3380,Solyc06g068670.3,wgd,gbM,Solyc03g117890.3,0.137154,0.904549,0.151627,1.02994e-22
3381,Solyc06g068680.3,wgd,Unclassified,Solyc03g117980.3,0.164771,2.08764,0.0789268,1.01188e-89
3382,Solyc06g068690.3,wgd,gbM,Solyc03g118030.3,0.140115,1.27343,0.11003,3.64702e-58
3383,Solyc06g068700.3,wgd,gbM,Solyc03g118040.3,0.106699,0.821988,0.129807,1.74741e-46
3384,Solyc06g068720.3,wgd,gbM,Solyc03g118090.3,0.112851,0.758168,0.148847,1.99491e-43
3385,Solyc06g068730.1,wgd,Unclassified,Solyc12g042380.2,0.175926,0.982572,0.179046,6.37069e-33
3386,Solyc06g068740.3,wgd,gbM,Solyc03g118100.3,0.165985,1.87675,0.0884427,3.61397e-20
3387,Solyc06g068770.3,wgd,gbM,Solyc12g042360.2,0.0488174,0.580928,0.0840335,2.50274e-40
3388,Solyc06g068780.3,wgd,TE-like,Solyc03g118140.3,0.0133293,0.589687,0.022604,1.33128e-09
3389,Solyc06g068800.3,wgd,gbM,Solyc03g118150.3,0.168037,4.19863,0.0400219,6.18614e-32
3390,Solyc06g068830.2,wgd,Unclassified,Solyc12g042210.2,0.262977,3.49975,0.0751417,1.33023e-39
3391,Solyc06g068840.3,wgd,TE-like,Solyc03g118200.3,0.157188,0.610677,0.2574,1.78315e-25
3392,Solyc06g068870.3,wgd,gbM,Solyc03g118310.3,0.248799,1.47481,0.168699,2.42486e-46
3393,Solyc06g068880.3,wgd,gbM,Solyc03g118370.3,0.0757387,1.1055,0.0685107,1.21875e-53
3394,Solyc06g068890.1,wgd,Unmethylated,Solyc03g118450.1,0.252788,1.5638,0.16165,2.62659e-09
3395,Solyc06g068900.3,wgd,Unclassified,Solyc03g118470.3,0.239493,2.02379,0.118339,1.3666e-19
3396,Solyc06g068910.3,wgd,gbM,Solyc03g118510.3,0.177176,1.63286,0.108506,1.21716e-62
3397,Solyc06g068920.3,wgd,TE-like,Solyc03g118530.3,0.112743,0.958496,0.117625,1.26108e-118
3398,Solyc06g068930.2,wgd,TE-like,Solyc03g118540.3,0.31982,1.86979,0.171046,2.09991e-14
3399,Solyc06g068940.3,wgd,Unclassified,Solyc03g118710.3,0.136382,1.3521,0.100867,7.64588e-22
3400,Solyc06g068950.3,wgd,TE-like,Solyc03g118750.3,0.139528,0.50102,0.278488,1.08582e-11
3401,Solyc06g068960.1,wgd,Unmethylated,Solyc03g118810.1,0.170149,3.66869,0.0463787,1.33526e-25
3402,Solyc06g068970.3,wgd,Unclassified,Solyc03g118830.3,0.098578,0.607421,0.16229,1.42113e-22
3403,Solyc06g069010.3,wgd,Unmethylated,Solyc03g119040.3,0.0288918,3.95328,0.00730831,1.36918e-107
3404,Solyc06g069070.1,wgd,Unclassified,Solyc03g119210.1,0.174487,0.84054,0.207589,1.22381e-06
3405,Solyc06g069090.3,wgd,gbM,Solyc03g119360.3,0.0145284,0.535307,0.0271403,1.22225e-27
3406,Solyc06g069120.3,wgd,Unmethylated,Solyc03g119520.3,0.201702,0.813268,0.248014,1.6898e-09
3407,Solyc06g069150.1,wgd,Unmethylated,Solyc03g119610.1,0.299672,1.67576,0.178828,6.17626e-23
3408,Solyc06g069180.3,wgd,TE-like,Solyc05g009600.3,0.0623479,4.55895,0.0136759,4.54983e-192
3409,Solyc06g069210.3,wgd,TE-like,Solyc03g119670.3,0.160418,0.727774,0.220423,1.31126e-06
3410,Solyc06g069220.1,wgd,Unclassified,Solyc05g009680.1,0.365451,4.38763,0.0832912,5.0751e-64
3411,Solyc06g069240.2,wgd,Unclassified,Solyc05g009900.2,0.704883,3.81678,0.18468,9.19893e-27
3412,Solyc06g069250.1,wgd,Unmethylated,Solyc03g119810.1,0.291677,1.28234,0.227456,2.35857e-10
3413,Solyc06g069260.1,wgd,Unclassified,Solyc03g119820.1,0.273354,2.52482,0.108267,1.4134e-19
3414,Solyc06g069270.1,wgd,Unmethylated,Solyc03g119840.3,0.246322,2.84939,0.0864474,9.26081e-14
3415,Solyc06g069280.3,wgd,TE-like,Solyc05g009980.3,0.468703,3.54634,0.132165,1.47193e-43
3416,Solyc06g069290.3,wgd,Unclassified,Solyc05g009990.3,0.356975,4.213,0.0847317,8.67916e-91
3417,Solyc06g069300.1,wgd,Unclassified,Solyc03g114390.1,0.167944,1.51592,0.110787,2.98673e-29
3418,Solyc06g069310.3,wgd,Unclassified,Solyc03g114400.3,0.0487549,0.632693,0.0770593,5.02603e-16
3419,Solyc06g069320.3,wgd,TE-like,Solyc03g114480.3,0.298208,1.92422,0.154976,2.78851e-18
3420,Solyc06g069330.3,wgd,TE-like,Solyc03g114590.3,0.0489981,0.924746,0.0529854,6.82099e-49
3421,Solyc06g069350.2,wgd,Unclassified,Solyc03g114670.3,0.407851,0.780852,0.522315,0.0242928
3422,Solyc06g069370.3,wgd,gbM,Solyc03g114720.3,0.189043,1.71615,0.110156,3.98474e-25
3423,Solyc06g069380.3,wgd,gbM,Solyc03g114730.3,0.0671782,0.636255,0.105584,2.99347e-50
3424,Solyc06g069400.3,wgd,Unclassified,Solyc03g114790.3,0.0968832,0.867195,0.11172,5.85645e-33
3425,Solyc06g069420.3,wgd,Unclassified,Solyc03g114820.3,0.188156,1.6277,0.115596,1.71382e-20
3426,Solyc06g069430.3,wgd,Unclassified,Solyc03g114830.3,0.0999282,1.92836,0.0518203,1.90366e-34
3427,Solyc06g069450.3,wgd,TE-like,Solyc03g114980.3,0.337694,1.433,0.235655,1.72044e-12
3428,Solyc06g069460.2,wgd,gbM,Solyc03g115010.2,0.433193,3.69332,0.117291,3.0125e-24
3429,Solyc06g069500.3,wgd,TE-like,Solyc03g115250.3,0.297586,0.750239,0.396654,8.14953e-33
3430,Solyc06g069550.1,wgd,gbM,Solyc03g115380.2,0.0525068,0.761067,0.0689911,1.99293e-59
3431,Solyc06g069560.2,wgd,gbM,Solyc03g115440.2,0.2966,0.787156,0.376799,1.59501e-09
3432,Solyc06g069570.3,wgd,gbM,Solyc03g115470.3,0.132154,0.827466,0.159709,1.15146e-24
3433,Solyc06g069580.3,wgd,gbM,Solyc03g115500.3,0.197393,0.689612,0.286237,3.18044e-20
3434,Solyc06g069600.2,wgd,TE-like,Solyc03g115540.2,0.368297,2.26855,0.162349,2.85926e-16
3435,Solyc06g069635.1,wgd,TE-like,Solyc03g115590.3,0.390342,0.684539,0.570225,2.80214e-05
3436,Solyc06g069650.3,wgd,gbM,Solyc03g115610.3,0.156736,0.928194,0.168861,1.71436e-76
3437,Solyc06g069660.2,wgd,TE-like,Solyc03g115680.3,0.140459,1.56471,0.0897671,1.52498e-39
3438,Solyc06g069680.1,wgd,Unclassified,Solyc03g115690.1,0.246937,1.37355,0.17978,1.11807e-23
3439,Solyc06g069690.3,wgd,Unclassified,Solyc03g115770.3,0.186921,1.01415,0.184314,9.32359e-08
3440,Solyc06g069710.3,wgd,Unclassified,Solyc03g115850.3,0.136537,1.15405,0.118312,1.09252e-28
3441,Solyc06g069720.3,wgd,Unclassified,Solyc03g115870.3,0.325242,2.3455,0.138666,1.12622e-06
3442,Solyc06g069730.3,wgd,Unclassified,Solyc03g115900.3,0.0578513,1.19832,0.0482771,3.39423e-42
3443,Solyc06g069740.1,wgd,Unclassified,Solyc02g067220.3,0.707794,1.56421,0.452492,0.000113277
3444,Solyc06g069760.3,wgd,gbM,Solyc02g067230.3,0.467289,1.90356,0.245482,7.34592e-28
3445,Solyc06g069770.3,wgd,Unclassified,Solyc03g116020.3,0.15632,0.616933,0.253383,1.62801e-10
3446,Solyc06g069780.3,wgd,gbM,Solyc05g007670.3,0.314003,3.62195,0.0866946,2.21737e-42
3447,Solyc06g069790.3,wgd,Unmethylated,Solyc03g116067.1,0.117294,1.22539,0.0957201,5.55408e-11
3448,Solyc06g069850.3,wgd,TE-like,Solyc02g087960.3,0.293664,3.79029,0.0774779,5.16021e-53
3449,Solyc06g069860.3,wgd,Unclassified,Solyc02g087930.3,0.0247414,1.32758,0.0186365,3.77627e-37
3450,Solyc06g069870.3,wgd,gbM,Solyc03g116150.3,0.100268,0.616773,0.162569,2.76644e-41
3451,Solyc06g069880.1,wgd,gbM,Solyc05g007480.1,0.563862,4.00781,0.140691,1.36852e-31
3452,Solyc06g069890.3,wgd,TE-like,Solyc02g067370.3,0.278905,1.23715,0.225441,3.01e-17
3453,Solyc06g069900.3,wgd,Unclassified,Solyc03g116260.3,0.403623,3.98278,0.101342,4.35212e-33
3454,Solyc06g070900.3,wgd,Unclassified,Solyc05g007420.1,0.45424,3.90023,0.116465,1.79226e-67
3455,Solyc06g070920.3,wgd,TE-like,Solyc03g113040.3,0.193859,0.830192,0.233511,6.44231e-31
3456,Solyc06g070940.3,wgd,TE-like,Solyc03g113070.3,0.246837,1.00307,0.246081,7.47658e-25
3457,Solyc06g070970.3,wgd,TE-like,Solyc03g113090.3,0.248159,0.683873,0.362873,4.39336e-10
3458,Solyc06g070980.3,wgd,TE-like,Solyc02g067420.3,0.0317001,3.43584,0.00922631,3.64541e-60
3459,Solyc06g070990.3,wgd,TE-like,Solyc03g113120.3,0.277453,1.32918,0.20874,6.59138e-38
3460,Solyc06g071020.3,wgd,gbM,Solyc05g007085.1,0.351496,4.12836,0.0851416,1.96263e-58
3461,Solyc06g071050.3,wgd,gbM,Solyc02g067470.3,0.0804289,3.89519,0.0206483,1.39408e-99
3462,Solyc06g071080.3,wgd,NA,Solyc03g113420.3,0.251936,2.02025,0.124705,2.22589e-40
3463,Solyc06g071100.3,wgd,TE-like,Solyc03g113400.3,0.0616266,1.93596,0.0318326,1.35226e-43
3464,Solyc06g071110.3,wgd,Unclassified,Solyc05g006820.3,0.189684,3.94032,0.0481391,1.33923e-79
3465,Solyc06g071150.3,wgd,TE-like,Solyc05g006707.1,0.283916,3.71646,0.0763941,4.51371e-49
3466,Solyc06g071160.3,wgd,gbM,Solyc05g006680.3,0.203999,4.47689,0.0455673,3.45882e-124
3467,Solyc06g071180.3,wgd,Unmethylated,Solyc03g113540.3,0.165492,0.785013,0.210814,5.47885e-16
3468,Solyc06g071190.3,wgd,TE-like,Solyc03g113600.3,0.210829,0.916337,0.230078,5.27017e-27
3469,Solyc06g071230.3,wgd,Unclassified,Solyc03g113620.3,0.199954,0.864297,0.231349,7.53848e-17
3470,Solyc06g071250.4,wgd,TE-like,Solyc02g087450.3,0.777801,4.12237,0.188678,8.52425e-23
3471,Solyc06g071260.3,wgd,Unmethylated,Solyc03g113670.3,0.251308,0.750676,0.334775,0.00325915
3472,Solyc06g071270.3,wgd,gbM,Solyc03g113700.3,0.204341,0.762567,0.267964,6.74114e-13
3473,Solyc06g071280.3,wgd,TE-like,Solyc02g067660.3,0.804609,4.27488,0.188218,5.28884e-23
3474,Solyc06g071290.3,wgd,Unclassified,Solyc03g113800.3,0.108499,0.789726,0.137388,1.82359e-42
3475,Solyc06g071310.3,wgd,gbM,Solyc03g114000.3,0.0726834,0.981462,0.0740562,1.35357e-24
3476,Solyc06g071320.3,wgd,Unmethylated,Solyc03g114020.3,0.224494,2.42981,0.0923915,3.52922e-16
3477,Solyc06g071330.3,wgd,TE-like,Solyc03g114030.3,0.0852316,0.730558,0.116666,5.24862e-50
3478,Solyc06g071350.3,wgd,TE-like,Solyc03g114060.3,0.194388,0.817929,0.237659,9.63574e-79
3479,Solyc06g071370.1,wgd,Unmethylated,Solyc03g114130.1,0.215416,2.3175,0.0929519,5.21289e-22
3480,Solyc06g071390.3,wgd,Unclassified,Solyc03g114170.3,0.093544,0.625212,0.14962,7.76849e-07
3481,Solyc06g071410.3,wgd,gbM,Solyc03g114210.3,0.0567685,0.822575,0.0690131,2.46204e-50
3482,Solyc06g071420.3,wgd,TE-like,Solyc03g114280.3,0.0863475,0.643112,0.134265,4.10408e-30
3483,Solyc06g071440.3,wgd,Unclassified,Solyc03g114290.3,0.192364,0.81072,0.237275,1.3422e-16
3484,Solyc06g071470.3,wgd,TE-like,Solyc03g114330.3,0.170678,0.567025,0.301007,2.38162e-14
3485,Solyc06g071480.3,wgd,TE-like,Solyc03g112930.3,0.217613,3.59707,0.0604972,5.87406e-55
3486,Solyc06g071520.1,wgd,TE-like,Solyc03g112890.1,0.218962,1.76631,0.123966,1.44057e-32
3487,Solyc06g071530.3,wgd,Unclassified,Solyc03g112850.3,0.00855446,1.06886,0.00800335,4.71991e-25
3488,Solyc06g071540.3,wgd,Unclassified,Solyc03g112840.2,0.135423,1.21777,0.111206,3.41185e-32
3489,Solyc06g071590.3,wgd,Unclassified,Solyc03g112620.4,0.112226,1.32701,0.0845705,1.03917e-42
3490,Solyc06g071600.3,wgd,TE-like,Solyc03g112550.3,0.216649,0.604695,0.358278,1.37405e-09
3491,Solyc06g071610.2,wgd,Unclassified,Solyc03g112540.3,0.0883499,1.36494,0.0647279,3.29021e-45
3492,Solyc06g071640.3,wgd,gbM,Solyc03g112460.3,0.224001,1.3127,0.170641,1.94826e-26
3493,Solyc06g071660.2,wgd,TE-like,Solyc03g112430.1,0.224945,2.4071,0.0934506,2.25678e-20
3494,Solyc06g071680.3,wgd,TE-like,Solyc03g112410.2,0.149769,1.32658,0.112899,1.00518e-44
3495,Solyc06g071690.3,wgd,Unclassified,Solyc03g112390.3,0.229636,0.990572,0.231821,1.68291e-13
3496,Solyc06g071720.1,wgd,Unmethylated,Solyc03g112360.1,0.0426966,1.42176,0.0300309,5.03711e-33
3497,Solyc06g071725.1,wgd,Unclassified,Solyc03g112330.3,0.15445,0.66607,0.231883,5.56531e-10
3498,Solyc06g071750.3,wgd,Unmethylated,Solyc03g112300.3,0.238925,1.72308,0.138662,2.92792e-10
3499,Solyc06g071770.3,wgd,gbM,Solyc03g112230.3,0.286555,1.04769,0.27351,5.94987e-25
3500,Solyc06g071780.3,wgd,gbM,Solyc03g112160.3,0.190974,1.72076,0.110982,6.96891e-17
3501,Solyc06g071790.3,wgd,Unclassified,Solyc03g112150.1,0.0536219,1.28621,0.0416899,1.60102e-79
3502,Solyc06g071800.3,wgd,gbM,Solyc03g112140.3,0.21741,0.782691,0.277773,8.63023e-15
3503,Solyc06g071870.3,wgd,gbM,Solyc03g111230.3,0.0397901,0.926606,0.0429418,2.78305e-30
3504,Solyc06g071910.3,wgd,gbM,Solyc03g111060.3,0.271395,0.501896,0.540741,0.0390674
3505,Solyc06g071920.3,wgd,TE-like,Solyc03g111000.3,0.278226,0.998359,0.278683,8.05199e-08
3506,Solyc06g071930.1,wgd,NA,Solyc03g110990.1,0.123067,1.39754,0.0880601,5.72279e-10
3507,Solyc06g071950.2,wgd,Unclassified,Solyc03g110980.3,0.0696623,0.540259,0.128942,1.82969e-31
3508,Solyc06g071960.3,wgd,Unclassified,Solyc03g110960.3,0.116941,1.15482,0.101264,4.9075e-24
3509,Solyc06g071980.3,wgd,TE-like,Solyc03g110900.3,0.163396,0.731238,0.223451,5.71032e-37
3510,Solyc06g072018.1,wgd,Unmethylated,Solyc03g110875.1,0.00658327,0.612387,0.0107502,1.90479e-12
3511,Solyc06g072040.1,wgd,Unmethylated,Solyc03g110850.1,0.288177,5.37487,0.0536156,1.19814e-21
3512,Solyc06g072050.3,wgd,TE-like,Solyc03g019680.3,0.0834492,0.545455,0.15299,3.79733e-39
3513,Solyc06g072060.1,wgd,Unmethylated,Solyc03g019700.1,0.442623,2.98654,0.148206,2.16926e-12
3514,Solyc06g072090.2,wgd,TE-like,Solyc03g019760.3,0.105147,1.91627,0.0548704,1.86884e-89
3515,Solyc06g072110.3,wgd,TE-like,Solyc03g019770.3,0.23323,1.07737,0.216481,5.34579e-41
3516,Solyc06g072120.3,wgd,gbM,Solyc03g019780.3,0.0522696,0.613648,0.0851784,2.81637e-29
3517,Solyc06g072130.3,wgd,Unclassified,Solyc03g019820.3,0.105906,1.40844,0.0751939,3.65862e-41
3518,Solyc06g072140.3,wgd,TE-like,Solyc03g019900.3,0.0139436,1.13771,0.0122559,1.00539e-60
3519,Solyc06g072210.1,wgd,TE-like,Solyc03g020010.1,0.51028,3.59996,0.141746,5.90338e-15
3520,Solyc06g072230.1,wgd,Unclassified,Solyc03g098740.1,0.681732,3.65668,0.186435,1.10865e-13
3521,Solyc06g072270.3,wgd,TE-like,Solyc03g098590.3,0.430948,4.01228,0.107407,2.78271e-29
3522,Solyc06g072280.3,wgd,Unclassified,Solyc03g098470.3,0.0190335,0.760233,0.0250364,1.13155e-13
3523,Solyc06g072290.3,wgd,Unclassified,Solyc03g098450.3,0.181895,0.725617,0.250676,3.07666e-17
3524,Solyc06g072300.3,wgd,TE-like,Solyc03g098280.3,0.0778742,1.01147,0.076991,1.69425e-139
3525,Solyc06g072320.3,wgd,gbM,Solyc03g098220.3,0.0420703,0.677654,0.0620823,1.6655e-62
3526,Solyc06g072340.3,wgd,TE-like,Solyc03g098150.3,0.126401,0.658023,0.192092,8.72196e-68
3527,Solyc06g072350.3,wgd,Unclassified,NA,NA,NA,NA,NA
3528,Solyc06g072360.3,wgd,TE-like,Solyc03g098070.3,0.169727,4.01052,0.0423205,8.88675e-57
3529,Solyc06g072390.3,wgd,Unclassified,Solyc03g098030.3,0.144176,0.649497,0.22198,1.96083e-06
3530,Solyc06g072420.3,wgd,Unclassified,Solyc03g098010.3,0.188654,1.17398,0.160697,7.91828e-24
3531,Solyc06g072440.3,wgd,Unmethylated,Solyc03g097970.3,0.0507885,1.15936,0.0438076,3.1096e-20
3532,Solyc06g072460.1,wgd,gbM,Solyc03g097960.1,0.216752,0.730499,0.296717,5.50315e-12
3533,Solyc06g072465.1,wgd,gbM,Solyc03g097950.3,0.075678,0.785791,0.0963081,5.22036e-18
3534,Solyc06g072490.3,wgd,gbM,Solyc03g097900.3,0.00520897,0.565256,0.00921524,1.06976e-45
3535,Solyc06g072510.3,wgd,TE-like,Solyc03g097840.3,0.100611,1.39727,0.0720053,1.37339e-43
3536,Solyc06g072520.2,wgd,Unclassified,Solyc03g097820.2,0.19784,1.33754,0.147913,1.54994e-20
3537,Solyc06g072530.3,wgd,Unclassified,Solyc03g097720.3,0.298916,1.1603,0.257619,1.05157e-08
3538,Solyc06g072580.3,wgd,gbM,Solyc03g097675.1,0.137012,1.20689,0.113525,5.61575e-29
3539,Solyc06g072610.3,wgd,gbM,Solyc03g097630.3,0.111183,0.880074,0.126334,4.21631e-37
3540,Solyc06g072640.1,wgd,Unclassified,Solyc03g097590.3,0.332879,0.958332,0.347352,7.70706e-09
3541,Solyc06g072650.1,wgd,Unmethylated,Solyc03g097510.1,0.27045,0.994803,0.271862,7.02518e-07
3542,Solyc06g072670.3,wgd,gbM,Solyc03g097440.3,0.18367,1.38988,0.132148,1.31839e-35
3543,Solyc06g072690.2,wgd,TE-like,Solyc03g097400.1,0.195867,1.80337,0.108612,2.00698e-10
3544,Solyc06g072700.3,wgd,Unmethylated,Solyc03g097380.3,0.0413917,1.24693,0.0331949,2.26943e-28
3545,Solyc06g072710.3,wgd,gbM,Solyc03g097320.3,0.122113,0.784253,0.155706,6.37443e-39
3546,Solyc06g072730.3,wgd,gbM,Solyc03g097190.3,0.202153,0.502562,0.402246,4.38438e-16
3547,Solyc06g072740.1,wgd,Unmethylated,Solyc03g097150.3,0.227797,1.9434,0.117216,2.51077e-40
3548,Solyc06g072750.3,wgd,TE-like,Solyc03g097120.3,0.215503,0.736094,0.292766,3.14517e-17
3549,Solyc06g072770.3,wgd,gbM,Solyc03g097110.3,0.195186,0.500082,0.390308,7.00964e-08
3550,Solyc06g072790.3,wgd,TE-like,Solyc03g096930.3,0.358343,0.450147,0.796058,0.513354
3551,Solyc06g072800.3,wgd,gbM,Solyc03g096910.3,0.0291388,0.750978,0.0388011,1.11498e-27
3552,Solyc06g072820.3,wgd,TE-like,Solyc03g096880.3,0.21385,0.845921,0.252801,2.3202e-33
3553,Solyc06g072830.3,wgd,gbM,Solyc03g096870.3,0.0512029,0.681335,0.0751508,3.38213e-51
3554,Solyc06g072840.3,wgd,Unclassified,Solyc03g096840.3,0.376896,0.86865,0.433887,0.00102283
3555,Solyc06g072920.2,wgd,TE-like,Solyc03g096820.3,0.166643,0.997244,0.167103,1.3889e-35
3556,Solyc06g072980.3,wgd,TE-like,Solyc03g096790.3,0.148049,0.695848,0.212761,1.16123e-30
3557,Solyc06g072990.1,wgd,Unmethylated,Solyc03g096760.1,0.239553,1.05986,0.226023,4.63386e-08
3558,Solyc06g073000.3,wgd,Unclassified,Solyc03g079960.3,0.144525,1.22029,0.118436,1.1653e-29
3559,Solyc06g073020.3,wgd,Unclassified,Solyc03g080040.1,0.244972,2.18729,0.111998,1.93417e-10
3560,Solyc06g073030.2,wgd,Unclassified,Solyc03g080050.3,0.121913,0.729665,0.167081,8.88631e-16
3561,Solyc06g073050.2,wgd,gbM,Solyc03g080090.3,0.28217,1.07748,0.261881,4.83375e-24
3562,Solyc06g073070.2,wgd,TE-like,Solyc03g080100.3,0.334622,0.969803,0.345041,7.50873e-09
3563,Solyc06g073080.3,wgd,TE-like,Solyc03g080190.3,0.110182,1.89099,0.0582668,3.74971e-61
3564,Solyc06g073530.2,wgd,TE-like,Solyc01g008960.3,0.12207,1.57591,0.0774601,2.03291e-149
3565,Solyc06g073580.3,wgd,TE-like,Solyc11g072200.2,0.233578,2.21298,0.105549,8.96235e-45
3566,Solyc06g073600.3,wgd,TE-like,Solyc11g072160.2,0.225891,0.587849,0.384267,2.85474e-15
3567,Solyc06g073610.3,wgd,gbM,Solyc01g009040.3,0.192271,1.3261,0.14499,1.24446e-33
3568,Solyc06g073640.3,wgd,TE-like,Solyc01g009070.3,0.230434,0.723378,0.318552,2.30327e-16
3569,Solyc06g073650.1,wgd,TE-like,Solyc11g072050.1,0.14024,0.645087,0.217397,1.71351e-29
3570,Solyc06g073660.3,wgd,Unmethylated,Solyc11g072030.2,0.313003,2.04527,0.153037,4.37474e-11
3571,Solyc06g073710.3,wgd,Unclassified,Solyc11g071520.2,0.213541,2.58977,0.0824555,1.30966e-55
3572,Solyc06g073720.2,wgd,gbM,Solyc01g009170.3,0.149928,0.847342,0.176939,5.1716e-33
3573,Solyc06g073740.3,wgd,TE-like,Solyc11g071640.2,0.120277,1.53632,0.0782892,1.16819e-80
3574,Solyc06g073810.3,wgd,TE-like,Solyc11g071690.2,0.22378,0.901635,0.248193,1.05984e-18
3575,Solyc06g073820.2,wgd,TE-like,Solyc11g071700.2,0.165758,0.607244,0.272967,2.07027e-37
3576,Solyc06g073830.1,wgd,TE-like,Solyc11g071740.2,0.208558,1.52113,0.137108,8.62338e-23
3577,Solyc06g073900.3,wgd,Unmethylated,Solyc11g071790.2,0.0667221,0.682305,0.0977892,1.95889e-16
3578,Solyc06g073910.3,wgd,gbM,Solyc11g071800.2,0.107885,0.844188,0.127798,2.09499e-25
3579,Solyc06g073920.3,wgd,TE-like,Solyc11g071810.2,0.150733,1.83514,0.0821372,2.02527e-18
3580,Solyc06g073940.3,wgd,Unmethylated,Solyc11g071940.1,0.442185,3.47563,0.127224,3.6572e-21
3581,Solyc06g073950.3,wgd,TE-like,Solyc11g071930.2,0.0468133,1.02304,0.0457591,1.34198e-35
3582,Solyc06g073960.3,wgd,TE-like,Solyc11g071920.2,0.0470979,0.709267,0.0664036,1.04487e-123
3583,Solyc06g073970.2,wgd,Unmethylated,Solyc11g071850.1,0.163986,1.93283,0.0848426,2.03833e-31
3584,Solyc06g073990.2,wgd,Unclassified,Solyc01g007870.3,0.392489,3.11895,0.12584,4.57041e-14
3585,Solyc06g074030.1,wgd,Unmethylated,Solyc01g007840.3,0.293874,3.9156,0.075052,3.21364e-47
3586,Solyc06g074040.1,wgd,gbM,Solyc01g007220.3,0.332736,3.66928,0.0906817,1.83436e-30
3587,Solyc06g074070.3,wgd,gbM,Solyc01g007130.3,0.30006,4.73123,0.0634213,3.67507e-190
3588,Solyc06g074090.3,wgd,gbM,Solyc01g009310.3,0.0867783,0.850498,0.102032,1.93451e-47
3589,Solyc06g074100.1,wgd,TE-like,Solyc01g007080.3,0.547718,4.22302,0.129698,2.43709e-31
3590,Solyc06g074110.3,wgd,TE-like,Solyc11g068960.2,0.207287,0.674477,0.30733,4.82691e-31
3591,Solyc06g074120.3,wgd,Unclassified,Solyc11g068950.2,0.27402,2.05987,0.133028,4.84005e-47
3592,Solyc06g074140.1,wgd,Unclassified,Solyc01g009320.2,0.19519,1.3563,0.143914,9.63702e-33
3593,Solyc06g074170.3,wgd,gbM,Solyc11g068750.2,0.217831,0.62592,0.348017,1.11153e-11
3594,Solyc06g074190.3,wgd,TE-like,Solyc11g068720.2,0.250963,0.784672,0.319832,1.47893e-17
3595,Solyc06g074210.3,wgd,TE-like,Solyc01g009390.3,0.101057,0.764539,0.13218,2.97413e-29
3596,Solyc06g074220.3,wgd,TE-like,Solyc11g068660.2,0.125281,0.740869,0.1691,1.66065e-38
3597,Solyc06g074230.3,wgd,Unmethylated,Solyc10g083250.2,0.340645,1.43072,0.238093,1.847e-14
3598,Solyc06g074270.1,wgd,Unclassified,Solyc11g068530.1,0.303629,3.71057,0.0818284,1.38005e-34
3599,Solyc06g074310.3,wgd,TE-like,Solyc11g068420.2,0.0381435,1.12617,0.0338701,8.87658e-45
3600,Solyc06g074320.3,wgd,gbM,Solyc11g068370.2,0.138456,1.38038,0.100303,1.62418e-44
3601,Solyc06g074330.3,wgd,gbM,Solyc11g067260.2,0.436365,4.07246,0.10715,5.64438e-35
3602,Solyc06g074350.3,wgd,Unclassified,Solyc01g009560.1,0.229248,3.44262,0.0665911,7.22866e-31
3603,Solyc06g074390.3,wgd,Unclassified,Solyc11g067170.2,0.225348,1.40005,0.160957,2.38e-33
3604,Solyc06g074410.3,wgd,TE-like,Solyc11g067167.1,0.490825,2.83104,0.173373,3.17992e-07
3605,Solyc06g074420.1,wgd,Unclassified,Solyc10g083400.1,0.267054,4.18956,0.0637428,7.57453e-140
3606,Solyc06g074430.3,wgd,Unclassified,Solyc11g067100.2,0.211115,2.02021,0.104501,1.31414e-11
3607,Solyc06g074480.3,wgd,gbM,Solyc11g067070.1,0.180839,0.666334,0.271395,1.36749e-33
3608,Solyc06g074495.1,wgd,Unclassified,Solyc11g067015.1,0.158233,0.886867,0.178418,3.57628e-06
3609,Solyc06g074500.2,wgd,Unclassified,Solyc11g066930.1,0.228981,0.6976,0.32824,9.63712e-10
3610,Solyc06g074530.1,wgd,Unmethylated,Solyc11g066890.1,0.0628959,1.8386,0.0342085,9.9486e-88
3611,Solyc06g074540.3,wgd,Unclassified,NA,NA,NA,NA,NA
3612,Solyc06g074620.3,wgd,Unmethylated,Solyc11g066860.2,0.249119,1.65089,0.1509,1.17789e-15
3613,Solyc06g074630.3,wgd,Unclassified,Solyc11g066820.2,0.0546528,1.75515,0.0311386,6.49766e-98
3614,Solyc06g074640.2,wgd,gbM,Solyc11g066780.2,0.238403,0.883564,0.26982,2.00415e-54
3615,Solyc06g074650.3,wgd,TE-like,Solyc11g066760.2,0.0228479,0.742257,0.0307817,1.78722e-79
3616,Solyc06g074670.3,wgd,Unclassified,Solyc11g066720.2,0.0193359,0.953849,0.0202715,2.47361e-78
3617,Solyc06g074680.3,wgd,gbM,Solyc11g066710.2,0.12139,0.903789,0.134312,9.5494e-62
3618,Solyc06g074700.3,wgd,TE-like,Solyc11g066650.2,0.114659,0.641499,0.178736,1.23094e-36
3619,Solyc06g074710.1,wgd,TE-like,Solyc11g066640.1,0.0944985,1.43159,0.0660096,4.2619e-61
3620,Solyc06g074740.3,wgd,TE-like,Solyc11g066560.3,0.0688096,0.728474,0.0944572,8.03008e-100
3621,Solyc06g074760.2,wgd,Unclassified,Solyc11g066500.2,0.270534,0.967178,0.279715,1.43747e-23
3622,Solyc06g074780.1,wgd,Unmethylated,Solyc11g066430.1,0.0409511,1.49526,0.0273873,4.85806e-33
3623,Solyc06g074800.1,wgd,Unclassified,Solyc09g008440.1,0.444098,3.87787,0.114521,4.88735e-35
3624,Solyc06g074820.3,wgd,Unclassified,Solyc10g083880.2,0.140195,2.52624,0.0554954,2.89254e-43
3625,Solyc06g074840.3,wgd,gbM,Solyc11g066260.2,0.0463078,0.418202,0.110731,4.2149e-18
3626,Solyc06g074850.3,wgd,Unclassified,Solyc11g066250.2,0.170006,1.17702,0.144438,7.66911e-35
3627,Solyc06g074910.3,wgd,TE-like,Solyc09g008250.3,0.441971,3.65536,0.12091,9.49273e-39
3628,Solyc06g074930.2,wgd,Unclassified,Solyc09g008200.3,0.45669,3.92334,0.116403,3.70375e-26
3629,Solyc06g074950.1,wgd,Unclassified,Solyc10g084010.1,0.407127,2.99979,0.135718,1.00382e-20
3630,Solyc06g074980.3,wgd,TE-like,Solyc09g008070.3,0.0422551,4.62711,0.00913207,4.73809e-295
3631,Solyc06g075020.3,wgd,gbM,Solyc09g008000.3,0.3032,4.89381,0.0619559,1.00783e-151
3632,Solyc06g075050.2,wgd,Unclassified,Solyc11g069640.2,0.288697,1.27468,0.226485,1.47556e-17
3633,Solyc06g075090.3,wgd,TE-like,Solyc11g069570.2,0.111404,1.18676,0.0938724,1.28657e-24
3634,Solyc06g075100.3,wgd,gbM,Solyc11g069560.2,0.0718094,0.975304,0.0736278,8.13145e-116
3635,Solyc06g075110.3,wgd,gbM,Solyc11g069550.1,0.0710859,0.928066,0.0765957,1.992e-43
3636,Solyc06g075130.3,wgd,gbM,Solyc11g069530.2,0.0896228,0.669186,0.133928,1.17841e-60
3637,Solyc06g075140.3,wgd,gbM,Solyc11g069510.2,0.289742,1.24584,0.232566,1.53004e-13
3638,Solyc06g075150.3,wgd,gbM,Solyc11g069500.2,0.183809,0.820049,0.224144,3.35298e-38
3639,Solyc06g075160.3,wgd,TE-like,Solyc11g069490.2,0.102247,0.848965,0.120437,2.9736e-63
3640,Solyc06g075170.1,wgd,Unmethylated,Solyc09g007790.1,0.405788,3.44971,0.11763,8.69558e-22
3641,Solyc06g075180.1,wgd,TE-like,Solyc11g069440.1,0.00765145,1.22227,0.00626004,4.10752e-43
3642,Solyc06g075210.3,wgd,Unclassified,Solyc11g069400.2,0.202964,0.869559,0.233411,7.77074e-30
3643,Solyc06g075220.1,wgd,Unmethylated,Solyc09g007650.2,0.439,3.52667,0.12448,1.06713e-19
3644,Solyc06g075250.3,wgd,Unclassified,Solyc11g069240.2,0.195088,4.01922,0.0485388,3.25838e-76
3645,Solyc06g075270.3,wgd,Unclassified,Solyc11g072380.2,0.287552,1.51692,0.189563,6.2404e-40
3646,Solyc06g075310.3,wgd,Unclassified,Solyc11g072410.2,0.219348,0.578231,0.379343,1.71199e-05
3647,Solyc06g075330.2,wgd,Unmethylated,Solyc11g072470.2,0.138422,1.70565,0.081155,9.0639e-16
3648,Solyc06g075360.3,wgd,gbM,Solyc11g072480.2,0.0632461,1.3736,0.0460439,8.38741e-48
3649,Solyc06g075370.3,wgd,NA,Solyc11g072500.2,0.266858,1.47431,0.181006,8.85303e-24
3650,Solyc06g075400.3,wgd,TE-like,Solyc11g072530.2,0.0552999,0.609282,0.0907624,4.67485e-80
3651,Solyc06g075440.2,wgd,TE-like,Solyc11g072560.2,0.303164,1.51442,0.200185,2.02881e-37
3652,Solyc06g075490.1,wgd,Unclassified,Solyc11g072580.2,0.304072,2.91461,0.104327,5.29308e-48
3653,Solyc06g075510.3,wgd,Unclassified,Solyc11g072600.2,0.20591,1.22246,0.168439,2.09358e-33
3654,Solyc06g075550.3,wgd,gbM,Solyc11g072660.2,0.149989,0.800507,0.187367,2.81009e-24
3655,Solyc06g075560.1,wgd,Unclassified,Solyc11g072700.1,0.15737,1.5882,0.0990869,2.19006e-67
3656,Solyc06g075567.1,wgd,Unmethylated,Solyc11g072770.2,0.287077,1.52886,0.187773,6.46192e-11
3657,Solyc06g075570.2,wgd,gbM,Solyc11g072800.2,0.140314,1.16404,0.12054,1.35144e-75
3658,Solyc06g075580.3,wgd,gbM,Solyc11g072820.2,0.0859537,0.562277,0.152867,5.56634e-73
3659,Solyc06g075590.3,wgd,TE-like,Solyc11g072940.2,0.0705829,0.998384,0.0706972,4.27752e-73
3660,Solyc06g075600.3,wgd,gbM,Solyc11g072960.1,0.168903,0.824977,0.204736,1.02409e-36
3661,Solyc06g075610.1,wgd,Unmethylated,Solyc11g073010.1,0.238088,0.958716,0.24834,6.52082e-34
3662,Solyc06g075620.3,wgd,Unmethylated,Solyc05g054810.3,0.0291534,1.12712,0.0258653,3.14361e-30
3663,Solyc06g075630.3,wgd,Unmethylated,Solyc11g073030.1,0.0912279,1.93256,0.0472057,5.71347e-27
3664,Solyc06g075660.3,wgd,TE-like,Solyc06g005310.3,0.237925,1.89926,0.125273,5.10652e-11
3665,Solyc06g075690.3,wgd,Unmethylated,Solyc11g073110.2,0.221942,1.65445,0.134148,6.60493e-33
3666,Solyc06g075780.2,wgd,Unclassified,Solyc05g054650.1,0.344127,3.18014,0.108211,1.17887e-32
3667,Solyc06g075790.3,wgd,gbM,Solyc09g010350.3,0.452977,1.88025,0.240914,1.25429e-25
3668,Solyc06g075800.1,wgd,Unmethylated,Solyc06g005390.1,0.0630974,2.6777,0.023564,1.47646e-40
3669,Solyc06g075830.2,wgd,gbM,Solyc05g054610.1,0.00874853,3.26957,0.00267574,7.23715e-45
3670,Solyc06g075930.1,wgd,Unmethylated,Solyc06g005420.1,NA,1.48242,7.97154e-12,NA
3671,Solyc06g075970.3,wgd,Unclassified,Solyc09g010564.1,0.560013,4.19495,0.133497,1.78228e-29
3672,Solyc06g075980.3,wgd,TE-like,Solyc05g054570.3,0.467103,1.71189,0.272857,1.63696e-26
3673,Solyc06g076020.3,wgd,Unclassified,Solyc10g086410.3,0.0277966,1.98085,0.0140326,5.7675e-200
3674,Solyc06g076030.3,wgd,Unclassified,Solyc11g066050.1,0.232542,2.05915,0.112931,9.06004e-31
3675,Solyc06g076040.3,wgd,gbM,Solyc11g066040.2,0.122583,0.768473,0.159515,2.75066e-48
3676,Solyc06g076050.3,wgd,gbM,Solyc09g010690.3,0.257595,4.24877,0.060628,2.13472e-75
3677,Solyc06g076090.3,wgd,Unclassified,Solyc05g054480.3,0.0100313,3.29134,0.00304779,9.85267e-136
3678,Solyc06g076100.3,wgd,Unclassified,Solyc10g086490.2,0.267707,4.39902,0.0608561,2.74408e-130
3679,Solyc06g076130.3,wgd,gbM,Solyc09g010790.1,0.75328,4.38499,0.171786,8.40173e-49
3680,Solyc06g076140.3,wgd,Unmethylated,Solyc09g010800.4,0.262356,0.885001,0.296447,0.000414199
3681,Solyc06g076170.3,wgd,TE-like,Solyc05g054440.3,0.393042,4.26902,0.0920685,4.68974e-74
3682,Solyc06g076200.1,wgd,TE-like,Solyc05g054420.3,0.579789,4.5161,0.128383,1.40041e-48
3683,Solyc06g076220.3,wgd,Unmethylated,Solyc06g005560.3,0.0874727,1.99281,0.0438941,7.09569e-56
3684,Solyc06g076253.1,wgd,TE-like,Solyc06g005570.3,0.653489,2.35106,0.277955,3.45004e-15
3685,Solyc06g076270.3,wgd,gbM,Solyc04g011650.3,0.483418,4.51206,0.107139,1.18179e-58
3686,Solyc06g076280.2,wgd,gbM,Solyc09g010920.1,0.415328,4.59277,0.090431,5.86137e-107
3687,Solyc06g076300.3,wgd,gbM,Solyc09g010940.3,0.266195,2.97509,0.0894747,1.80809e-33
3688,Solyc06g076320.1,wgd,Unmethylated,Solyc06g005610.1,0.184771,2.96943,0.0622244,1.21944e-21
3689,Solyc06g076330.3,wgd,TE-like,Solyc09g010990.3,0.178107,4.38668,0.0406018,9.16848e-146
3690,Solyc06g076340.3,wgd,TE-like,Solyc06g005670.3,0.0893656,1.01519,0.0880283,7.66566e-92
3691,Solyc06g076350.3,wgd,Unmethylated,Solyc06g005680.3,0.348668,3.59345,0.0970285,1.0677e-23
3692,Solyc06g076410.3,wgd,TE-like,Solyc06g005750.3,0.105509,1.47972,0.0713035,3.38946e-23
3693,Solyc06g076430.3,wgd,TE-like,Solyc06g005800.3,0.0350648,1.08893,0.0322011,1.66339e-55
3694,Solyc06g076450.3,wgd,Unclassified,Solyc06g005810.3,0.0471082,0.755289,0.0623711,1.64984e-30
3695,Solyc06g076520.1,wgd,Unclassified,Solyc10g086680.1,0.525789,3.52017,0.149365,7.75431e-16
3696,Solyc06g076550.3,wgd,Unclassified,Solyc10g084890.2,0.460383,4.26052,0.108058,8.93248e-38
3697,Solyc06g076600.2,wgd,gbM,Solyc10g085000.2,0.185762,4.28773,0.043324,1.67847e-98
3698,Solyc06g076610.3,wgd,Unclassified,Solyc06g005850.3,0.249706,0.645579,0.386793,3.38413e-06
3699,Solyc06g076640.3,wgd,gbM,Solyc06g005910.3,0.0439577,2.40397,0.0182854,6.86168e-95
3700,Solyc06g076700.1,wgd,Unclassified,Solyc10g085070.2,0.601965,4.32631,0.139141,1.83647e-38
3701,Solyc06g076760.2,wgd,TE-like,Solyc10g085090.2,0.180433,4.31791,0.0417871,4.089e-110
3702,Solyc06g076780.3,wgd,gbM,Solyc06g005970.2,0.197038,4.44357,0.0443423,8.47614e-106
3703,Solyc06g076910.2,wgd,TE-like,Solyc10g085120.2,0.479974,4.88306,0.0982938,2.21494e-108
3704,Solyc06g076920.3,wgd,TE-like,Solyc10g085140.1,0.292527,3.11592,0.0938815,4.94227e-22
3705,Solyc06g082000.3,wgd,TE-like,Solyc06g007120.3,0.339083,4.38214,0.0773784,3.94759e-91
3706,Solyc06g082070.3,wgd,TE-like,Solyc06g007170.3,0.155071,2.52134,0.0615034,2.25288e-56
3707,Solyc06g082080.3,wgd,gbM,Solyc06g007190.3,0.166808,1.02484,0.162765,1.0237e-27
3708,Solyc06g082430.2,wgd,TE-like,Solyc06g007390.3,0.148237,1.1292,0.131276,5.27635e-22
3709,Solyc06g082440.1,wgd,TE-like,Solyc06g007440.3,0.199689,2.30938,0.0864687,4.3813e-53
3710,Solyc06g082600.3,wgd,TE-like,Solyc06g007510.3,NA,0.617251,1.46411e-12,NA
3711,Solyc06g082650.3,wgd,Unclassified,Solyc06g007520.3,0.0158031,0.929394,0.0170036,7.67581e-40
3712,Solyc06g082680.3,wgd,Unclassified,Solyc06g007540.3,0.146081,2.18984,0.0667084,5.94881e-12
3713,Solyc06g082800.3,wgd,TE-like,Solyc06g007710.3,0.0551955,0.463526,0.119077,2.75421e-24
3714,Solyc06g082810.3,wgd,TE-like,Solyc09g018780.3,0.122158,0.768825,0.158889,2.46531e-14
3715,Solyc06g082820.3,wgd,TE-like,Solyc09g018840.3,0.198883,1.4341,0.138682,3.05887e-19
3716,Solyc06g082825.1,wgd,gbM,Solyc09g018845.1,0.289348,1.87008,0.154725,6.60564e-15
3717,Solyc06g082840.3,wgd,TE-like,Solyc09g018955.1,0.153354,0.737816,0.207849,5.42721e-37
3718,Solyc06g082860.3,wgd,Unclassified,Solyc09g019980.3,0.243499,1.16943,0.20822,2.64746e-23
3719,Solyc06g082895.1,wgd,gbM,Solyc09g020010.2,0.109439,0.462247,0.236755,2.86783e-10
3720,Solyc06g083160.1,wgd,Unmethylated,Solyc06g007580.1,0.220186,1.31472,0.167477,1.09657e-22
3721,Solyc06g083270.3,wgd,Unclassified,Solyc06g007770.3,0.223363,1.75696,0.12713,3.49363e-16
3722,Solyc06g083300.3,wgd,TE-like,Solyc06g007780.3,0.17705,0.829868,0.213347,1.98705e-29
3723,Solyc06g083330.2,wgd,Unmethylated,Solyc06g007790.1,0.288608,0.822391,0.350937,2.07794e-06
3724,Solyc06g083420.2,wgd,TE-like,Solyc09g060080.3,0.195981,0.695852,0.281642,1.36669e-42
3725,Solyc06g083440.3,wgd,Unclassified,Solyc06g007930.3,0.0882886,1.90641,0.0463115,2.2565e-22
3726,Solyc06g083445.1,wgd,TE-like,Solyc06g007960.3,0.29419,2.08872,0.140847,3.49675e-22
3727,Solyc06g083460.3,wgd,gbM,Solyc09g061290.3,0.0653602,1.13734,0.0574678,1.75477e-52
3728,Solyc06g083500.3,wgd,TE-like,Solyc09g061330.2,0.228261,1.73482,0.131576,1.2509e-49
3729,Solyc06g083520.3,wgd,gbM,Solyc09g061430.3,0.0838071,0.874713,0.095811,8.14516e-65
3730,Solyc06g083530.3,wgd,Unclassified,Solyc09g061620.3,0.0427992,0.591264,0.0723859,1.84477e-25
3731,Solyc06g083540.3,wgd,TE-like,Solyc09g061710.3,0.179653,1.09527,0.164025,1.9596e-21
3732,Solyc06g083560.3,wgd,TE-like,Solyc09g061730.2,0.3137,2.42253,0.129493,2.68566e-17
3733,Solyc06g083580.3,wgd,Unclassified,Solyc09g061890.3,0.101491,1.26914,0.0799682,2.16403e-53
3734,Solyc06g083630.3,wgd,TE-like,Solyc09g063020.3,0.040233,0.661395,0.0608305,1.12363e-30
3735,Solyc06g083650.3,wgd,TE-like,Solyc09g063060.3,0.150501,2.10803,0.0713944,2.27488e-50
3736,Solyc06g083660.3,wgd,gbM,Solyc09g063090.3,0.202665,0.632256,0.320542,1.41459e-28
3737,Solyc06g083680.3,wgd,Unmethylated,Solyc09g063130.3,0.142182,0.682891,0.208206,6.36678e-08
3738,Solyc06g083700.3,wgd,TE-like,Solyc06g008050.3,0.0914524,2.81746,0.0324592,1.80134e-54
3739,Solyc06g083760.3,wgd,TE-like,Solyc06g008130.3,0.526891,5.2164,0.101007,3.65912e-24
3740,Solyc06g083780.3,wgd,Unmethylated,Solyc06g008170.3,NA,0.858981,1.17229e-12,NA
3741,Solyc06g083800.3,wgd,Unclassified,Solyc06g008240.3,0.242627,2.47289,0.0981148,3.18027e-23
3742,Solyc06g083820.3,wgd,gbM,Solyc09g066430.3,0.0408745,0.888005,0.0460296,8.42331e-20
3743,Solyc06g083830.3,wgd,TE-like,Solyc06g008320.3,0.0577933,0.630124,0.0917173,5.08776e-18
3744,Solyc06g083850.3,wgd,TE-like,Solyc06g008360.3,0.204928,2.15514,0.0950882,2.85003e-33
3745,Solyc06g083910.3,wgd,Unclassified,Solyc09g066310.3,0.421922,3.89444,0.108339,2.9815e-27
3746,Solyc06g083930.2,wgd,Unclassified,Solyc09g066260.3,0.120496,2.84472,0.0423577,0
3747,Solyc06g083933.1,wgd,Unclassified,Solyc09g066250.1,0.433475,2.99964,0.144509,1.38707e-11
3748,Solyc06g083960.2,wgd,gbM,Solyc09g064200.3,0.24365,4.90806,0.0496427,7.64203e-208
3749,Solyc06g084000.3,wgd,TE-like,Solyc09g066120.3,0.127313,1.28963,0.0987205,1.66461e-37
3750,Solyc06g084020.3,wgd,Unclassified,Solyc09g066100.3,0.230695,0.88435,0.260863,1.12515e-12
3751,Solyc06g084040.3,wgd,TE-like,Solyc06g008600.3,0.179258,0.564652,0.317467,6.30575e-14
3752,Solyc06g084045.1,wgd,Unmethylated,Solyc09g065910.2,0.17881,0.638326,0.280123,2.10079e-06
3753,Solyc06g084060.3,wgd,Unclassified,Solyc09g065880.3,0.134674,1.20937,0.111359,1.07472e-57
3754,Solyc06g084070.3,wgd,TE-like,Solyc09g065850.3,0.175012,1.43083,0.122315,2.01552e-14
3755,Solyc06g084090.3,wgd,Unclassified,Solyc09g065755.1,0.0168533,1.13414,0.01486,4.70103e-24
3756,Solyc06g084100.3,wgd,gbM,Solyc09g065650.3,0.396781,3.77891,0.104999,1.03425e-35
3757,Solyc06g084120.3,wgd,TE-like,Solyc09g065630.3,0.299195,1.00365,0.298108,5.00159e-10
3758,Solyc06g084130.3,wgd,Unmethylated,Solyc09g065610.2,0.0822789,1.40666,0.0584923,4.14961e-14
3759,Solyc06g084140.3,wgd,Unclassified,Solyc09g065560.3,0.106681,1.39732,0.0763464,1.81475e-60
3760,Solyc06g084170.3,wgd,Unmethylated,Solyc09g065445.1,0.189283,0.873634,0.216661,2.67451e-06
3761,Solyc06g084190.3,wgd,TE-like,Solyc09g065410.3,0.238189,2.07859,0.114592,4.37407e-12
3762,Solyc06g084200.2,wgd,TE-like,Solyc09g065380.2,0.26297,1.15803,0.227084,4.78024e-11
3763,Solyc06g084220.1,wgd,Unmethylated,Solyc09g065370.2,0.147355,1.56784,0.093986,1.00528e-18
3764,Solyc06g084230.3,wgd,gbM,Solyc09g065330.3,0.00327064,0.880806,0.00371323,9.67939e-31
3765,Solyc06g084240.2,wgd,Unclassified,Solyc09g065230.1,0.134098,0.641384,0.209075,0.00041279
3766,Solyc06g084250.3,wgd,TE-like,Solyc09g065210.3,0.0619051,0.964357,0.0641932,1.32988e-92
3767,Solyc06g084280.1,wgd,Unclassified,Solyc09g065140.1,0.456274,3.37862,0.135047,6.70239e-15
3768,Solyc06g084290.3,wgd,gbM,Solyc09g065030.3,0.169278,0.850042,0.199141,8.80058e-29
3769,Solyc06g084320.1,wgd,Unmethylated,Solyc09g064820.1,0.208373,1.59204,0.130884,6.46418e-32
3770,Solyc06g084330.3,wgd,gbM,Solyc09g064810.3,0.127571,0.569949,0.223829,6.86043e-38
3771,Solyc07g005040.3,wgd,TE-like,Solyc12g010360.2,0.0635814,1.06782,0.059543,3.80154e-52
3772,Solyc07g005050.3,wgd,Unclassified,Solyc12g010350.2,NA,2.38431,3.97701e-12,NA
3773,Solyc07g005140.3,wgd,gbM,Solyc12g010330.2,0.153096,1.25829,0.12167,1.76743e-54
3774,Solyc07g005210.3,wgd,NA,Solyc12g010320.2,0.0822592,1.29317,0.0636104,5.92471e-33
3775,Solyc07g005360.3,wgd,TE-like,Solyc12g010200.2,0.170745,0.775015,0.220312,4.78138e-31
3776,Solyc07g005400.3,wgd,Unmethylated,Solyc12g010170.2,0.119013,1.23086,0.0966908,2.26552e-42
3777,Solyc07g005410.3,wgd,Unmethylated,Solyc12g010150.2,0.140403,0.56552,0.248272,1.86362e-05
3778,Solyc07g005440.1,wgd,Unclassified,Solyc12g010130.1,0.104579,3.14594,0.0332427,1.71278e-93
3779,Solyc07g005470.3,wgd,Unclassified,Solyc12g010120.2,0.376434,1.03079,0.365189,4.59285e-14
3780,Solyc07g005480.3,wgd,TE-like,Solyc12g010110.2,0.274642,0.848405,0.323715,7.08043e-26
3781,Solyc07g005520.1,wgd,TE-like,Solyc12g010073.1,0.189702,3.46373,0.0547682,2.49059e-09
3782,Solyc07g005560.3,wgd,TE-like,Solyc12g010060.2,0.0344419,1.35659,0.0253886,7.4751e-32
3783,Solyc07g005590.3,wgd,TE-like,Solyc12g010010.2,0.0561118,0.836994,0.0670397,2.27725e-93
3784,Solyc07g005690.3,wgd,gbM,Solyc12g009970.2,0.332381,0.644076,0.516058,0.000149003
3785,Solyc07g005780.2,wgd,TE-like,Solyc12g009960.2,0.304829,1.18676,0.256857,2.6521e-19
3786,Solyc07g005910.3,wgd,TE-like,Solyc12g009900.2,0.371134,1.58927,0.233524,3.768e-12
3787,Solyc07g005940.3,wgd,TE-like,Solyc12g009890.2,0.126367,0.772964,0.163484,1.06155e-32
3788,Solyc07g006020.3,wgd,Unclassified,Solyc12g010480.2,0.193951,1.51027,0.128422,1.05595e-27
3789,Solyc07g006100.3,wgd,gbM,Solyc12g010510.2,0.208521,1.40408,0.14851,9.8436e-42
3790,Solyc07g006130.2,wgd,gbM,Solyc12g010520.2,0.0274648,1.85476,0.0148077,1.02656e-94
3791,Solyc07g006220.2,wgd,Unmethylated,Solyc12g010540.1,0.0874875,2.01017,0.0435225,1.60025e-69
3792,Solyc07g006280.3,wgd,Unclassified,Solyc12g010570.1,0.148787,1.55994,0.0953802,8.18144e-39
3793,Solyc07g006300.3,wgd,TE-like,Solyc12g010580.1,0.144083,2.28618,0.0630237,6.13152e-39
3794,Solyc07g007030.1,wgd,TE-like,Solyc12g010390.2,0.0369068,1.14047,0.0323611,1.93879e-106
3795,Solyc07g007050.1,wgd,Unmethylated,Solyc12g010400.2,0.238013,2.23957,0.106276,1.65865e-17
3796,Solyc07g007120.3,wgd,TE-like,Solyc12g010410.2,0.129475,1.52406,0.0849541,6.1038e-50
3797,Solyc07g007150.1,wgd,Unmethylated,Solyc12g010430.1,0.215535,1.41307,0.152529,3.34411e-15
3798,Solyc07g007220.3,wgd,gbM,Solyc12g010450.2,0.0497321,1.16522,0.0426804,1.59446e-29
3799,Solyc07g007320.2,wgd,TE-like,Solyc12g010470.2,0.100056,0.780104,0.12826,6.74338e-25
3800,Solyc07g007330.1,wgd,Unmethylated,Solyc12g009880.1,0.249739,1.11366,0.22425,7.4363e-13
3801,Solyc07g007400.3,wgd,TE-like,Solyc12g009870.2,0.20312,1.8633,0.109011,3.74744e-13
3802,Solyc07g007500.3,wgd,TE-like,Solyc12g009860.2,0.265384,0.363159,0.730765,0.407329
3803,Solyc07g007600.3,wgd,gbM,Solyc12g009840.2,0.0360359,0.82776,0.0435342,1.69104e-113
3804,Solyc07g007610.2,wgd,TE-like,Solyc12g009830.2,0.304286,0.77187,0.39422,2.81906e-06
3805,Solyc07g007620.3,wgd,TE-like,Solyc12g009820.2,0.0681326,0.861711,0.0790667,4.04371e-57
3806,Solyc07g007670.3,wgd,TE-like,Solyc12g009800.2,0.121702,1.63872,0.0742667,2.19353e-53
3807,Solyc07g007680.3,wgd,TE-like,Solyc12g009790.2,0.0776556,0.552038,0.140671,9.08311e-40
3808,Solyc07g007800.3,wgd,TE-like,Solyc12g009680.2,0.14359,1.16417,0.123342,1.33169e-31
3809,Solyc07g007860.1,wgd,Unmethylated,Solyc12g009650.2,0.148586,3.30623,0.0449413,2.92896e-28
3810,Solyc07g007950.1,wgd,NA,NA,NA,NA,NA,NA
3811,Solyc07g007960.3,wgd,TE-like,Solyc12g009620.2,0.160782,1.57384,0.102159,1.55145e-23
3812,Solyc07g008000.3,wgd,TE-like,Solyc12g009610.2,0.0959153,0.738811,0.129824,1.64811e-57
3813,Solyc07g008040.3,wgd,gbM,Solyc03g116750.3,0.152054,4.98517,0.0305012,9.8862e-233
3814,Solyc07g008103.1,wgd,TE-like,Solyc03g116690.3,0.410661,2.36823,0.173404,8.25314e-13
3815,Solyc07g008170.2,wgd,gbM,Solyc03g116680.3,0.644272,2.22552,0.289493,2.69493e-14
3816,Solyc07g008180.3,wgd,Unclassified,Solyc12g009580.2,0.186737,1.74058,0.107284,7.62687e-11
3817,Solyc07g008210.3,wgd,Unclassified,Solyc03g116670.3,0.582183,3.99357,0.14578,4.2169e-22
3818,Solyc07g008250.3,wgd,TE-like,Solyc12g009560.2,0.14679,1.43316,0.102424,1.74996e-54
3819,Solyc07g008260.3,wgd,TE-like,Solyc03g116640.3,0.353196,3.1212,0.11316,6.15771e-17
3820,Solyc07g008280.3,wgd,TE-like,Solyc03g116630.3,0.384307,3.26136,0.117836,3.17303e-23
3821,Solyc07g009380.3,wgd,TE-like,Solyc05g046290.3,0.15332,1.10055,0.139312,5.16261e-24
3822,Solyc07g009430.1,wgd,TE-like,Solyc05g046295.1,0.620196,4.04808,0.153207,1.49589e-20
3823,Solyc07g009490.3,wgd,TE-like,Solyc05g046300.3,0.101958,0.807176,0.126314,7.3333e-37
3824,Solyc07g014620.1,wgd,Unmethylated,Solyc05g046320.1,0.158563,3.44014,0.046092,1.64018e-36
3825,Solyc07g014700.3,wgd,gbM,Solyc05g046330.3,0.097752,0.605571,0.161421,6.23384e-34
3826,Solyc07g015970.2,wgd,Unmethylated,Solyc05g047390.1,0.105086,2.98982,0.0351479,9.66706e-23
3827,Solyc07g016180.3,wgd,gbM,Solyc05g047460.3,0.109095,0.721779,0.151147,6.69911e-86
3828,Solyc07g017230.3,wgd,TE-like,Solyc05g047570.2,0.282717,4.43492,0.063748,2.86008e-79
3829,Solyc07g021110.1,wgd,TE-like,Solyc12g062470.2,0.450739,1.43459,0.314194,6.86069e-06
3830,Solyc07g021120.2,wgd,TE-like,Solyc12g062480.2,0.0068399,0.0135164,0.506045,0.098253
3831,Solyc07g021140.1,wgd,TE-like,Solyc12g062490.1,0.0978829,0.110217,0.888091,0.64862
3832,Solyc07g021180.2,wgd,gbM,Solyc12g062530.2,0.0800156,0.049101,1.62961,0.345549
3833,Solyc07g021200.1,wgd,TE-like,Solyc12g062550.1,0.148767,0.239418,0.621368,0.271224
3834,Solyc07g021220.2,wgd,TE-like,Solyc12g062580.1,0.105589,0.0966294,1.09272,0.687331
3835,Solyc07g021230.1,wgd,TE-like,Solyc12g062590.1,0.0519142,0.0241334,2.15113,0.372798
3836,Solyc07g021240.1,wgd,TE-like,Solyc12g062600.1,0.0300565,0.0539614,0.557,0.308053
3837,Solyc07g021250.1,wgd,TE-like,Solyc12g062610.1,0.118574,0.06741,1.759,0.528257
3838,Solyc07g021280.1,wgd,TE-like,Solyc12g062595.1,0.0552654,0.0492744,1.12158,0.977413
3839,Solyc07g021290.1,wgd,TE-like,Solyc12g062650.1,0.0487448,0.249329,0.195504,0.0111684
3840,Solyc07g021330.2,wgd,TE-like,Solyc12g062670.2,0.148951,0.267701,0.556407,0.105813
3841,Solyc07g021335.1,wgd,TE-like,Solyc12g062680.2,0.281522,0.688549,0.408863,0.00393264
3842,Solyc07g021340.3,wgd,TE-like,Solyc12g062690.2,0.116946,0.0377397,3.09875,0.276184
3843,Solyc07g021350.1,wgd,TE-like,Solyc12g062700.1,0.280959,1.73669,0.161778,1.17228e-07
3844,Solyc07g021400.1,wgd,TE-like,Solyc12g062710.1,0.121856,0.228266,0.533833,0.0919141
3845,Solyc07g021450.2,wgd,TE-like,Solyc12g062720.2,0.0534833,0.0588771,0.90839,0.779318
3846,Solyc07g021460.2,wgd,TE-like,Solyc12g062730.2,0.101497,0.121362,0.836313,0.628618
3847,Solyc07g032640.2,wgd,Unmethylated,Solyc02g065400.3,0.0451401,0.66056,0.0683361,8.30538e-37
3848,Solyc07g038160.3,wgd,Unmethylated,Solyc12g008830.2,0.308037,2.6206,0.117544,2.73952e-13
3849,Solyc07g039310.1,wgd,Unmethylated,Solyc12g008850.2,0.248733,1.54107,0.161402,2.91133e-45
3850,Solyc07g039450.3,wgd,gbM,Solyc12g008910.2,0.064191,0.816748,0.0785934,4.65309e-24
3851,Solyc07g039510.3,wgd,TE-like,Solyc08g063070.3,0.286302,3.89201,0.0735614,7.93832e-38
3852,Solyc07g039570.3,wgd,Unclassified,Solyc12g008930.2,0.336918,1.02128,0.329898,7.04568e-08
3853,Solyc07g040680.3,wgd,Unmethylated,Solyc08g062960.3,0.483807,3.96635,0.121978,1.82544e-42
3854,Solyc07g040710.3,wgd,TE-like,Solyc08g062930.2,0.336577,1.90702,0.176494,2.06443e-20
3855,Solyc07g040720.3,wgd,TE-like,Solyc03g121820.3,0.129323,4.27243,0.0302691,2.27941e-110
3856,Solyc07g040730.1,wgd,Unmethylated,Solyc08g062810.1,0.323944,3.06089,0.105833,2.70596e-15
3857,Solyc07g040740.3,wgd,TE-like,Solyc12g008970.2,0.162936,1.03391,0.157593,3.01002e-27
3858,Solyc07g040750.2,wgd,gbM,Solyc06g062800.3,0.0713411,3.09883,0.0230219,1.45368e-114
3859,Solyc07g040920.2,wgd,TE-like,Solyc03g121840.3,0.472044,3.68528,0.128089,2.12126e-17
3860,Solyc07g040940.3,wgd,gbM,Solyc12g008990.2,0.1723,0.675746,0.254978,2.05997e-28
3861,Solyc07g040960.1,wgd,Unmethylated,Solyc12g009000.1,0.175026,4.20701,0.0416035,1.0794e-84
3862,Solyc07g040990.3,wgd,gbM,Solyc08g062640.3,0.216965,3.33744,0.0650095,4.77975e-34
3863,Solyc07g041010.3,wgd,gbM,Solyc06g062830.3,0.320652,1.34603,0.23822,1.64304e-08
3864,Solyc07g041070.3,wgd,Unmethylated,Solyc03g121890.1,0.598323,3.4366,0.174103,1.58824e-33
3865,Solyc07g041080.3,wgd,Unclassified,Solyc12g009030.2,0.0852115,1.09673,0.0776962,2.61155e-33
3866,Solyc07g041180.3,wgd,gbM,Solyc08g062500.3,0.496432,3.01551,0.164626,4.39578e-72
3867,Solyc07g041190.3,wgd,gbM,Solyc06g062850.3,0.122289,1.50819,0.0810831,1.31658e-43
3868,Solyc07g041210.3,wgd,gbM,Solyc03g121960.3,0.16204,2.1258,0.0762252,5.06714e-110
3869,Solyc07g041230.3,wgd,Unclassified,Solyc06g062880.2,0.240624,2.23094,0.107857,3.19164e-52
3870,Solyc07g041280.3,wgd,TE-like,Solyc08g062190.3,0.116842,3.9959,0.0292405,1.04108e-80
3871,Solyc07g041290.2,wgd,Unmethylated,Solyc03g121970.1,0.40329,3.6835,0.109486,1.18285e-40
3872,Solyc07g041300.2,wgd,Unclassified,Solyc08g061970.3,0.240251,1.46426,0.164077,1.47539e-31
3873,Solyc07g041310.3,wgd,Unclassified,Solyc08g061960.3,0.0445516,2.5225,0.0176617,2.48189e-64
3874,Solyc07g041780.3,wgd,TE-like,Solyc12g009080.2,0.107629,0.969268,0.111042,6.27395e-15
3875,Solyc07g041890.1,wgd,TE-like,Solyc12g009100.2,0.471779,1.58742,0.2972,6.40434e-12
3876,Solyc07g042020.3,wgd,gbM,Solyc12g009150.2,0.149682,1.13531,0.131843,1.55591e-35
3877,Solyc07g042080.3,wgd,TE-like,Solyc12g009160.2,0.1783,0.939792,0.189723,8.95916e-47
3878,Solyc07g042160.3,wgd,gbM,Solyc12g009210.2,0.109286,0.634795,0.17216,1.70786e-33
3879,Solyc07g042170.3,wgd,Unmethylated,Solyc12g009220.2,0.239074,2.40812,0.0992784,1.10633e-28
3880,Solyc07g042180.3,wgd,TE-like,Solyc12g009230.2,0.111701,0.674145,0.165693,1.94905e-29
3881,Solyc07g042230.1,wgd,TE-like,Solyc12g009240.1,0.496756,3.39814,0.146185,5.1922e-21
3882,Solyc07g042250.3,wgd,Unclassified,Solyc12g009245.1,0.0951924,0.869127,0.109527,1.62988e-09
3883,Solyc07g042313.1,wgd,TE-like,Solyc12g009260.2,0.198751,1.46506,0.135661,9.47584e-14
3884,Solyc07g042390.2,wgd,Unmethylated,Solyc12g009270.1,0.275443,3.5739,0.0770707,8.18063e-26
3885,Solyc07g042470.3,wgd,Unclassified,Solyc12g009280.2,0.19676,3.30418,0.0595486,2.24183e-32
3886,Solyc07g042520.3,wgd,gbM,Solyc12g009300.3,0.177915,4.74716,0.0374782,2.40234e-152
3887,Solyc07g042590.3,wgd,gbM,Solyc12g009310.2,0.0884575,0.822727,0.107517,1.72645e-20
3888,Solyc07g042680.3,wgd,TE-like,Solyc12g009340.2,0.0875686,0.745576,0.117451,3.15989e-40
3889,Solyc07g042920.2,wgd,TE-like,Solyc12g009400.2,0.0637911,0.725569,0.0879188,5.7877e-13
3890,Solyc07g043310.3,wgd,gbM,Solyc12g006450.2,0.103562,1.06058,0.0976463,3.90255e-58
3891,Solyc07g043530.2,wgd,TE-like,Solyc12g006420.2,0.295129,1.05823,0.278889,9.54956e-08
3892,Solyc07g043550.3,wgd,gbM,Solyc12g006410.2,0.0555126,0.846263,0.0655974,7.20727e-53
3893,Solyc07g043590.3,wgd,TE-like,Solyc12g006370.3,0.0682656,0.628695,0.108583,2.58075e-45
3894,Solyc07g043620.3,wgd,TE-like,Solyc12g006340.2,0.0561771,1.05344,0.0533274,1.95993e-31
3895,Solyc07g043670.1,wgd,Unclassified,Solyc12g006330.1,0.465715,3.14109,0.148266,1.12488e-30
3896,Solyc07g044760.3,wgd,TE-like,Solyc12g006320.2,0.145399,1.25205,0.116129,2.38173e-54
3897,Solyc07g044810.3,wgd,TE-like,Solyc12g006310.2,0.0732005,0.777717,0.0941223,3.8922e-29
3898,Solyc07g044850.3,wgd,TE-like,Solyc12g006300.2,0.169467,0.730346,0.232037,5.11103e-12
3899,Solyc07g044880.3,wgd,TE-like,Solyc12g006290.2,0.195708,0.536676,0.364666,3.09408e-07
3900,Solyc07g045000.3,wgd,TE-like,Solyc12g006280.2,0.232143,0.978945,0.237136,1.68387e-06
3901,Solyc07g045010.3,wgd,Unclassified,Solyc12g006270.2,0.261171,0.862415,0.302836,3.37732e-17
3902,Solyc07g045180.3,wgd,TE-like,Solyc12g006240.2,0.180608,0.903265,0.199951,2.15251e-14
3903,Solyc07g045190.2,wgd,gbM,Solyc12g006230.2,0.103694,0.533202,0.194475,3.07844e-10
3904,Solyc07g045200.1,wgd,Unclassified,Solyc12g006225.1,0.175686,0.808025,0.217427,3.63662e-05
3905,Solyc07g045210.1,wgd,TE-like,Solyc12g006220.2,0.0932481,0.996888,0.0935391,1.21577e-64
3906,Solyc07g045320.3,wgd,gbM,Solyc12g006060.2,0.306257,1.13109,0.270762,1.2596e-15
3907,Solyc07g045340.3,wgd,TE-like,Solyc12g006080.2,0.140626,0.8802,0.159767,7.48289e-07
3908,Solyc07g045440.1,wgd,Unclassified,Solyc12g006110.2,0.205995,4.05955,0.0507434,1.30917e-71
3909,Solyc07g047640.2,wgd,Unclassified,Solyc12g006130.2,0.639753,3.75793,0.170241,2.03534e-34
3910,Solyc07g047850.3,wgd,TE-like,Solyc12g006140.2,0.00987086,0.839145,0.011763,1.73066e-44
3911,Solyc07g047880.3,wgd,Unclassified,Solyc12g006160.2,0.0479034,0.438437,0.109259,4.80661e-11
3912,Solyc07g047960.3,wgd,gbM,Solyc12g006170.2,0.268197,0.584994,0.458461,1.09825e-07
3913,Solyc07g048030.3,wgd,TE-like,Solyc12g006180.2,0.0901704,0.526902,0.171133,6.92339e-21
3914,Solyc07g048110.3,wgd,TE-like,Solyc02g081030.3,0.17227,2.30265,0.0748138,1.86758e-133
3915,Solyc07g049180.3,wgd,gbM,Solyc02g081040.3,0.279371,4.46371,0.0625872,8.26379e-103
3916,Solyc07g049210.3,wgd,TE-like,Solyc02g081130.2,0.268919,3.70046,0.0726719,3.09077e-38
3917,Solyc07g049260.3,wgd,Unclassified,Solyc02g081140.3,0.26392,4.04336,0.0652725,4.40284e-56
3918,Solyc07g049280.3,wgd,gbM,Solyc02g081160.3,0.11277,4.88226,0.0230979,8.83338e-127
3919,Solyc07g049290.3,wgd,gbM,Solyc12g006050.2,0.102968,1.51454,0.0679865,3.68836e-78
3920,Solyc07g049360.3,wgd,gbM,Solyc12g006010.2,0.0460236,0.320945,0.1434,3.33051e-06
3921,Solyc07g049380.1,wgd,gbM,Solyc12g006000.1,0.203567,1.38356,0.147132,2.93314e-71
3922,Solyc07g049400.1,wgd,Unmethylated,Solyc02g081180.2,0.35003,1.75207,0.199781,2.82213e-14
3923,Solyc07g049410.3,wgd,Unclassified,Solyc12g005990.2,0.160511,0.922896,0.173921,1.75318e-16
3924,Solyc07g049490.2,wgd,TE-like,Solyc12g005960.2,0.240484,1.74489,0.137822,2.90908e-21
3925,Solyc07g049530.3,wgd,Unclassified,Solyc02g081190.3,0.129507,1.52452,0.0849493,1.70613e-53
3926,Solyc07g049580.3,wgd,TE-like,Solyc12g005930.2,0.0698261,0.550286,0.12689,1.86928e-31
3927,Solyc07g049600.3,wgd,TE-like,Solyc12g005920.2,0.0875522,1.0125,0.0864712,5.14098e-77
3928,Solyc07g052300.3,wgd,TE-like,Solyc12g005890.2,0.281636,1.39593,0.201755,2.3969e-32
3929,Solyc07g052320.3,wgd,gbM,Solyc12g005880.2,0.0846753,1.32481,0.0639152,1.47835e-44
3930,Solyc07g052350.3,wgd,TE-like,Solyc12g005860.2,0.0567564,0.653282,0.0868788,1.42404e-101
3931,Solyc07g052380.3,wgd,Unclassified,Solyc12g005850.2,0.10482,1.23316,0.0850005,1.40872e-57
3932,Solyc07g052410.3,wgd,Unclassified,Solyc12g005840.2,0.269019,1.00668,0.267234,7.50748e-08
3933,Solyc07g052450.2,wgd,Unclassified,Solyc07g064270.3,0.470733,3.65729,0.128711,3.55444e-24
3934,Solyc07g052453.1,wgd,gbM,Solyc12g005820.2,0.357906,1.44737,0.24728,3.34274e-07
3935,Solyc07g052500.1,wgd,gbM,Solyc07g064130.2,0.955756,3.78627,0.252426,1.49389e-14
3936,Solyc07g052560.2,wgd,Unclassified,Solyc12g005780.2,0.395423,0.946639,0.417712,0.00128094
3937,Solyc07g052600.3,wgd,TE-like,Solyc12g005760.2,0.100942,0.622503,0.162156,3.45474e-21
3938,Solyc07g052620.1,wgd,Unclassified,Solyc12g005750.1,0.359155,3.11228,0.115399,6.12119e-14
3939,Solyc07g052630.2,wgd,TE-like,Solyc12g005730.2,0.368795,3.74324,0.0985229,7.77691e-49
3940,Solyc07g052660.1,wgd,Unclassified,Solyc12g005710.2,0.331535,1.62834,0.203603,2.6716e-14
3941,Solyc07g052670.3,wgd,gbM,Solyc10g006510.3,0.313266,3.76921,0.0831118,7.81062e-30
3942,Solyc07g052855.1,wgd,TE-like,Solyc10g006540.3,0.636788,3.43875,0.18518,2.77356e-15
3943,Solyc07g052880.3,wgd,TE-like,Solyc07g064010.3,0.25895,2.97694,0.0869854,1.86817e-14
3944,Solyc07g052910.3,wgd,Unclassified,Solyc02g079940.3,0.356804,2.29438,0.155512,4.98993e-17
3945,Solyc07g052970.3,wgd,gbM,Solyc02g079860.1,0.473959,2.21569,0.213911,2.21018e-29
3946,Solyc07g053030.3,wgd,TE-like,Solyc10g006610.3,0.193793,4.55113,0.0425814,1.16011e-123
3947,Solyc07g053050.1,wgd,Unmethylated,Solyc02g079720.1,0.241889,2.88271,0.0839103,0
3948,Solyc07g053080.3,wgd,TE-like,Solyc07g063750.3,0.444155,1.88247,0.235942,5.35065e-10
3949,Solyc07g053100.3,wgd,Unclassified,Solyc07g063710.2,0.522347,4.63643,0.112661,5.66114e-81
3950,Solyc07g053130.3,wgd,Unclassified,Solyc02g079590.3,0.50549,4.62165,0.109375,5.60122e-94
3951,Solyc07g053140.3,wgd,Unmethylated,Solyc10g006755.1,0.649999,3.58202,0.181462,3.00816e-26
3952,Solyc07g053200.3,wgd,Unclassified,Solyc10g006760.3,0.331349,1.55954,0.212466,1.08051e-18
3953,Solyc07g053290.3,wgd,gbM,Solyc02g076920.3,0.426598,3.79979,0.112269,1.33346e-22
3954,Solyc07g053350.3,wgd,Unclassified,Solyc10g008030.3,0.150612,2.19128,0.0687325,1.29218e-37
3955,Solyc07g053360.3,wgd,Unclassified,Solyc10g008040.3,0.508202,1.79094,0.283763,3.53121e-14
3956,Solyc07g053380.2,wgd,gbM,Solyc02g079260.2,0.707695,4.53373,0.156095,1.22566e-55
3957,Solyc07g053410.3,wgd,Unclassified,Solyc02g077250.2,0.499127,3.66432,0.136213,0
3958,Solyc07g053420.3,wgd,TE-like,Solyc10g008080.2,0.247842,1.65919,0.149376,1.6907e-14
3959,Solyc07g053460.3,wgd,TE-like,Solyc03g006200.2,0.415017,3.84613,0.107905,1.50199e-45
3960,Solyc07g053480.3,wgd,Unclassified,Solyc03g006270.3,0.0791984,3.73087,0.0212279,2.51542e-77
3961,Solyc07g053490.3,wgd,TE-like,Solyc02g077470.3,0.235137,1.95218,0.120448,1.77387e-23
3962,Solyc07g053550.2,wgd,Unclassified,Solyc10g008150.1,0.196269,1.53505,0.127858,2.51613e-11
3963,Solyc07g053590.3,wgd,TE-like,Solyc02g077610.3,0.235452,3.61638,0.0651071,0
3964,Solyc07g053600.3,wgd,TE-like,Solyc02g077630.3,0.295573,4.83461,0.0611369,1.63019e-195
3965,Solyc07g053610.3,wgd,TE-like,Solyc02g077660.3,0.445714,5.21342,0.0854935,2.60993e-169
3966,Solyc07g053620.3,wgd,TE-like,Solyc02g077670.3,0.142604,3.56,0.0400573,1.47728e-45
3967,Solyc07g053630.3,wgd,gbM,Solyc10g008160.3,0.179023,1.12775,0.158743,5.20872e-17
3968,Solyc07g053650.3,wgd,TE-like,Solyc10g008170.3,0.124577,1.02641,0.121372,1.14087e-20
3969,Solyc07g053670.3,wgd,Unmethylated,Solyc03g006310.3,0.41161,1.5352,0.268115,2.5852e-07
3970,Solyc07g053690.3,wgd,Unclassified,Solyc10g008190.3,0.0987411,0.780537,0.126504,4.08283e-16
3971,Solyc07g053710.3,wgd,gbM,Solyc10g007110.3,0.371779,3.70144,0.100442,1.53611e-42
3972,Solyc07g053740.1,wgd,Unclassified,Solyc02g077810.1,0.64623,3.59334,0.179841,2.61805e-12
3973,Solyc07g053780.3,wgd,Unclassified,Solyc10g008205.1,0.502033,2.03559,0.246627,1.08895e-06
3974,Solyc07g053790.2,wgd,gbM,Solyc10g008210.3,0.170234,0.950924,0.179019,6.60884e-56
3975,Solyc07g053800.3,wgd,gbM,Solyc02g077890.3,0.59654,1.8826,0.316871,7.72303e-19
3976,Solyc07g053810.3,wgd,TE-like,Solyc02g077920.3,0.599778,3.11694,0.192425,0
3977,Solyc07g053880.2,wgd,TE-like,Solyc10g007070.3,0.388175,3.36042,0.115514,9.0439e-23
3978,Solyc07g053900.2,wgd,TE-like,Solyc03g006410.3,0.348063,3.8342,0.0907786,1.61636e-42
3979,Solyc07g053910.3,wgd,TE-like,Solyc10g008280.3,0.145125,0.57344,0.253077,5.82459e-25
3980,Solyc07g053920.3,wgd,gbM,Solyc10g008300.3,0.0870734,1.46151,0.0595779,7.55634e-61
3981,Solyc07g053930.1,wgd,Unmethylated,Solyc10g008310.1,0.217852,1.11634,0.195149,1.63259e-12
3982,Solyc07g053940.1,wgd,Unmethylated,Solyc10g007030.2,0.185307,2.07818,0.0891679,1.14745e-20
3983,Solyc07g053950.1,wgd,Unmethylated,Solyc10g008320.1,0.30775,2.06275,0.149194,9.695e-21
3984,Solyc07g053960.3,wgd,gbM,Solyc02g078210.3,0.569201,4.19689,0.135625,1.56413e-46
3985,Solyc07g053980.3,wgd,TE-like,Solyc02g078230.2,0.185375,5.28603,0.0350688,0
3986,Solyc07g053990.3,wgd,gbM,Solyc10g008340.3,0.101204,0.612667,0.165186,2.2804e-37
3987,Solyc07g054080.2,wgd,gbM,Solyc02g078320.2,0.383816,3.72055,0.103161,9.11065e-36
3988,Solyc07g054090.3,wgd,gbM,Solyc02g078330.3,0.639084,3.27032,0.195419,6.5822e-23
3989,Solyc07g054160.3,wgd,gbM,Solyc02g078450.3,0.512902,3.7619,0.136341,2.91841e-17
3990,Solyc07g054170.3,wgd,Unclassified,Solyc10g008440.3,0.171903,2.21955,0.0774495,1.18051e-34
3991,Solyc07g054180.3,wgd,Unclassified,Solyc02g078540.3,0.386667,4.01148,0.09639,8.54093e-36
3992,Solyc07g054210.3,wgd,gbM,Solyc10g006900.3,0.146311,4.20204,0.0348191,5.61778e-89
3993,Solyc07g054270.3,wgd,Unclassified,Solyc10g008480.3,0.0710385,1.65647,0.0428855,3.13881e-50
3994,Solyc07g054300.3,wgd,gbM,Solyc10g008490.3,0.0882008,0.722634,0.122055,3.7573e-46
3995,Solyc07g054490.3,wgd,gbM,Solyc10g008550.3,0.218503,0.758972,0.287893,5.93245e-12
3996,Solyc07g054540.3,wgd,Unclassified,Solyc08g068440.3,0.00788813,0.0464083,0.169972,0.00459391
3997,Solyc07g054550.1,wgd,Unmethylated,Solyc08g068450.1,0.0471118,0.119182,0.395293,0.0624127
3998,Solyc07g054560.1,wgd,Unmethylated,Solyc08g068460.1,0.0557268,0.0859478,0.648379,0.167964
3999,Solyc07g054570.1,wgd,TE-like,Solyc08g068470.1,0.013912,0.0503501,0.276306,0.0102691
4000,Solyc07g054580.3,wgd,TE-like,Solyc08g068480.1,NA,0.0397982,0,NA
4001,Solyc07g054590.1,wgd,gbM,Solyc08g068500.2,0.0269414,0.0587239,0.458781,0.0465535
4002,Solyc07g054600.3,wgd,TE-like,Solyc08g068510.2,0.0195253,0.0334013,0.584565,0.201599
4003,Solyc07g054630.3,wgd,gbM,Solyc08g068540.3,0.0268485,0.0321362,0.835461,0.668358
4004,Solyc07g054640.1,wgd,TE-like,Solyc10g008630.3,0.10521,0.851335,0.123582,2.24203e-49
4005,Solyc07g054830.3,wgd,TE-like,Solyc10g008640.3,0.106108,0.869503,0.122033,3.77686e-39
4006,Solyc07g054840.3,wgd,TE-like,Solyc10g008700.2,0.194914,2.22316,0.0876744,6.7711e-13
4007,Solyc07g055200.3,wgd,gbM,Solyc02g072300.3,0.0640493,4.04387,0.0158386,1.01512e-108
4008,Solyc07g055215.1,wgd,TE-like,Solyc02g072270.3,0.488478,3.44563,0.141767,1.06908e-14
4009,Solyc07g055270.1,wgd,Unmethylated,Solyc02g072210.1,0.485637,3.52067,0.137939,4.40075e-15
4010,Solyc07g055280.3,wgd,Unmethylated,Solyc02g072190.3,0.376564,1.83243,0.205501,8.26066e-22
4011,Solyc07g055290.3,wgd,gbM,Solyc02g072180.3,0.117049,2.26284,0.0517265,1.11982e-47
4012,Solyc07g055300.3,wgd,TE-like,Solyc02g072150.3,0.149091,4.69184,0.0317767,6.72306e-226
4013,Solyc07g055383.1,wgd,TE-like,Solyc02g072070.3,0.575203,3.69033,0.155868,1.74249e-16
4014,Solyc07g055695.1,wgd,TE-like,Solyc12g010990.2,0.110698,0.552689,0.200289,4.44556e-08
4015,Solyc07g055840.3,wgd,gbM,Solyc12g011000.2,0.0694515,1.03805,0.0669058,1.92926e-70
4016,Solyc07g055950.3,wgd,Unclassified,Solyc12g011010.2,0.165786,0.785394,0.211087,5.0576e-16
4017,Solyc07g055980.3,wgd,Unclassified,Solyc12g011020.2,0.177966,1.19845,0.148496,1.01703e-32
4018,Solyc07g055990.3,wgd,TE-like,Solyc12g011030.2,0.114613,2.02723,0.0565368,4.21973e-43
4019,Solyc07g056040.3,wgd,Unclassified,Solyc10g007660.3,0.133792,1.6817,0.0795574,4.8493e-27
4020,Solyc07g056110.3,wgd,gbM,Solyc12g011070.2,0.120837,0.957795,0.126161,4.07685e-30
4021,Solyc07g056140.3,wgd,TE-like,Solyc12g011120.2,0.086302,0.961632,0.0897454,8.95315e-60
4022,Solyc07g056150.3,wgd,TE-like,Solyc12g011130.2,0.00890966,0.471507,0.0188962,2.93164e-30
4023,Solyc07g056170.3,wgd,TE-like,Solyc12g011140.2,0.193506,1.09672,0.17644,1.95912e-58
4024,Solyc07g056250.3,wgd,gbM,Solyc10g007710.3,0.109877,2.55512,0.0430028,1.63344e-50
4025,Solyc07g056280.3,wgd,Unmethylated,Solyc12g011200.2,0.247083,1.82417,0.135449,5.90512e-12
4026,Solyc07g056330.3,wgd,gbM,Solyc10g007760.3,0.0558986,1.39857,0.0399684,2.73064e-44
4027,Solyc07g056340.3,wgd,TE-like,Solyc10g007770.3,0.121123,0.622702,0.194511,2.87722e-47
4028,Solyc07g056370.3,wgd,Unmethylated,Solyc10g007780.2,0.259807,1.11517,0.232976,2.7629e-16
4029,Solyc07g056420.4,wgd,Unmethylated,Solyc10g007640.3,0.190989,1.13592,0.168137,6.02602e-24
4030,Solyc07g056440.3,wgd,Unmethylated,Solyc12g011310.2,0.214243,1.56918,0.136532,5.41488e-25
4031,Solyc07g056460.3,wgd,Unclassified,Solyc10g007620.2,0.285156,2.28768,0.124648,5.48835e-26
4032,Solyc07g056530.3,wgd,TE-like,Solyc10g007610.3,0.0575527,0.816281,0.070506,8.70656e-37
4033,Solyc07g056540.3,wgd,gbM,Solyc10g007600.3,0.0803387,0.619669,0.129648,4.85833e-34
4034,Solyc07g056580.3,wgd,TE-like,Solyc12g011330.3,0.0833877,0.76438,0.109092,7.0821e-71
4035,Solyc07g056590.3,wgd,gbM,Solyc10g007590.3,0.18127,0.809591,0.223903,9.06927e-18
4036,Solyc07g056600.1,wgd,TE-like,Solyc10g007580.1,0.304302,1.99348,0.152649,1.42861e-09
4037,Solyc07g056650.3,wgd,gbM,Solyc12g011360.2,0.17941,0.770693,0.232791,1.1954e-16
4038,Solyc07g056670.3,wgd,Unmethylated,Solyc10g007560.2,0.198199,2.89652,0.0684266,1.03023e-18
4039,Solyc07g062010.1,wgd,Unclassified,Solyc10g007510.2,0.192893,2.20697,0.0874019,2.31784e-09
4040,Solyc07g062080.3,wgd,gbM,Solyc10g007500.3,0.137405,0.819558,0.167657,3.88598e-31
4041,Solyc07g062130.3,wgd,TE-like,Solyc10g007480.3,0.0567378,1.08686,0.0522033,1.27006e-99
4042,Solyc07g062190.3,wgd,TE-like,Solyc12g014395.1,0.102654,1.02384,0.100264,3.53567e-25
4043,Solyc07g062220.3,wgd,Unclassified,Solyc12g014360.2,0.129234,1.5259,0.0846935,6.35803e-38
4044,Solyc07g062270.3,wgd,gbM,Solyc10g007410.3,0.149068,0.740565,0.20129,4.81505e-21
4045,Solyc07g062310.3,wgd,gbM,Solyc12g014340.1,0.344111,1.80096,0.191071,6.43597e-15
4046,Solyc07g062380.1,wgd,Unmethylated,Solyc12g014300.2,0.263069,3.71711,0.0707724,2.58329e-41
4047,Solyc07g062400.3,wgd,Unclassified,Solyc10g007350.3,0.0362226,0.64156,0.0564603,9.43496e-18
4048,Solyc07g062410.3,wgd,TE-like,Solyc10g007340.3,0.44012,1.3745,0.320204,1.24782e-14
4049,Solyc07g062460.3,wgd,gbM,Solyc10g007330.1,0.171903,1.21926,0.140989,6.7267e-42
4050,Solyc07g062470.3,wgd,TE-like,Solyc12g014260.1,0.128424,1.69734,0.075662,1.47881e-24
4051,Solyc07g062530.3,wgd,gbM,Solyc12g014250.2,0.065325,0.694813,0.0940181,1.22926e-92
4052,Solyc07g062560.3,wgd,Unclassified,Solyc12g014240.2,0.400079,2.89154,0.138362,4.60073e-10
4053,Solyc07g062570.3,wgd,gbM,Solyc10g007260.3,0.00568107,0.684541,0.00829909,5.53957e-29
4054,Solyc07g062580.3,wgd,gbM,Solyc10g007220.2,0.555956,1.28975,0.431058,0.00028647
4055,Solyc07g062590.3,wgd,gbM,Solyc10g007200.3,0.114091,0.766225,0.148901,2.24212e-27
4056,Solyc07g062650.3,wgd,Unclassified,Solyc12g014180.2,0.0649382,0.901724,0.0720156,2.44561e-51
4057,Solyc07g062660.3,wgd,TE-like,Solyc12g014170.2,0.290783,0.985796,0.294973,1.22157e-25
4058,Solyc07g062680.2,wgd,Unclassified,Solyc12g014140.2,0.282842,1.52448,0.185534,2.84108e-35
4059,Solyc07g062685.1,wgd,gbM,Solyc10g007152.1,0.453967,1.17463,0.386478,1.62841e-05
4060,Solyc07g062700.3,wgd,gbM,Solyc12g014110.2,0.135449,0.850925,0.159179,2.59951e-45
4061,Solyc07g062720.2,wgd,gbM,Solyc10g007140.3,0.394828,0.93108,0.424054,9.1367e-10
4062,Solyc07g062730.1,wgd,Unclassified,Solyc12g014040.1,0.268273,1.58479,0.169279,1.28584e-22
4063,Solyc07g062790.1,wgd,Unclassified,Solyc10g007103.1,0.29858,3.19699,0.0933942,2.80747e-29
4064,Solyc07g062880.3,wgd,TE-like,Solyc12g013920.2,0.130719,1.346,0.0971167,5.21492e-13
4065,Solyc07g063020.2,wgd,TE-like,Solyc10g007070.3,0.441407,2.35759,0.187228,3.32318e-14
4066,Solyc07g063030.2,wgd,TE-like,Solyc12g013895.1,0.314919,3.17647,0.0991413,1.7688e-14
4067,Solyc07g063040.3,wgd,gbM,Solyc10g007050.3,0.148398,0.679796,0.218298,6.24823e-21
4068,Solyc07g063100.3,wgd,gbM,Solyc12g013860.2,0.242507,0.574444,0.422159,5.98555e-07
4069,Solyc07g063110.3,wgd,gbM,Solyc12g013850.2,0.163727,1.4141,0.115781,1.89e-53
4070,Solyc07g063120.3,wgd,TE-like,Solyc12g013840.2,0.121546,0.726693,0.167259,1.74167e-57
4071,Solyc07g063160.2,wgd,gbM,Solyc10g007010.1,0.0910878,0.821669,0.110857,4.35371e-08
4072,Solyc07g063165.1,wgd,Unmethylated,Solyc10g006980.3,0.556724,2.79579,0.199129,1.60282e-07
4073,Solyc07g063190.3,wgd,Unclassified,Solyc10g006970.3,0.191437,0.69809,0.27423,1.12087e-09
4074,Solyc07g063200.2,wgd,gbM,Solyc12g013800.2,0.21949,0.824511,0.266206,1.14853e-10
4075,Solyc07g063330.3,wgd,gbM,Solyc10g006890.3,0.146436,0.689472,0.212388,2.09145e-48
4076,Solyc07g063340.3,wgd,gbM,Solyc02g078630.2,0.238255,2.29707,0.103721,4.32369e-28
4077,Solyc07g063350.3,wgd,gbM,Solyc02g078670.3,0.50514,5.25846,0.0960623,1.21218e-56
4078,Solyc07g063360.1,wgd,Unclassified,Solyc02g078680.1,0.297482,3.4646,0.0858632,3.85842e-37
4079,Solyc07g063400.3,wgd,TE-like,Solyc12g013630.1,0.183013,1.95591,0.0935689,3.06904e-53
4080,Solyc07g063410.3,wgd,Unmethylated,Solyc12g013620.2,0.201945,1.81315,0.111378,2.52727e-46
4081,Solyc07g063475.1,wgd,gbM,Solyc10g006870.1,0.088124,0.840831,0.104806,2.81008e-81
4082,Solyc07g063490.3,wgd,gbM,Solyc02g078930.2,0.335021,3.72561,0.0899236,1.99919e-29
4083,Solyc07g063520.3,wgd,TE-like,Solyc12g005590.2,0.744225,3.9837,0.186817,1.61444e-14
4084,Solyc07g063540.3,wgd,Unclassified,Solyc12g005570.2,0.28288,2.60042,0.108782,1.55363e-10
4085,Solyc07g063550.3,wgd,TE-like,Solyc03g006610.3,0.544397,1.95133,0.278987,1.08451e-21
4086,Solyc07g063560.3,wgd,Unclassified,Solyc03g006620.3,0.496061,2.52359,0.196569,2.9847e-22
4087,Solyc07g063590.3,wgd,TE-like,Solyc02g079070.3,0.607042,1.99971,0.303565,2.46336e-17
4088,Solyc07g063600.3,wgd,Unclassified,Solyc12g011450.2,0.0234668,0.804442,0.0291715,2.44825e-44
4089,Solyc07g063630.3,wgd,TE-like,Solyc12g005390.2,0.12033,0.538797,0.22333,9.90232e-13
4090,Solyc07g063680.3,wgd,Unmethylated,Solyc03g006680.3,0.21913,3.67614,0.0596087,6.67833e-51
4091,Solyc07g063690.1,wgd,TE-like,Solyc10g006740.3,0.140953,0.742914,0.189729,2.25644e-08
4092,Solyc07g063700.2,wgd,gbM,Solyc10g006720.3,0.14968,1.72102,0.0869717,4.9999e-97
4093,Solyc07g063710.2,wgd,TE-like,Solyc07g053100.3,0.522347,4.63643,0.112661,5.66114e-81
4094,Solyc07g063735.1,wgd,TE-like,Solyc03g006730.2,0.519323,5.1708,0.100434,5.09689e-179
4095,Solyc07g063750.3,wgd,TE-like,Solyc10g006690.3,0.443551,4.5098,0.0983527,6.67325e-108
4096,Solyc07g063770.3,wgd,TE-like,Solyc03g006790.2,0.343046,3.4839,0.0984661,9.44056e-40
4097,Solyc07g063780.2,wgd,gbM,Solyc02g079620.2,0.659731,3.87271,0.170354,1.37974e-38
4098,Solyc07g063820.3,wgd,gbM,Solyc02g079700.1,0.384973,3.06399,0.125644,8.18973e-15
4099,Solyc07g063830.3,wgd,TE-like,Solyc02g079760.3,0.48486,4.0737,0.119022,6.60718e-50
4100,Solyc07g063850.3,wgd,Unclassified,Solyc10g006610.3,0.126453,3.2366,0.0390697,4.51951e-97
4101,Solyc07g063860.3,wgd,Unmethylated,Solyc02g079790.3,0.202784,3.13162,0.0647538,1.90431e-40
4102,Solyc07g063910.3,wgd,Unclassified,Solyc10g006580.3,0.00562047,0.650156,0.0086448,3.77432e-53
4103,Solyc07g063970.3,wgd,gbM,Solyc02g079920.3,0.223186,1.98837,0.112246,3.15602e-53
4104,Solyc07g064010.3,wgd,TE-like,Solyc07g052880.3,0.25895,2.97694,0.0869854,1.86817e-14
4105,Solyc07g064030.3,wgd,gbM,Solyc12g005250.2,0.101165,1.16813,0.0866037,8.76039e-74
4106,Solyc07g064040.3,wgd,gbM,Solyc02g079970.3,0.318499,1.99225,0.159869,6.63466e-22
4107,Solyc07g064050.3,wgd,TE-like,Solyc10g006500.3,0.0737619,1.01871,0.0724068,2.1255e-67
4108,Solyc07g064060.3,wgd,TE-like,Solyc12g005230.2,0.222258,0.768814,0.289093,9.63706e-29
4109,Solyc07g064130.2,wgd,Unmethylated,Solyc10g006480.2,0.000943639,1.78613,0.000528315,2.99057e-169
4110,Solyc07g064150.3,wgd,Unclassified,Solyc10g006470.3,0.144034,0.930987,0.154711,1.34295e-08
4111,Solyc07g064170.3,wgd,gbM,Solyc02g080200.3,0.35995,2.13514,0.168584,5.43356e-49
4112,Solyc07g064200.3,wgd,TE-like,Solyc10g006450.3,0.157496,1.93197,0.0815208,1.81602e-77
4113,Solyc07g064230.3,wgd,TE-like,Solyc10g006440.3,0.0929448,0.822128,0.113054,1.50473e-36
4114,Solyc07g064270.3,wgd,gbM,Solyc07g052450.2,0.470733,3.65729,0.128711,3.55444e-24
4115,Solyc07g064280.3,wgd,gbM,Solyc10g006400.3,0.0476203,0.935469,0.0509053,6.4712e-71
4116,Solyc07g064290.3,wgd,TE-like,Solyc07g052410.3,0.541205,3.48115,0.155468,2.07966e-14
4117,Solyc07g064310.2,wgd,gbM,Solyc12g005190.2,0.151492,1.33563,0.113424,7.73633e-32
4118,Solyc07g064320.2,wgd,Unclassified,Solyc10g006360.2,0.366904,1.3458,0.27263,5.25035e-05
4119,Solyc07g064340.3,wgd,TE-like,Solyc12g005160.2,0.17293,1.47741,0.11705,3.47567e-22
4120,Solyc07g064420.3,wgd,TE-like,Solyc12g005120.2,0.0883884,0.893182,0.098959,1.57438e-15
4121,Solyc07g064475.1,wgd,TE-like,Solyc10g006310.3,0.115257,0.611086,0.188611,6.12225e-10
4122,Solyc07g064500.3,wgd,TE-like,Solyc10g006300.3,0.10434,0.995204,0.104842,3.21153e-37
4123,Solyc07g064560.3,wgd,gbM,Solyc12g005110.2,0.357605,1.10385,0.323961,5.63387e-11
4124,Solyc07g064600.3,wgd,Unclassified,Solyc10g006290.3,0.243891,0.826885,0.294951,1.42789e-08
4125,Solyc07g064610.3,wgd,gbM,Solyc12g005030.2,0.124437,1.81262,0.0686505,8.11616e-38
4126,Solyc07g064620.2,wgd,Unclassified,Solyc10g006280.1,0.181423,1.72644,0.105085,1.64148e-13
4127,Solyc07g064650.2,wgd,TE-like,Solyc10g006275.1,0.337588,3.06813,0.110031,2.39922e-14
4128,Solyc07g064680.3,wgd,TE-like,Solyc10g006270.3,0.00365641,0.601093,0.00608293,3.19761e-21
4129,Solyc07g064890.1,wgd,Unmethylated,Solyc10g006130.1,0.10397,0.941788,0.110397,1.13415e-24
4130,Solyc07g064900.3,wgd,TE-like,Solyc11g012000.2,0.346793,4.28347,0.0809608,2.80223e-61
4131,Solyc07g064910.3,wgd,TE-like,Solyc10g006110.3,0.101398,0.950003,0.106735,8.68724e-56
4132,Solyc07g064930.3,wgd,TE-like,Solyc12g014470.2,0.160904,0.612263,0.262802,6.51116e-14
4133,Solyc07g064970.3,wgd,gbM,Solyc12g014490.2,0.095825,0.660861,0.145,1.37568e-40
4134,Solyc07g064990.3,wgd,TE-like,Solyc12g014500.2,0.0684265,2.22944,0.0306922,4.27929e-81
4135,Solyc07g065000.3,wgd,TE-like,Solyc12g014540.2,0.232634,0.87333,0.266376,6.09972e-29
4136,Solyc07g065030.3,wgd,TE-like,Solyc12g014550.1,0.165478,0.67416,0.245457,1.5989e-08
4137,Solyc07g065040.3,wgd,gbM,Solyc10g006100.3,0.15527,0.556863,0.278829,9.60235e-23
4138,Solyc07g065050.3,wgd,gbM,Solyc12g014560.2,0.0986807,0.864828,0.114104,2.5642e-43
4139,Solyc07g065070.1,wgd,Unclassified,Solyc11g012200.2,0.517563,5.41006,0.0956666,3.20664e-25
4140,Solyc07g065120.3,wgd,TE-like,Solyc12g014570.2,0.197736,0.955119,0.207028,1.07593e-44
4141,Solyc07g065130.3,wgd,TE-like,Solyc11g012400.2,0.191365,4.09443,0.0467378,7.62531e-66
4142,Solyc07g065165.1,wgd,Unclassified,Solyc12g014590.2,0.0939834,1.47473,0.063729,4.27466e-37
4143,Solyc07g065170.3,wgd,gbM,Solyc10g006070.3,0.0265432,0.696796,0.0380933,1.93502e-33
4144,Solyc07g065260.3,wgd,gbM,Solyc12g014610.2,0.19729,0.745094,0.264785,4.00197e-26
4145,Solyc07g065270.1,wgd,TE-like,Solyc11g012510.2,0.381443,4.42821,0.0861392,3.7298e-65
4146,Solyc07g065340.1,wgd,Unmethylated,Solyc10g006040.1,0.125146,1.96709,0.06362,1.44351e-50
4147,Solyc07g065370.3,wgd,TE-like,Solyc11g012620.2,0.541377,4.17198,0.129765,4.91034e-37
4148,Solyc07g065400.3,wgd,Unclassified,Solyc10g006020.3,0.216084,1.64503,0.131356,1.70817e-09
4149,Solyc07g065450.3,wgd,TE-like,Solyc10g006010.3,0.16389,0.823987,0.198899,2.48415e-17
4150,Solyc07g065490.3,wgd,TE-like,Solyc10g006000.3,0.260322,0.557082,0.467295,5.98527e-08
4151,Solyc07g065510.3,wgd,gbM,Solyc10g005980.1,0.350007,1.30167,0.26889,8.27099e-23
4152,Solyc07g065540.1,wgd,Unmethylated,Solyc10g005960.1,0.183708,1.67681,0.109558,2.46741e-60
4153,Solyc07g065570.2,wgd,TE-like,Solyc11g012750.2,0.694334,3.50151,0.198296,4.38577e-13
4154,Solyc07g065650.2,wgd,TE-like,Solyc12g015740.2,0.113331,0.762395,0.148651,2.55129e-18
4155,Solyc07g065660.3,wgd,TE-like,Solyc12g015770.2,0.348815,4.62006,0.0755002,3.8878e-87
4156,Solyc07g065700.3,wgd,TE-like,Solyc11g012790.2,0.230633,3.89518,0.0592099,7.10986e-73
4157,Solyc07g065710.3,wgd,TE-like,Solyc10g005770.3,0.087132,0.703084,0.123928,6.55916e-56
4158,Solyc07g065790.2,wgd,TE-like,Solyc12g015810.2,0.113092,1.31558,0.0859639,1.64965e-77
4159,Solyc07g065820.3,wgd,gbM,Solyc12g015870.2,0.0221563,1.72759,0.012825,6.10751e-51
4160,Solyc07g065840.2,wgd,gbM,Solyc12g015880.2,0.0183288,0.788262,0.0232522,1.49178e-119
4161,Solyc07g065930.3,wgd,gbM,Solyc11g012840.2,0.344403,4.01947,0.0856838,8.97451e-71
4162,Solyc07g065950.3,wgd,TE-like,Solyc10g005920.3,0.134886,1.04582,0.128977,1.93505e-44
4163,Solyc07g066090.3,wgd,gbM,Solyc10g005740.2,0.158865,0.827162,0.192061,1.99314e-30
4164,Solyc07g066130.1,wgd,Unclassified,Solyc10g005730.3,0.247704,0.95113,0.260431,1.42538e-19
4165,Solyc07g066210.3,wgd,TE-like,Solyc10g005690.3,0.0940254,0.874642,0.107502,1.20773e-66
4166,Solyc07g066220.3,wgd,gbM,Solyc10g005680.2,0.360368,0.897085,0.401709,4.44984e-14
4167,Solyc07g066260.3,wgd,gbM,Solyc10g005640.3,0.19688,1.40195,0.140433,2.02785e-42
4168,Solyc07g066350.1,wgd,Unmethylated,Solyc10g005610.2,0.203608,1.28244,0.158766,3.32892e-38
4169,Solyc07g066520.3,wgd,TE-like,Solyc10g005580.3,0.145037,0.90581,0.160119,4.96566e-27
4170,Solyc07g066670.3,wgd,TE-like,Solyc10g005390.3,1.00611,1.89195,0.531785,0.000116634
4171,Solyc08g005040.1,wgd,Unclassified,Solyc08g076940.1,0.374799,1.92802,0.194396,8.31824e-06
4172,Solyc08g005050.3,wgd,Unclassified,Solyc08g076930.1,0.12729,2.01172,0.0632742,9.35029e-84
4173,Solyc08g005070.3,wgd,gbM,Solyc08g076920.3,0.0999222,0.695579,0.143653,3.84462e-31
4174,Solyc08g005080.1,wgd,TE-like,Solyc08g076910.3,0.405974,3.12045,0.130101,3.7413e-39
4175,Solyc08g005090.1,wgd,Unclassified,Solyc08g076870.1,0.477082,0.955443,0.49933,0.000155566
4176,Solyc08g005100.3,wgd,TE-like,Solyc08g076860.3,0.14126,1.59506,0.0885607,8.64229e-25
4177,Solyc08g005110.1,wgd,TE-like,Solyc08g076810.3,0.548575,3.74575,0.146453,1.80309e-22
4178,Solyc08g005120.3,wgd,Unclassified,Solyc08g076780.2,0.269843,1.45148,0.185908,4.28259e-11
4179,Solyc08g005130.1,wgd,Unmethylated,Solyc03g097150.3,0.395679,4.01819,0.098472,1.54866e-69
4180,Solyc08g005170.3,wgd,Unclassified,Solyc03g097120.3,0.424347,4.29693,0.0987558,9.77206e-43
4181,Solyc08g005200.3,wgd,TE-like,Solyc08g076540.3,0.0506243,0.566506,0.0893624,2.46351e-29
4182,Solyc08g005220.3,wgd,Unclassified,Solyc08g076480.3,0.225686,2.09854,0.107544,9.89108e-27
4183,Solyc08g005240.2,wgd,TE-like,Solyc03g097090.3,0.373118,4.42414,0.0843369,7.46647e-64
4184,Solyc08g005270.3,wgd,TE-like,Solyc08g076420.3,0.502951,1.98873,0.252901,1.52275e-32
4185,Solyc08g005280.2,wgd,TE-like,Solyc03g097050.3,0.0970205,4.88879,0.0198455,0
4186,Solyc08g005310.3,wgd,TE-like,Solyc08g076160.3,0.0983963,1.00633,0.0977777,4.56031e-73
4187,Solyc08g005420.3,wgd,gbM,Solyc03g096870.3,0.197276,4.29722,0.0459079,2.27451e-88
4188,Solyc08g005430.3,wgd,gbM,Solyc08g075950.2,0.137318,0.672599,0.204161,1.79618e-23
4189,Solyc08g005460.3,wgd,TE-like,Solyc08g075920.3,0.140384,1.30512,0.107564,5.14307e-32
4190,Solyc08g005470.3,wgd,gbM,Solyc08g075890.3,0.115629,1.10839,0.104321,1.41577e-42
4191,Solyc08g005490.3,wgd,gbM,Solyc08g075870.3,0.090385,0.809696,0.111628,1.42843e-54
4192,Solyc08g005540.2,wgd,gbM,Solyc08g075710.3,0.133335,1.20431,0.110715,1.49818e-58
4193,Solyc08g005550.3,wgd,TE-like,Solyc08g075540.4,0.218991,1.39854,0.156585,6.48434e-32
4194,Solyc08g005560.3,wgd,TE-like,Solyc08g075520.3,0.153479,0.75533,0.203195,1.11507e-23
4195,Solyc08g005580.3,wgd,gbM,Solyc08g075430.3,0.0719743,0.786392,0.0915246,4.56621e-78
4196,Solyc08g005590.3,wgd,Unclassified,Solyc08g075400.3,0.195343,1.44545,0.135144,1.80579e-14
4197,Solyc08g005610.3,wgd,Unclassified,Solyc08g075320.3,0.0757713,1.31413,0.0576589,1.0557e-67
4198,Solyc08g005630.3,wgd,TE-like,Solyc08g075240.3,0.178032,1.34694,0.132175,4.07857e-62
4199,Solyc08g005790.3,wgd,TE-like,Solyc08g075020.3,0.431457,4.0256,0.107178,4.11194e-35
4200,Solyc08g005820.1,wgd,TE-like,Solyc08g074930.1,0.339998,4.04684,0.0840157,1.22538e-46
4201,Solyc08g005830.1,wgd,TE-like,Solyc08g074920.1,0.262565,2.06873,0.126921,1.32389e-48
4202,Solyc08g005870.2,wgd,TE-like,Solyc12g096200.2,0.154935,3.18639,0.0486241,2.14453e-32
4203,Solyc08g005890.3,wgd,TE-like,Solyc12g096250.2,0.237832,1.41548,0.168023,2.09297e-41
4204,Solyc08g005910.3,wgd,TE-like,Solyc12g096260.2,0.112372,1.28203,0.087651,7.15672e-18
4205,Solyc08g005920.3,wgd,TE-like,Solyc08g074670.3,0.0970831,0.722503,0.134371,7.63504e-14
4206,Solyc08g005930.1,wgd,Unmethylated,Solyc08g074660.1,0.211009,1.14374,0.18449,1.72218e-31
4207,Solyc08g005960.2,wgd,TE-like,Solyc08g074480.1,0.0932099,1.65704,0.0562508,8.14636e-21
4208,Solyc08g006000.3,wgd,TE-like,Solyc08g074400.2,0.148222,1.30811,0.11331,1.06181e-19
4209,Solyc08g006010.3,wgd,TE-like,Solyc08g074340.2,0.184471,1.2612,0.146266,5.68022e-17
4210,Solyc08g006020.3,wgd,NA,Solyc08g074300.3,0.13333,1.75016,0.0761815,1.91814e-08
4211,Solyc08g006040.3,wgd,gbM,Solyc08g074240.3,0.00537643,0.830424,0.00647432,3.23159e-48
4212,Solyc08g006060.3,wgd,TE-like,Solyc08g074230.1,0.139139,0.71064,0.195794,5.12934e-17
4213,Solyc08g006100.3,wgd,TE-like,Solyc12g096310.2,0.127251,1.60763,0.0791543,3.58665e-29
4214,Solyc08g006120.3,wgd,TE-like,Solyc08g069210.1,0.127815,0.543985,0.234961,7.98641e-06
4215,Solyc08g006140.2,wgd,gbM,Solyc08g069180.3,0.211178,0.851108,0.248121,8.37015e-16
4216,Solyc08g006150.3,wgd,Unclassified,Solyc12g096320.2,0.107995,0.707807,0.152577,1.11661e-19
4217,Solyc08g006320.3,wgd,Unclassified,Solyc12g096350.2,0.261288,2.597,0.100612,5.93997e-30
4218,Solyc08g006440.3,wgd,TE-like,Solyc12g096400.2,0.783576,1.60765,0.487404,0.000269058
4219,Solyc08g006460.3,wgd,TE-like,Solyc12g096420.2,0.235624,0.786993,0.299397,1.55387e-20
4220,Solyc08g006470.3,wgd,TE-like,Solyc12g096450.2,0.199445,2.63674,0.0756409,1.37289e-29
4221,Solyc08g006520.1,wgd,Unmethylated,Solyc12g096480.1,0.293868,0.753383,0.390065,4.99566e-05
4222,Solyc08g006530.3,wgd,Unmethylated,Solyc12g096500.2,0.18898,1.42064,0.133025,1.49651e-33
4223,Solyc08g006950.3,wgd,Unclassified,Solyc08g077030.3,0.363821,0.922149,0.394537,0.000433934
4224,Solyc08g006960.3,wgd,TE-like,Solyc06g061150.3,0.0188965,1.16268,0.0162525,1.86999e-69
4225,Solyc08g006980.3,wgd,TE-like,Solyc08g077100.3,0.378649,2.13482,0.177368,4.51448e-22
4226,Solyc08g006990.2,wgd,TE-like,Solyc06g061100.3,0.178038,1.45608,0.122272,1.37758e-46
4227,Solyc08g007000.3,wgd,TE-like,Solyc08g077150.3,0.0864736,1.31351,0.0658338,4.3536e-84
4228,Solyc08g007020.2,wgd,TE-like,Solyc06g061080.3,0.29588,0.971706,0.304496,3.42813e-06
4229,Solyc08g007040.3,wgd,TE-like,Solyc06g061070.3,0.075434,0.986234,0.0764869,3.14368e-22
4230,Solyc08g007060.3,wgd,TE-like,Solyc08g077170.3,0.12006,1.65932,0.0723549,3.95874e-73
4231,Solyc08g007080.3,wgd,TE-like,Solyc08g077210.3,0.123265,1.28745,0.0957439,2.61828e-55
4232,Solyc08g007090.2,wgd,TE-like,Solyc08g077330.3,0.110218,2.01142,0.0547963,5.55154e-22
4233,Solyc08g007100.3,wgd,TE-like,Solyc08g077350.3,0.14041,0.708026,0.198312,3.13487e-16
4234,Solyc08g007110.3,wgd,TE-like,Solyc08g077420.3,0.0507007,1.04715,0.048418,4.27647e-161
4235,Solyc08g007120.3,wgd,Unmethylated,Solyc08g077460.3,0.185577,1.85889,0.0998321,9.71474e-28
4236,Solyc08g007130.3,wgd,TE-like,Solyc08g077530.3,0.126953,1.39207,0.0911973,1.32731e-61
4237,Solyc08g007140.3,wgd,Unclassified,Solyc08g077710.3,0.0840905,0.874384,0.0961712,6.12327e-12
4238,Solyc08g007160.3,wgd,TE-like,Solyc06g060980.2,0.12957,0.643114,0.201473,3.36785e-12
4239,Solyc08g007180.3,wgd,gbM,Solyc08g077880.3,0.11725,0.556799,0.210578,1.96405e-14
4240,Solyc08g007190.3,wgd,TE-like,Solyc08g077960.3,0.106047,0.570613,0.185848,2.66502e-32
4241,Solyc08g007200.3,wgd,gbM,Solyc08g078000.3,0.118704,0.459255,0.25847,4.33296e-08
4242,Solyc08g007210.3,wgd,TE-like,Solyc08g078030.3,0.29642,2.83227,0.104658,9.65865e-25
4243,Solyc08g007230.2,wgd,TE-like,Solyc08g078170.1,0.314583,1.69039,0.186101,1.19902e-12
4244,Solyc08g007240.3,wgd,TE-like,Solyc08g078210.3,0.142756,0.664236,0.214918,1.65462e-19
4245,Solyc08g007270.3,wgd,TE-like,Solyc08g078300.3,0.142744,1.23004,0.116048,2.31252e-33
4246,Solyc08g007310.3,wgd,TE-like,Solyc08g078450.3,0.186869,1.20167,0.155507,5.21901e-32
4247,Solyc08g007350.2,wgd,Unmethylated,Solyc08g078620.1,0.316549,1.64743,0.192147,3.06733e-14
4248,Solyc08g007400.3,wgd,TE-like,Solyc08g078820.3,0.0895403,1.13279,0.0790443,1.20776e-16
4249,Solyc08g007410.3,wgd,TE-like,Solyc08g078845.1,0.351317,0.866191,0.405589,0.00142659
4250,Solyc08g007420.3,wgd,Unclassified,Solyc08g078850.3,0.0718238,1.21007,0.0593548,6.27919e-59
4251,Solyc08g007430.2,wgd,TE-like,Solyc08g078950.3,0.0881926,1.35415,0.0651279,2.79617e-101
4252,Solyc08g007435.1,wgd,TE-like,Solyc08g079130.1,0.284014,1.22222,0.232376,9.00959e-08
4253,Solyc08g007450.1,wgd,TE-like,Solyc08g079235.1,0.306224,1.96836,0.155574,1.47964e-17
4254,Solyc08g007460.2,wgd,TE-like,Solyc08g079250.3,0.291954,1.99499,0.146343,2.05232e-10
4255,Solyc08g007480.2,wgd,TE-like,Solyc08g079480.3,0.181238,1.19341,0.151866,1.48429e-21
4256,Solyc08g007490.3,wgd,Unclassified,Solyc08g079490.3,0.474492,1.97331,0.240455,3.75465e-14
4257,Solyc08g007500.3,wgd,Unclassified,Solyc08g079590.2,0.320585,1.05763,0.303115,3.56329e-10
4258,Solyc08g007510.3,wgd,TE-like,Solyc06g060550.3,0.168885,0.903323,0.18696,2.76834e-09
4259,Solyc08g007530.3,wgd,TE-like,Solyc08g079630.3,0.122076,0.733019,0.166538,1.70948e-25
4260,Solyc08g007540.3,wgd,TE-like,Solyc08g079650.3,0.0940425,1.4655,0.064171,7.07906e-59
4261,Solyc08g007560.2,wgd,TE-like,Solyc06g060500.1,0.0763214,1.29044,0.0591436,2.27151e-31
4262,Solyc08g007670.1,wgd,TE-like,Solyc08g079960.1,0.295937,2.7941,0.105915,6.55935e-33
4263,Solyc08g007680.1,wgd,TE-like,Solyc08g079980.1,0.282395,2.03203,0.138972,1.16228e-81
4264,Solyc08g007770.3,wgd,TE-like,Solyc08g080050.3,0.119169,0.890399,0.133838,5.57502e-27
4265,Solyc08g007780.3,wgd,TE-like,Solyc08g080060.3,0.287705,1.41519,0.203298,1.2743e-10
4266,Solyc08g007790.3,wgd,gbM,Solyc12g056450.2,0.043659,0.943994,0.0462492,1.49108e-59
4267,Solyc08g007800.3,wgd,TE-like,Solyc12g056440.2,0.0877877,0.727493,0.120672,2.0135e-60
4268,Solyc08g007805.1,wgd,TE-like,Solyc08g080240.3,0.264364,2.80765,0.0941585,1.03682e-14
4269,Solyc08g007820.1,wgd,TE-like,Solyc12g056430.1,0.268779,1.61148,0.16679,1.58819e-21
4270,Solyc08g007840.2,wgd,TE-like,Solyc08g080290.3,0.30697,2.03934,0.150524,5.73449e-20
4271,Solyc08g007845.1,wgd,TE-like,Solyc08g080310.1,0.174234,4.30263,0.0404947,5.36139e-108
4272,Solyc08g007860.3,wgd,TE-like,Solyc08g080340.3,0.0663559,0.650113,0.102068,4.50205e-46
4273,Solyc08g007910.3,wgd,TE-like,Solyc08g080460.2,0.24474,1.05695,0.231554,2.26119e-34
4274,Solyc08g007920.2,wgd,TE-like,Solyc08g080470.3,0.297278,1.846,0.161039,1.71838e-17
4275,Solyc08g007940.3,wgd,TE-like,Solyc08g080740.3,0.16578,1.88929,0.0877469,1.01505e-22
4276,Solyc08g007970.3,wgd,TE-like,Solyc08g080780.3,0.210748,0.688838,0.305947,1.70891e-37
4277,Solyc08g007980.3,wgd,Unclassified,Solyc12g056310.2,0.382916,3.37828,0.113346,5.30594e-23
4278,Solyc08g008030.3,wgd,TE-like,Solyc08g080960.3,0.134581,0.876648,0.153518,7.33709e-29
4279,Solyc08g008050.3,wgd,gbM,Solyc12g056220.2,0.0319223,0.556987,0.0573125,1.06213e-36
4280,Solyc08g008060.1,wgd,TE-like,Solyc08g081200.3,0.188591,1.33525,0.14124,1.06303e-33
4281,Solyc08g008070.1,wgd,TE-like,Solyc08g081230.1,0.101552,2.79817,0.0362924,8.45882e-85
4282,Solyc08g008080.1,wgd,Unmethylated,Solyc08g081370.1,0.204698,3.51508,0.0582343,1.15864e-28
4283,Solyc08g008087.1,wgd,TE-like,Solyc08g081540.3,0.168805,3.9871,0.0423378,2.22841e-75
4284,Solyc08g008180.2,wgd,TE-like,Solyc08g081760.2,0.269071,0.773898,0.347683,1.3243e-14
4285,Solyc08g008190.3,wgd,TE-like,Solyc08g081810.3,0.120136,1.79766,0.0668291,1.67453e-97
4286,Solyc08g008210.3,wgd,TE-like,Solyc08g081900.3,0.072711,0.746694,0.0973773,1.39166e-24
4287,Solyc08g008220.3,wgd,gbM,Solyc12g056100.2,0.0184018,0.604048,0.0304641,1.04578e-22
4288,Solyc08g008240.3,wgd,TE-like,Solyc08g081980.3,0.19801,1.36588,0.144969,4.25228e-61
4289,Solyc08g008260.2,wgd,TE-like,Solyc12g056060.2,0.279357,0.959162,0.291252,5.5989e-27
4290,Solyc08g008277.1,wgd,TE-like,Solyc08g082110.3,0.554324,1.54888,0.357887,0.00192277
4291,Solyc08g008305.1,wgd,Unclassified,Solyc08g082210.3,0.149154,1.39539,0.10689,1.22798e-21
4292,Solyc08g008310.3,wgd,gbM,Solyc08g082280.3,0.0858973,0.705379,0.121775,3.36805e-60
4293,Solyc08g008330.3,wgd,TE-like,Solyc08g082390.3,0.166206,0.670499,0.247885,4.71155e-05
4294,Solyc08g008370.3,wgd,gbM,Solyc08g082610.3,0.14212,1.30273,0.109094,4.97403e-29
4295,Solyc08g008380.3,wgd,TE-like,Solyc08g082630.3,0.271362,0.964596,0.281322,5.42545e-27
4296,Solyc08g008390.2,wgd,TE-like,Solyc08g082670.3,0.232001,3.54256,0.0654896,5.96175e-29
4297,Solyc08g008410.3,wgd,gbM,Solyc08g082750.3,0.133674,0.678379,0.197049,3.17999e-55
4298,Solyc08g008420.3,wgd,TE-like,Solyc08g082760.3,0.0729688,0.834018,0.0874907,6.38895e-12
4299,Solyc08g008430.3,wgd,NA,Solyc08g082770.3,0.281614,1.92362,0.146398,1.55196e-06
4300,Solyc08g008485.1,wgd,TE-like,Solyc08g082890.3,0.100459,2.19995,0.0456643,3.37604e-29
4301,Solyc08g008490.3,wgd,gbM,Solyc08g082900.3,0.207082,0.715727,0.289331,2.74244e-26
4302,Solyc08g008500.3,wgd,NA,NA,NA,NA,NA,NA
4303,Solyc08g008510.3,wgd,Unclassified,Solyc08g082970.3,0.0874715,1.5138,0.0577826,8.06375e-67
4304,Solyc08g008550.3,wgd,gbM,Solyc08g083040.3,0.109871,0.60113,0.182774,9.20589e-44
4305,Solyc08g008580.3,wgd,Unclassified,Solyc08g083110.3,0.22674,2.77628,0.0816704,1.07081e-13
4306,Solyc08g008590.3,wgd,TE-like,Solyc08g083120.3,NA,1.2766,6.41816e-13,NA
4307,Solyc08g008600.3,wgd,TE-like,Solyc08g083170.1,0.306295,1.58125,0.193705,1.55582e-31
4308,Solyc08g008610.3,wgd,TE-like,Solyc08g083190.3,0.138846,1.05213,0.131966,8.78973e-47
4309,Solyc08g013680.3,wgd,Unclassified,Solyc08g083370.3,0.0397408,3.47486,0.0114367,8.18497e-41
4310,Solyc08g013690.1,wgd,TE-like,Solyc08g083400.3,0.3518,3.69244,0.0952757,7.52794e-44
4311,Solyc08g014420.3,wgd,TE-like,Solyc12g019460.2,0.0232689,0.668741,0.034795,2.964e-51
4312,Solyc08g014440.3,wgd,TE-like,Solyc12g019420.2,0.232263,0.824423,0.281727,4.3866e-09
4313,Solyc08g014450.3,wgd,TE-like,Solyc12g019410.2,0.112628,1.33012,0.0846752,2.73302e-55
4314,Solyc08g014540.1,wgd,TE-like,Solyc12g019120.2,0.166367,1.64813,0.100943,3.14501e-37
4315,Solyc08g014550.3,wgd,Unclassified,Solyc12g096700.2,0.0142199,0.76582,0.0185681,1.31715e-39
4316,Solyc08g014570.3,wgd,gbM,Solyc12g096670.2,0.0928833,0.763306,0.121686,2.34982e-49
4317,Solyc08g014580.3,wgd,gbM,Solyc12g096660.2,0.190316,0.966871,0.196837,8.53878e-62
4318,Solyc08g015650.3,wgd,TE-like,Solyc12g096640.2,0.243226,1.43231,0.169813,8.86464e-33
4319,Solyc08g015660.3,wgd,TE-like,Solyc12g096590.2,0.160949,1.33709,0.120373,3.56457e-22
4320,Solyc08g015680.1,wgd,TE-like,Solyc12g017900.2,0.0957533,0.569991,0.167991,7.1302e-07
4321,Solyc08g015990.3,wgd,TE-like,Solyc12g017820.2,0.119606,0.63211,0.189217,5.57555e-21
4322,Solyc08g016170.3,wgd,TE-like,Solyc02g070790.3,0.0555541,0.887673,0.062584,1.7674e-62
4323,Solyc08g016180.3,wgd,TE-like,Solyc02g070640.3,0.0101266,1.31233,0.00771652,5.0492e-35
4324,Solyc08g016190.3,wgd,TE-like,Solyc02g070630.3,0.139437,0.557326,0.25019,3.11262e-08
4325,Solyc08g016500.3,wgd,gbM,Solyc02g070530.3,0.185568,1.35819,0.13663,7.27182e-59
4326,Solyc08g016510.3,wgd,Unclassified,Solyc02g070510.3,0.00548957,0.701354,0.0078271,1.17853e-45
4327,Solyc08g016580.1,wgd,Unmethylated,Solyc02g070500.1,0.153619,3.07294,0.0499907,6.13648e-21
4328,Solyc08g016660.2,wgd,Unclassified,Solyc02g070430.3,0.232897,3.62121,0.0643149,2.3785e-28
4329,Solyc08g061760.2,wgd,TE-like,Solyc11g020520.2,0.188987,0.270596,0.698409,0.619361
4330,Solyc08g061960.3,wgd,Unclassified,Solyc07g041310.3,0.0445516,2.5225,0.0176617,2.48189e-64
4331,Solyc08g061970.3,wgd,Unclassified,Solyc07g041300.2,0.240251,1.46426,0.164077,1.47539e-31
4332,Solyc08g062180.2,wgd,Unmethylated,Solyc07g041290.2,0.509362,3.58979,0.141892,3.38674e-27
4333,Solyc08g062190.3,wgd,TE-like,Solyc07g041280.3,0.116842,3.9959,0.0292405,1.04108e-80
4334,Solyc08g062500.3,wgd,gbM,Solyc07g041180.3,0.496432,3.01551,0.164626,4.39578e-72
4335,Solyc08g062640.3,wgd,Unclassified,Solyc07g040990.3,0.216965,3.33744,0.0650095,4.77975e-34
4336,Solyc08g062680.1,wgd,Unmethylated,Solyc07g040960.1,0.161591,3.44601,0.0468921,1.96375e-40
4337,Solyc08g062770.3,wgd,TE-like,Solyc03g121870.3,0.409975,3.77093,0.10872,1.01306e-49
4338,Solyc08g062800.3,wgd,gbM,Solyc07g040750.2,0.0595467,2.08813,0.0285168,4.70856e-109
4339,Solyc08g062810.1,wgd,Unmethylated,Solyc07g040730.1,0.323944,3.06089,0.105833,2.70596e-15
4340,Solyc08g062930.2,wgd,TE-like,Solyc07g040710.3,0.336577,1.90702,0.176494,2.06443e-20
4341,Solyc08g062940.3,wgd,gbM,Solyc03g121760.3,0.391105,4.14551,0.0943441,9.84198e-41
4342,Solyc08g062960.3,wgd,Unclassified,Solyc07g040680.3,0.483807,3.96635,0.121978,1.82544e-42
4343,Solyc08g063000.3,wgd,gbM,Solyc03g121700.3,0.240515,2.27684,0.105635,3.67972e-35
4344,Solyc08g063040.3,wgd,Unmethylated,Solyc03g121660.3,0.144258,3.45022,0.0418111,2.58123e-46
4345,Solyc08g063070.3,wgd,TE-like,Solyc07g039510.3,0.286302,3.89201,0.0735614,7.93832e-38
4346,Solyc08g065140.1,wgd,Unmethylated,Solyc03g121620.1,0.394735,3.88775,0.101533,5.88114e-35
4347,Solyc08g065410.2,wgd,Unclassified,Solyc12g095970.2,0.0417143,3.54288,0.0117741,1.36633e-35
4348,Solyc08g065490.3,wgd,gbM,Solyc12g095930.2,0.0636793,0.78688,0.0809263,3.41926e-61
4349,Solyc08g065690.1,wgd,TE-like,Solyc12g095910.2,0.284839,1.59366,0.178733,2.21199e-39
4350,Solyc08g065870.3,wgd,TE-like,Solyc11g070100.2,0.352207,0.878453,0.40094,7.78351e-14
4351,Solyc08g065890.3,wgd,TE-like,Solyc11g070110.2,0.148983,0.650162,0.229147,1.69276e-25
4352,Solyc08g065900.3,wgd,gbM,Solyc11g070120.2,0.0386169,0.538992,0.0716465,3.15703e-21
4353,Solyc08g066100.3,wgd,gbM,Solyc12g095880.2,0.0778137,0.832,0.0935261,5.91201e-52
4354,Solyc08g066110.3,wgd,Unclassified,Solyc11g070130.2,0.0459301,1.11866,0.0410581,2.58534e-18
4355,Solyc08g066290.3,wgd,NA,Solyc03g121000.3,0.012894,0.0669411,0.192616,0.0819808
4356,Solyc08g066330.2,wgd,TE-like,Solyc12g095860.2,0.0229859,0.662948,0.0346723,8.03432e-44
4357,Solyc08g066350.2,wgd,Unclassified,Solyc11g070150.2,0.158824,1.73916,0.0913223,3.84045e-14
4358,Solyc08g066360.3,wgd,gbM,Solyc03g120990.3,0.11298,4.76808,0.0236951,4.77739e-141
4359,Solyc08g066390.3,wgd,TE-like,Solyc03g120940.3,0.553193,3.81343,0.145064,3.58974e-19
4360,Solyc08g066400.2,wgd,TE-like,Solyc11g070170.2,0.205482,1.2236,0.167933,5.87321e-19
4361,Solyc08g066410.2,wgd,TE-like,Solyc12g095830.2,0.1549,1.97537,0.078416,1.95522e-37
4362,Solyc08g066435.1,wgd,Unclassified,Solyc03g120920.1,0.397924,1.47923,0.269008,2.07994e-07
4363,Solyc08g066500.3,wgd,gbM,Solyc03g120910.3,0.107016,2.39975,0.0445945,1.33986e-185
4364,Solyc08g066510.3,wgd,Unclassified,Solyc03g120890.3,0.368267,4.04044,0.0911453,2.33547e-40
4365,Solyc08g066550.3,wgd,TE-like,Solyc11g071190.2,0.199468,3.6962,0.0539657,4.3369e-18
4366,Solyc08g066660.1,wgd,Unclassified,Solyc03g120840.2,0.423849,3.56795,0.118793,9.60269e-32
4367,Solyc08g066690.3,wgd,gbM,Solyc12g008340.2,0.482601,4.46808,0.108011,9.89662e-60
4368,Solyc08g066720.2,wgd,TE-like,Solyc11g071225.1,0.18714,1.50522,0.124327,1.4075e-24
4369,Solyc08g066850.3,wgd,TE-like,Solyc12g007310.2,0.242427,1.99237,0.121678,4.45263e-47
4370,Solyc08g066875.1,wgd,TE-like,Solyc12g007280.2,0.0727509,3.93412,0.0184923,1.10585e-90
4371,Solyc08g066940.3,wgd,TE-like,Solyc12g007220.2,0.420323,4.33955,0.0968588,1.67011e-51
4372,Solyc08g067150.3,wgd,TE-like,Solyc12g007180.2,0.855045,4.24666,0.201345,3.65514e-27
4373,Solyc08g068440.3,wgd,Unclassified,Solyc07g054540.3,0.00788813,0.0464083,0.169972,0.00459391
4374,Solyc08g068450.1,wgd,Unclassified,Solyc07g054550.1,0.0471118,0.119182,0.395293,0.0624127
4375,Solyc08g068460.1,wgd,Unmethylated,Solyc07g054560.1,0.0557268,0.0859478,0.648379,0.167964
4376,Solyc08g068470.1,wgd,TE-like,Solyc07g054570.1,0.013912,0.0503501,0.276306,0.0102691
4377,Solyc08g068480.1,wgd,Unmethylated,Solyc07g054580.3,NA,0.0397982,0,NA
4378,Solyc08g068500.2,wgd,Unclassified,Solyc07g054590.1,0.0269414,0.0587239,0.458781,0.0465535
4379,Solyc08g068510.2,wgd,Unclassified,Solyc07g054600.3,0.0195253,0.0334013,0.584565,0.201599
4380,Solyc08g068540.3,wgd,gbM,Solyc07g054630.3,0.0268485,0.0321362,0.835461,0.668358
4381,Solyc08g069180.3,wgd,gbM,Solyc08g006140.2,0.211178,0.851108,0.248121,8.37015e-16
4382,Solyc08g069210.1,wgd,Unclassified,Solyc08g006120.3,0.127815,0.543985,0.234961,7.98641e-06
4383,Solyc08g074230.1,wgd,TE-like,Solyc08g006060.3,0.139139,0.71064,0.195794,5.12934e-17
4384,Solyc08g074240.3,wgd,TE-like,Solyc08g006040.3,0.00537643,0.830424,0.00647432,3.23159e-48
4385,Solyc08g074300.3,wgd,Unclassified,Solyc08g006020.3,0.13333,1.75016,0.0761815,1.91814e-08
4386,Solyc08g074340.2,wgd,TE-like,Solyc08g006010.3,0.184471,1.2612,0.146266,5.68022e-17
4387,Solyc08g074400.2,wgd,Unclassified,Solyc08g006000.3,0.148222,1.30811,0.11331,1.06181e-19
4388,Solyc08g074480.1,wgd,NA,Solyc08g005960.2,0.0932099,1.65704,0.0562508,8.14636e-21
4389,Solyc08g074660.1,wgd,Unmethylated,Solyc08g005930.1,0.211009,1.14374,0.18449,1.72218e-31
4390,Solyc08g074670.3,wgd,gbM,Solyc08g005920.3,0.0970831,0.722503,0.134371,7.63504e-14
4391,Solyc08g074920.1,wgd,TE-like,Solyc08g005830.1,0.262565,2.06873,0.126921,1.32389e-48
4392,Solyc08g074930.1,wgd,TE-like,Solyc08g005820.1,0.339998,4.04684,0.0840157,1.22538e-46
4393,Solyc08g075020.3,wgd,gbM,Solyc08g005790.3,0.431457,4.0256,0.107178,4.11194e-35
4394,Solyc08g075090.3,wgd,Unclassified,Solyc12g096220.2,0.0457608,0.689954,0.0663245,1.95286e-33
4395,Solyc08g075230.1,wgd,Unclassified,Solyc12g096180.1,0.196388,1.85523,0.105856,2.19405e-17
4396,Solyc08g075240.3,wgd,gbM,Solyc08g005630.3,0.178032,1.34694,0.132175,4.07857e-62
4397,Solyc08g075320.3,wgd,Unclassified,Solyc08g005610.3,0.0757713,1.31413,0.0576589,1.0557e-67
4398,Solyc08g075400.3,wgd,Unclassified,Solyc08g005590.3,0.195343,1.44545,0.135144,1.80579e-14
4399,Solyc08g075430.3,wgd,gbM,Solyc08g005580.3,0.0719743,0.786392,0.0915246,4.56621e-78
4400,Solyc08g075450.3,wgd,TE-like,Solyc12g096160.2,0.158867,0.517647,0.306902,1.26929e-13
4401,Solyc08g075520.3,wgd,TE-like,Solyc08g005560.3,0.153479,0.75533,0.203195,1.11507e-23
4402,Solyc08g075540.4,wgd,Unclassified,Solyc08g005550.3,0.218991,1.39854,0.156585,6.48434e-32
4403,Solyc08g075700.3,wgd,gbM,Solyc12g096150.2,0.0328352,0.826824,0.0397124,1.14264e-29
4404,Solyc08g075710.3,wgd,gbM,Solyc08g005540.2,0.133335,1.20431,0.110715,1.49818e-58
4405,Solyc08g075780.3,wgd,TE-like,Solyc12g096120.2,0.0344371,0.613783,0.0561062,2.68408e-13
4406,Solyc08g075870.3,wgd,gbM,Solyc08g005490.3,0.090385,0.809696,0.111628,1.42843e-54
4407,Solyc08g075890.3,wgd,gbM,Solyc08g005470.3,0.115629,1.10839,0.104321,1.41577e-42
4408,Solyc08g075920.3,wgd,gbM,Solyc12g096110.2,0.17679,1.62947,0.108495,3.57356e-26
4409,Solyc08g075950.2,wgd,gbM,Solyc12g096070.2,0.129149,0.556182,0.232206,8.30927e-19
4410,Solyc08g075960.3,wgd,TE-like,Solyc12g096060.2,0.0100759,0.787643,0.0127925,1.84792e-41
4411,Solyc08g076160.3,wgd,TE-like,Solyc08g005310.3,0.0983963,1.00633,0.0977777,4.56031e-73
4412,Solyc08g076320.3,wgd,TE-like,Solyc03g097050.3,0.0888914,4.91793,0.0180749,0
4413,Solyc08g076390.3,wgd,gbM,Solyc03g097090.3,0.356964,4.43848,0.0804249,3.59272e-78
4414,Solyc08g076420.3,wgd,TE-like,Solyc08g005270.3,0.502951,1.98873,0.252901,1.52275e-32
4415,Solyc08g076480.3,wgd,Unclassified,Solyc08g005220.3,0.225686,2.09854,0.107544,9.89108e-27
4416,Solyc08g076493.1,wgd,Unclassified,Solyc03g097100.1,0.123235,3.42383,0.0359933,0
4417,Solyc08g076530.3,wgd,gbM,Solyc03g097110.3,0.192449,3.35271,0.0574012,3.55425e-38
4418,Solyc08g076540.3,wgd,gbM,Solyc08g005200.3,0.0506243,0.566506,0.0893624,2.46351e-29
4419,Solyc08g076590.3,wgd,gbM,Solyc03g097120.3,0.42062,4.24779,0.099021,1.87826e-50
4420,Solyc08g076780.2,wgd,Unclassified,Solyc08g005120.3,0.269843,1.45148,0.185908,4.28259e-11
4421,Solyc08g076810.3,wgd,TE-like,Solyc08g005110.1,0.548575,3.74575,0.146453,1.80309e-22
4422,Solyc08g076860.3,wgd,Unmethylated,Solyc06g061240.3,0.09329,0.967339,0.0964398,1.72239e-20
4423,Solyc08g076870.1,wgd,Unmethylated,Solyc08g005090.1,0.477082,0.955443,0.49933,0.000155566
4424,Solyc08g076910.3,wgd,gbM,Solyc08g005080.1,0.405974,3.12045,0.130101,3.7413e-39
4425,Solyc08g076920.3,wgd,gbM,Solyc08g005070.3,0.0999222,0.695579,0.143653,3.84462e-31
4426,Solyc08g076930.1,wgd,Unclassified,Solyc08g005050.3,0.12729,2.01172,0.0632742,9.35029e-84
4427,Solyc08g076940.1,wgd,Unclassified,Solyc08g005040.1,0.374799,1.92802,0.194396,8.31824e-06
4428,Solyc08g076960.1,wgd,Unmethylated,Solyc06g061180.1,0.203266,2.47444,0.0821461,5.49195e-26
4429,Solyc08g077000.1,wgd,TE-like,Solyc06g061160.1,0.270859,1.45459,0.18621,8.49804e-15
4430,Solyc08g077030.3,wgd,Unclassified,Solyc08g006950.3,0.363821,0.922149,0.394537,0.000433934
4431,Solyc08g077040.3,wgd,Unclassified,Solyc06g061140.3,0.184725,1.02367,0.180453,5.75292e-12
4432,Solyc08g077100.3,wgd,TE-like,Solyc08g006980.3,0.378649,2.13482,0.177368,4.51448e-22
4433,Solyc08g077110.3,wgd,gbM,Solyc06g061080.3,0.19284,0.747567,0.257957,1.40472e-15
4434,Solyc08g077150.3,wgd,Unclassified,Solyc08g007000.3,0.0864736,1.31351,0.0658338,4.3536e-84
4435,Solyc08g077170.3,wgd,TE-like,Solyc08g007060.3,0.12006,1.65932,0.0723549,3.95874e-73
4436,Solyc08g077200.3,wgd,TE-like,Solyc06g061040.3,0.112315,0.609039,0.184413,1.07781e-23
4437,Solyc08g077210.3,wgd,gbM,Solyc08g007080.3,0.123265,1.28745,0.0957439,2.61828e-55
4438,Solyc08g077230.3,wgd,TE-like,Solyc06g061030.3,0.184293,0.857687,0.214872,7.43335e-30
4439,Solyc08g077300.3,wgd,TE-like,Solyc01g088480.3,0.278365,1.47824,0.188308,1.7801e-14
4440,Solyc08g077330.3,wgd,TE-like,Solyc08g007090.2,0.110218,2.01142,0.0547963,5.55154e-22
4441,Solyc08g077350.3,wgd,gbM,Solyc08g007100.3,0.14041,0.708026,0.198312,3.13487e-16
4442,Solyc08g077360.3,wgd,gbM,Solyc01g088505.1,0.132044,4.4556,0.0296355,1.35254e-144
4443,Solyc08g077370.3,wgd,Unclassified,Solyc01g088550.3,0.406442,4.02456,0.10099,4.53793e-38
4444,Solyc08g077400.2,wgd,Unclassified,Solyc01g088580.1,0.749397,1.77715,0.421684,7.24985e-05
4445,Solyc08g077420.3,wgd,TE-like,Solyc08g007110.3,0.0507007,1.04715,0.048418,4.27647e-161
4446,Solyc08g077460.3,wgd,Unmethylated,Solyc06g061020.3,0.11922,1.36637,0.0872526,7.1813e-42
4447,Solyc08g077480.3,wgd,Unmethylated,Solyc06g061010.3,0.355951,2.4026,0.148152,5.0403e-13
4448,Solyc08g077530.3,wgd,gbM,Solyc08g007130.3,0.126953,1.39207,0.0911973,1.32731e-61
4449,Solyc08g077630.3,wgd,Unclassified,Solyc01g088690.3,0.345779,4.09234,0.0844942,2.40361e-51
4450,Solyc08g077700.3,wgd,gbM,Solyc01g088700.3,0.479375,5.21196,0.091976,2.36758e-140
4451,Solyc08g077710.3,wgd,Unclassified,Solyc08g007140.3,0.0840905,0.874384,0.0961712,6.12327e-12
4452,Solyc08g077770.3,wgd,TE-like,Solyc08g007160.3,0.0930442,0.99257,0.0937407,8.46308e-25
4453,Solyc08g077880.3,wgd,TE-like,Solyc08g007180.3,0.11725,0.556799,0.210578,1.96405e-14
4454,Solyc08g077900.3,wgd,TE-like,Solyc06g060970.2,0.353871,2.13902,0.165436,2.21297e-22
4455,Solyc08g077940.2,wgd,TE-like,Solyc06g060960.2,0.276273,0.711337,0.388386,5.66577e-22
4456,Solyc08g077960.3,wgd,TE-like,Solyc08g007190.3,0.106047,0.570613,0.185848,2.66502e-32
4457,Solyc08g077970.2,wgd,Unclassified,Solyc06g060920.3,0.182844,0.758796,0.240966,1.15424e-07
4458,Solyc08g078000.3,wgd,TE-like,Solyc08g007200.3,0.118704,0.459255,0.25847,4.33296e-08
4459,Solyc08g078030.3,wgd,TE-like,Solyc08g007210.3,0.29642,2.83227,0.104658,9.65865e-25
4460,Solyc08g078040.3,wgd,TE-like,Solyc06g060880.3,0.159985,0.989657,0.161657,1.15935e-22
4461,Solyc08g078070.3,wgd,TE-like,Solyc01g090170.3,0.0890398,3.58632,0.0248276,2.15732e-57
4462,Solyc08g078090.1,wgd,gbM,Solyc06g060870.1,0.15295,1.78883,0.085503,2.68322e-85
4463,Solyc08g078140.3,wgd,Unclassified,Solyc06g060850.3,0.106018,0.570003,0.185995,5.95373e-13
4464,Solyc08g078160.3,wgd,Unclassified,Solyc06g060840.1,0.107866,1.66448,0.0648046,1.88898e-29
4465,Solyc08g078170.1,wgd,Unclassified,Solyc08g007230.2,0.314583,1.69039,0.186101,1.19902e-12
4466,Solyc08g078180.1,wgd,Unclassified,Solyc01g090370.2,0.444549,2.07221,0.214529,5.78578e-11
4467,Solyc08g078210.3,wgd,TE-like,Solyc08g007240.3,0.142756,0.664236,0.214918,1.65462e-19
4468,Solyc08g078250.3,wgd,TE-like,NA,NA,NA,NA,NA
4469,Solyc08g078290.1,wgd,gbM,Solyc01g090440.2,0.666686,4.16744,0.159975,5.90457e-52
4470,Solyc08g078300.3,wgd,Unclassified,Solyc08g007270.3,0.142744,1.23004,0.116048,2.31252e-33
4471,Solyc08g078330.3,wgd,TE-like,Solyc06g060800.3,0.321118,2.30601,0.139253,1.54013e-31
4472,Solyc08g078410.1,wgd,Unclassified,Solyc01g090560.3,0.292651,3.45951,0.0845932,2.54559e-21
4473,Solyc08g078450.3,wgd,TE-like,Solyc08g007310.3,0.186869,1.20167,0.155507,5.21901e-32
4474,Solyc08g078490.3,wgd,gbM,Solyc06g060770.3,0.144657,0.737744,0.19608,6.9246e-21
4475,Solyc08g078540.3,wgd,TE-like,Solyc06g060750.3,0.122698,0.707262,0.173483,1.46076e-34
4476,Solyc08g078590.1,wgd,Unclassified,Solyc06g060740.2,0.283818,1.68681,0.168257,2.27446e-24
4477,Solyc08g078620.1,wgd,Unmethylated,Solyc08g007350.2,0.316549,1.64743,0.192147,3.06733e-14
4478,Solyc08g078650.3,wgd,Unclassified,Solyc06g060710.3,0.117946,1.20458,0.0979147,5.96507e-31
4479,Solyc08g078690.3,wgd,TE-like,Solyc01g090910.3,0.226309,2.64575,0.0855367,1.43237e-35
4480,Solyc08g078760.1,wgd,gbM,Solyc06g060660.1,0.556373,2.73389,0.20351,1.17303e-19
4481,Solyc08g078800.1,wgd,gbM,Solyc01g090950.3,0.380336,2.13937,0.17778,2.75504e-40
4482,Solyc08g078820.3,wgd,gbM,Solyc08g007400.3,0.0895403,1.13279,0.0790443,1.20776e-16
4483,Solyc08g078845.1,wgd,Unclassified,Solyc08g007410.3,0.351317,0.866191,0.405589,0.00142659
4484,Solyc08g078850.3,wgd,Unclassified,Solyc08g007420.3,0.0718238,1.21007,0.0593548,6.27919e-59
4485,Solyc08g078920.2,wgd,NA,Solyc06g060640.1,0.219746,2.21998,0.0989856,2.47634e-11
4486,Solyc08g078950.3,wgd,TE-like,Solyc08g007430.2,0.0881926,1.35415,0.0651279,2.79617e-101
4487,Solyc08g079060.3,wgd,gbM,Solyc06g060600.2,0.132013,0.658176,0.200574,6.98812e-20
4488,Solyc08g079080.4,wgd,TE-like,Solyc03g083910.4,0.284614,4.54152,0.0626693,8.36248e-92
4489,Solyc08g079090.3,wgd,gbM,Solyc03g083900.3,0.231728,4.02327,0.0575969,2.6382e-85
4490,Solyc08g079100.3,wgd,TE-like,Solyc01g091010.3,0.187669,2.2333,0.084032,2.68449e-27
4491,Solyc08g079120.2,wgd,Unclassified,Solyc03g083880.3,0.350241,3.73682,0.0937268,2.60558e-46
4492,Solyc08g079130.1,wgd,Unmethylated,Solyc01g091030.3,0.321264,3.23937,0.0991748,1.57661e-35
4493,Solyc08g079235.1,wgd,gbM,Solyc03g083720.1,0.479424,2.02804,0.236397,1.20471e-10
4494,Solyc08g079250.3,wgd,Unmethylated,Solyc08g007460.2,0.291954,1.99499,0.146343,2.05232e-10
4495,Solyc08g079440.1,wgd,Unclassified,Solyc01g091200.3,0.182681,4.17988,0.0437048,4.14017e-104
4496,Solyc08g079460.3,wgd,gbM,Solyc01g091230.3,0.329777,4.57263,0.0721197,1.18811e-115
4497,Solyc08g079480.3,wgd,Unmethylated,Solyc08g007480.2,0.181238,1.19341,0.151866,1.48429e-21
4498,Solyc08g079490.3,wgd,Unclassified,Solyc08g007490.3,0.474492,1.97331,0.240455,3.75465e-14
4499,Solyc08g079500.3,wgd,TE-like,Solyc01g091260.3,0.500236,3.78196,0.132269,2.43238e-26
4500,Solyc08g079520.3,wgd,TE-like,Solyc01g091290.3,0.172734,1.90945,0.0904629,5.34745e-14
4501,Solyc08g079570.3,wgd,TE-like,Solyc01g091320.3,0.268108,3.89684,0.0688014,3.30784e-43
4502,Solyc08g079590.2,wgd,Unclassified,Solyc08g007500.3,0.320585,1.05763,0.303115,3.56329e-10
4503,Solyc08g079630.3,wgd,gbM,Solyc01g091370.3,0.358101,4.00554,0.0894016,2.28321e-36
4504,Solyc08g079650.3,wgd,Unclassified,Solyc08g007540.3,0.0940425,1.4655,0.064171,7.07906e-59
4505,Solyc08g079720.3,wgd,TE-like,Solyc01g091470.3,0.228176,3.7602,0.0606818,0
4506,Solyc08g079960.1,wgd,TE-like,Solyc08g007670.1,0.295937,2.7941,0.105915,6.55935e-33
4507,Solyc08g079980.1,wgd,TE-like,Solyc08g007680.1,0.282395,2.03203,0.138972,1.16228e-81
4508,Solyc08g080030.3,wgd,Unclassified,Solyc01g093975.1,0.404758,3.41396,0.11856,9.36612e-19
4509,Solyc08g080050.3,wgd,TE-like,Solyc08g007770.3,0.119169,0.890399,0.133838,5.57502e-27
4510,Solyc08g080060.3,wgd,TE-like,Solyc08g007780.3,0.287705,1.41519,0.203298,1.2743e-10
4511,Solyc08g080080.3,wgd,gbM,Solyc12g056490.1,0.0855424,1.50415,0.0568708,1.26969e-71
4512,Solyc08g080090.3,wgd,NA,Solyc12g056480.2,0.133667,1.12575,0.118736,1.43143e-25
4513,Solyc08g080100.3,wgd,TE-like,Solyc06g035560.2,0.410277,3.20981,0.12782,1.57241e-22
4514,Solyc08g080130.3,wgd,gbM,Solyc01g091910.4,0.179399,4.6724,0.0383956,1.12478e-184
4515,Solyc08g080160.3,wgd,Unclassified,Solyc12g056450.2,0.220808,1.65629,0.133315,7.1486e-09
4516,Solyc08g080180.1,wgd,Unclassified,Solyc03g031420.1,0.357632,4.41028,0.0810905,5.16249e-88
4517,Solyc08g080190.3,wgd,TE-like,Solyc06g035580.3,0.293395,4.37977,0.0669886,2.55479e-82
4518,Solyc08g080200.3,wgd,TE-like,Solyc12g056440.2,0.103278,0.700876,0.147356,3.30492e-52
4519,Solyc08g080240.3,wgd,TE-like,Solyc08g007805.1,0.264364,2.80765,0.0941585,1.03682e-14
4520,Solyc08g080270.3,wgd,TE-like,Solyc01g091840.3,0.226168,2.80169,0.0807255,3.49982e-50
4521,Solyc08g080280.3,wgd,Unclassified,Solyc01g091830.3,0.579002,4.11581,0.140678,9.71663e-28
4522,Solyc08g080290.3,wgd,TE-like,Solyc06g035700.1,0.303274,1.97374,0.153654,2.1522e-20
4523,Solyc08g080310.1,wgd,TE-like,Solyc03g026230.1,0.208572,4.24438,0.0491408,6.06539e-118
4524,Solyc08g080320.3,wgd,NA,Solyc06g035720.3,0.377146,3.82534,0.0985915,1.74414e-32
4525,Solyc08g080340.3,wgd,gbM,Solyc12g056420.2,0.103815,0.712344,0.145737,2.25845e-39
4526,Solyc08g080360.3,wgd,Unclassified,Solyc01g091700.3,0.266437,3.22215,0.0826893,7.32147e-22
4527,Solyc08g080380.3,wgd,gbM,Solyc03g026130.3,0.417514,4.3776,0.0953752,1.3101e-48
4528,Solyc08g080460.2,wgd,TE-like,Solyc08g007910.3,0.24474,1.05695,0.231554,2.26119e-34
4529,Solyc08g080470.3,wgd,gbM,Solyc03g026110.3,0.591188,2.07663,0.284686,1.38442e-22
4530,Solyc08g080500.3,wgd,gbM,Solyc03g026080.3,0.196448,4.01983,0.0488697,6.61255e-73
4531,Solyc08g080540.3,wgd,Unmethylated,Solyc03g026020.3,0.388678,2.34916,0.165454,8.78607e-29
4532,Solyc08g080585.1,wgd,TE-like,Solyc12g056360.1,0.264493,3.51486,0.07525,1.26983e-49
4533,Solyc08g080690.3,wgd,TE-like,Solyc03g025970.3,0.745515,4.28734,0.173888,4.41356e-56
4534,Solyc08g080740.3,wgd,Unclassified,Solyc01g094320.3,0.310087,3.47684,0.0891864,6.8659e-26
4535,Solyc08g080750.3,wgd,Unmethylated,Solyc12g056310.2,0.33071,2.32873,0.142013,8.89414e-17
4536,Solyc08g080780.3,wgd,TE-like,Solyc08g007970.3,0.210748,0.688838,0.305947,1.70891e-37
4537,Solyc08g080830.3,wgd,gbM,Solyc12g056300.2,0.109543,0.650129,0.168494,8.09019e-42
4538,Solyc08g080920.3,wgd,gbM,Solyc12g056270.2,0.112289,1.1898,0.0943765,2.23955e-20
4539,Solyc08g080930.1,wgd,gbM,Solyc12g056260.1,0.147563,1.29487,0.113959,1.08023e-54
4540,Solyc08g080940.3,wgd,Unclassified,Solyc12g056230.2,0.194387,2.85406,0.0681088,8.70173e-29
4541,Solyc08g080950.1,wgd,TE-like,Solyc01g094430.1,0.38428,3.32017,0.115741,2.35247e-15
4542,Solyc08g080960.3,wgd,gbM,Solyc08g008030.3,0.134581,0.876648,0.153518,7.33709e-29
4543,Solyc08g081160.3,wgd,TE-like,Solyc01g094640.3,0.716114,4.63313,0.154564,3.35536e-40
4544,Solyc08g081180.3,wgd,TE-like,Solyc01g094680.3,0.171119,2.41403,0.0708849,5.47419e-93
4545,Solyc08g081190.3,wgd,Unclassified,Solyc08g008050.3,0.0369201,0.813656,0.0453756,9.95355e-39
4546,Solyc08g081200.3,wgd,gbM,Solyc08g008060.1,0.188591,1.33525,0.14124,1.06303e-33
4547,Solyc08g081220.1,wgd,TE-like,Solyc01g094750.3,0.135654,4.44937,0.0304883,7.38286e-118
4548,Solyc08g081230.1,wgd,Unclassified,Solyc08g008070.1,0.101552,2.79817,0.0362924,8.45882e-85
4549,Solyc08g081270.3,wgd,TE-like,Solyc01g094810.3,0.0705586,3.43903,0.020517,5.66732e-65
4550,Solyc08g081290.3,wgd,TE-like,Solyc01g094820.3,0.698712,2.37876,0.29373,3.49655e-20
4551,Solyc08g081300.3,wgd,gbM,Solyc01g094840.3,0.429702,1.54965,0.277289,5.24141e-11
4552,Solyc08g081360.3,wgd,Unclassified,Solyc12g056210.2,0.175829,1.55436,0.11312,4.35871e-34
4553,Solyc08g081370.1,wgd,Unmethylated,Solyc08g008080.1,0.204698,3.51508,0.0582343,1.15864e-28
4554,Solyc08g081420.3,wgd,TE-like,Solyc12g056200.2,0.13964,1.98083,0.0704955,2.23853e-66
4555,Solyc08g081450.3,wgd,gbM,Solyc12g056190.2,0.384162,1.37827,0.278729,2.62179e-08
4556,Solyc08g081480.3,wgd,Unclassified,Solyc03g007940.3,0.225804,4.2873,0.0526682,2.17093e-91
4557,Solyc08g081540.3,wgd,Unclassified,Solyc01g095080.3,0.213418,4.20541,0.0507485,7.25162e-108
4558,Solyc08g081610.3,wgd,Unmethylated,Solyc10g011910.3,0.588922,3.67434,0.160279,0
4559,Solyc08g081710.3,wgd,Unmethylated,Solyc03g007710.3,0.635948,6.35444,0.100079,1.33621e-17
4560,Solyc08g081730.3,wgd,Unclassified,Solyc10g011870.3,0.214449,3.33466,0.0643093,3.63704e-44
4561,Solyc08g081760.2,wgd,TE-like,Solyc08g008180.2,0.269071,0.773898,0.347683,1.3243e-14
4562,Solyc08g081810.3,wgd,TE-like,Solyc12g056160.2,0.2026,3.94616,0.0513412,5.97453e-142
4563,Solyc08g081830.3,wgd,gbM,Solyc01g095390.3,0.53836,4.49867,0.119671,2.46693e-53
4564,Solyc08g081840.3,wgd,gbM,Solyc10g011790.3,0.273075,4.05716,0.0673069,2.46078e-59
4565,Solyc08g081850.1,wgd,Unclassified,Solyc01g095440.2,0.576936,1.67471,0.344498,2.45405e-11
4566,Solyc08g081890.3,wgd,TE-like,Solyc03g007530.3,0.32313,5.21942,0.0619093,7.90214e-201
4567,Solyc08g081900.3,wgd,TE-like,Solyc08g008210.3,0.072711,0.746694,0.0973773,1.39166e-24
4568,Solyc08g081930.3,wgd,TE-like,Solyc10g011760.3,0.222814,1.94595,0.114501,1.90114e-43
4569,Solyc08g081950.3,wgd,Unclassified,Solyc10g011740.3,0.0149247,3.48202,0.00428621,2.96053e-63
4570,Solyc08g081960.2,wgd,TE-like,Solyc01g095500.3,0.561465,3.87286,0.144974,1.19424e-33
4571,Solyc08g081970.3,wgd,Unclassified,Solyc10g011730.3,0.317918,1.42338,0.223354,1.35892e-06
4572,Solyc08g081980.3,wgd,gbM,Solyc08g008240.3,0.19801,1.36588,0.144969,4.25228e-61
4573,Solyc08g081990.3,wgd,TE-like,Solyc10g011690.3,0.437084,4.79939,0.0910707,5.6491e-91
4574,Solyc08g082000.3,wgd,TE-like,Solyc03g007420.3,0.763491,4.1684,0.183162,2.20669e-33
4575,Solyc08g082010.3,wgd,gbM,Solyc08g008260.2,0.698626,4.77235,0.14639,1.58032e-40
4576,Solyc08g082020.3,wgd,TE-like,Solyc10g011670.3,0.111458,1.97107,0.0565472,6.79054e-69
4577,Solyc08g082040.3,wgd,TE-like,Solyc01g095590.3,0.573832,4.69232,0.122292,8.97937e-78
4578,Solyc08g082060.3,wgd,gbM,Solyc10g009590.3,0.361062,4.19579,0.0860533,3.3381e-50
4579,Solyc08g082110.3,wgd,Unclassified,Solyc08g008277.1,0.554324,1.54888,0.357887,0.00192277
4580,Solyc08g082180.3,wgd,TE-like,Solyc12g055990.2,0.0597444,0.811959,0.0735806,1.74872e-24
4581,Solyc08g082210.3,wgd,Unclassified,Solyc08g008305.1,0.149154,1.39539,0.10689,1.22798e-21
4582,Solyc08g082250.3,wgd,TE-like,Solyc12g055970.2,0.112712,2.02067,0.0557795,1.47454e-87
4583,Solyc08g082260.2,wgd,TE-like,Solyc03g007230.3,0.431303,4.10507,0.105066,2.38633e-41
4584,Solyc08g082280.3,wgd,TE-like,Solyc08g008310.3,0.0858973,0.705379,0.121775,3.36805e-60
4585,Solyc08g082310.3,wgd,TE-like,Solyc01g095830.3,0.535363,3.96974,0.134861,2.77638e-39
4586,Solyc08g082390.3,wgd,TE-like,Solyc08g008330.3,0.166206,0.670499,0.247885,4.71155e-05
4587,Solyc08g082420.3,wgd,TE-like,Solyc12g055950.2,0.145798,0.526846,0.276737,1.69752e-07
4588,Solyc08g082440.3,wgd,gbM,Solyc12g055930.2,0.0980115,0.708741,0.138289,2.25434e-31
4589,Solyc08g082470.1,wgd,Unmethylated,Solyc01g095995.1,0.405114,1.64034,0.24697,7.79793e-13
4590,Solyc08g082610.3,wgd,Unclassified,Solyc08g008370.3,0.14212,1.30273,0.109094,4.97403e-29
4591,Solyc08g082630.3,wgd,gbM,Solyc08g008380.3,0.271362,0.964596,0.281322,5.42545e-27
4592,Solyc08g082670.3,wgd,TE-like,Solyc08g008390.2,0.232001,3.54256,0.0654896,5.96175e-29
4593,Solyc08g082710.3,wgd,TE-like,Solyc03g083030.3,0.486708,3.96835,0.122648,1.307e-33
4594,Solyc08g082750.3,wgd,gbM,Solyc08g008410.3,0.133674,0.678379,0.197049,3.17999e-55
4595,Solyc08g082760.3,wgd,Unclassified,Solyc08g008420.3,0.0729688,0.834018,0.0874907,6.38895e-12
4596,Solyc08g082770.3,wgd,Unmethylated,Solyc08g008430.3,0.281614,1.92362,0.146398,1.55196e-06
4597,Solyc08g082820.3,wgd,TE-like,Solyc03g082920.3,0.0441633,2.20592,0.0200203,6.06179e-167
4598,Solyc08g082890.3,wgd,TE-like,Solyc08g008485.1,0.100459,2.19995,0.0456643,3.37604e-29
4599,Solyc08g082900.3,wgd,gbM,Solyc03g082870.3,0.467578,3.35431,0.139396,2.00978e-56
4600,Solyc08g082910.2,wgd,TE-like,Solyc01g096120.3,0.411311,3.61548,0.113764,7.69737e-25
4601,Solyc08g082920.3,wgd,Unclassified,Solyc01g096130.3,0.0627449,1.82613,0.0343594,1.37337e-32
4602,Solyc08g082950.3,wgd,gbM,Solyc01g096140.3,0.332073,4.23723,0.0783703,5.94903e-56
4603,Solyc08g082970.3,wgd,Unclassified,Solyc08g008510.3,0.0874715,1.5138,0.0577826,8.06375e-67
4604,Solyc08g082980.2,wgd,gbM,Solyc01g096170.3,0.446256,4.41015,0.101188,3.96549e-68
4605,Solyc08g082990.3,wgd,gbM,Solyc03g082700.3,0.258462,4.68484,0.05517,4.76934e-111
4606,Solyc08g083030.3,wgd,gbM,Solyc03g082630.3,0.206764,4.12399,0.0501368,1.20373e-70
4607,Solyc08g083040.3,wgd,TE-like,Solyc08g008550.3,0.109871,0.60113,0.182774,9.20589e-44
4608,Solyc08g083060.3,wgd,gbM,Solyc03g082620.3,0.242407,3.23576,0.0749151,2.0664e-96
4609,Solyc08g083110.3,wgd,Unmethylated,Solyc08g008580.3,0.22674,2.77628,0.0816704,1.07081e-13
4610,Solyc08g083120.3,wgd,Unmethylated,Solyc01g096290.3,NA,1.67228,1.48845e-12,NA
4611,Solyc08g083170.1,wgd,TE-like,Solyc08g008600.3,0.306295,1.58125,0.193705,1.55582e-31
4612,Solyc08g083190.3,wgd,Unmethylated,Solyc08g008610.3,0.138846,1.05213,0.131966,8.78973e-47
4613,Solyc08g083370.3,wgd,Unmethylated,Solyc08g013680.3,0.0397408,3.47486,0.0114367,8.18497e-41
4614,Solyc08g083400.3,wgd,Unclassified,Solyc08g013690.1,0.3518,3.69244,0.0952757,7.52794e-44
4615,Solyc09g005720.3,wgd,Unclassified,Solyc10g084610.3,0.0662065,1.17431,0.0563789,5.92189e-26
4616,Solyc09g005730.3,wgd,TE-like,Solyc10g084600.2,0.254004,0.68096,0.373009,0.00262479
4617,Solyc09g005740.2,wgd,Unclassified,Solyc10g085900.2,0.261002,1.13819,0.229313,1.34881e-13
4618,Solyc09g005750.3,wgd,TE-like,Solyc05g054770.3,0.79216,4.54536,0.174279,4.61772e-25
4619,Solyc09g005810.3,wgd,TE-like,Solyc10g085920.2,0.0757228,0.858828,0.0881699,3.39493e-44
4620,Solyc09g005830.1,wgd,TE-like,Solyc05g054820.1,0.48226,4.52394,0.106602,7.83718e-52
4621,Solyc09g005860.3,wgd,TE-like,Solyc11g072960.1,0.311224,1.62554,0.191459,9.77211e-49
4622,Solyc09g005880.1,wgd,Unmethylated,Solyc05g054850.1,0.444844,3.95975,0.112342,1.77966e-34
4623,Solyc09g005910.3,wgd,TE-like,Solyc10g084540.2,0.230469,0.573713,0.401714,1.01152e-11
4624,Solyc09g005920.3,wgd,TE-like,Solyc10g084530.1,0.109263,1.1755,0.0929503,1.98629e-15
4625,Solyc09g005950.3,wgd,TE-like,Solyc10g085960.1,0.269192,3.50668,0.0767656,1.47421e-32
4626,Solyc09g005960.3,wgd,Unclassified,Solyc10g084500.1,0.226291,1.62221,0.139496,5.89119e-18
4627,Solyc09g005970.1,wgd,TE-like,Solyc05g054890.3,0.212962,4.66459,0.045655,4.24537e-148
4628,Solyc09g005980.3,wgd,TE-like,Solyc05g054920.3,0.287137,4.02414,0.0713537,1.77634e-46
4629,Solyc09g007030.3,wgd,TE-like,Solyc11g072820.2,0.343548,1.82148,0.188609,6.3007e-88
4630,Solyc09g007060.2,wgd,TE-like,Solyc10g084430.2,0.286263,0.933578,0.30663,5.38101e-10
4631,Solyc09g007080.3,wgd,TE-like,Solyc10g084410.2,0.118708,1.03323,0.11489,4.40307e-41
4632,Solyc09g007090.3,wgd,TE-like,Solyc10g085970.2,0.198544,0.809246,0.245344,2.78233e-10
4633,Solyc09g007150.3,wgd,TE-like,Solyc10g084400.2,0.148686,0.90857,0.163648,2.54913e-19
4634,Solyc09g007170.3,wgd,TE-like,Solyc10g085990.2,0.108524,0.701652,0.154669,1.09917e-27
4635,Solyc09g007250.3,wgd,Unclassified,Solyc10g084350.2,0.0478926,1.76964,0.0270634,1.54578e-83
4636,Solyc09g007260.3,wgd,Unclassified,Solyc11g072600.2,0.352753,4.56744,0.0772321,1.73159e-45
4637,Solyc09g007350.3,wgd,gbM,Solyc10g086020.2,NA,0.533899,3.50805e-12,NA
4638,Solyc09g007360.3,wgd,gbM,Solyc10g084290.2,0.18269,0.716866,0.254845,9.65262e-27
4639,Solyc09g007380.3,wgd,gbM,Solyc11g072440.2,0.370368,2.65305,0.139601,6.50237e-50
4640,Solyc09g007390.3,wgd,TE-like,Solyc10g086040.2,0.11365,0.388916,0.292222,6.32172e-05
4641,Solyc09g007410.3,wgd,TE-like,Solyc10g084280.2,0.102719,0.625933,0.164105,5.71847e-37
4642,Solyc09g007490.3,wgd,TE-like,Solyc10g084260.2,0.177083,0.833347,0.212496,2.46959e-15
4643,Solyc09g007510.2,wgd,gbM,Solyc10g084250.1,0.117502,1.82195,0.0644926,4.18071e-93
4644,Solyc09g007520.3,wgd,TE-like,Solyc10g084240.2,0.162511,1.8944,0.0857851,2.1713e-32
4645,Solyc09g007550.3,wgd,NA,Solyc11g069240.2,0.284848,3.98195,0.0715348,9.32902e-58
4646,Solyc09g007650.2,wgd,TE-like,Solyc11g069250.2,0.416571,3.43941,0.121117,5.63163e-20
4647,Solyc09g007670.3,wgd,TE-like,Solyc10g086070.2,0.0836676,0.930049,0.0899604,1.74834e-56
4648,Solyc09g007680.3,wgd,TE-like,Solyc11g069350.2,0.414871,2.77148,0.149693,1.66844e-44
4649,Solyc09g007760.3,wgd,Unmethylated,Solyc11g069430.2,0.120723,3.92682,0.0307432,3.21146e-76
4650,Solyc09g007790.1,wgd,Unclassified,Solyc06g075170.1,0.405788,3.44971,0.11763,8.69558e-22
4651,Solyc09g007810.3,wgd,gbM,Solyc10g086130.2,0.241062,1.2363,0.194987,2.77098e-33
4652,Solyc09g007820.2,wgd,TE-like,Solyc10g086137.1,0.129975,2.34458,0.0554364,5.30119e-84
4653,Solyc09g007830.3,wgd,Unclassified,Solyc11g069570.2,0.112575,1.64031,0.0686305,8.57238e-42
4654,Solyc09g007840.3,wgd,TE-like,Solyc11g069580.2,0.285232,4.63122,0.061589,6.73525e-115
4655,Solyc09g007850.3,wgd,TE-like,Solyc10g086150.2,0.132702,1.30871,0.1014,6.10792e-29
4656,Solyc09g007890.1,wgd,TE-like,Solyc10g086180.2,0.0699106,1.15138,0.0607191,1.09924e-107
4657,Solyc09g007940.3,wgd,TE-like,Solyc10g086190.2,0.0442087,0.552331,0.0800403,6.90319e-37
4658,Solyc09g007970.2,wgd,Unclassified,Solyc10g086200.1,0.112538,3.10914,0.0361958,7.1163e-27
4659,Solyc09g008000.3,wgd,TE-like,Solyc06g075020.3,0.3032,4.89381,0.0619559,1.00783e-151
4660,Solyc09g008020.3,wgd,gbM,Solyc11g069810.2,0.384092,3.92443,0.097872,3.75511e-31
4661,Solyc09g008070.3,wgd,TE-like,Solyc10g084050.2,0.0286675,0.953891,0.0300532,1.78764e-141
4662,Solyc09g008080.3,wgd,Unclassified,Solyc10g086230.1,0.472111,1.47024,0.321112,0.000178643
4663,Solyc09g008170.2,wgd,gbM,Solyc10g084020.1,0.374143,3.08524,0.121268,1.87699e-14
4664,Solyc09g008175.1,wgd,TE-like,Solyc06g074950.1,0.380099,7.20013,0.0527905,2.53994e-09
4665,Solyc09g008200.3,wgd,TE-like,Solyc10g084000.2,0.543441,1.29789,0.418712,3.33996e-05
4666,Solyc09g008250.3,wgd,TE-like,Solyc06g074910.3,0.441971,3.65536,0.12091,9.49273e-39
4667,Solyc09g008280.2,wgd,TE-like,Solyc10g083970.1,0.019898,0.55592,0.0357929,1.05425e-49
4668,Solyc09g008310.3,wgd,TE-like,Solyc10g083960.2,0.0975676,0.838436,0.116369,3.32052e-49
4669,Solyc09g008320.3,wgd,TE-like,Solyc11g066270.2,0.210705,3.69576,0.0570127,8.84538e-66
4670,Solyc09g008370.1,wgd,TE-like,Solyc11g066330.1,0.318974,4.42213,0.0721313,3.0529e-84
4671,Solyc09g008400.3,wgd,gbM,Solyc10g083920.2,0.0964543,1.15909,0.0832155,5.52308e-63
4672,Solyc09g008420.3,wgd,TE-like,Solyc10g083890.2,0.286492,2.20011,0.130217,3.43867e-15
4673,Solyc09g008440.1,wgd,TE-like,Solyc11g066400.1,0.460631,3.69625,0.124621,0
4674,Solyc09g008450.3,wgd,Unclassified,Solyc10g083860.2,0.191178,0.869253,0.219934,4.55638e-11
4675,Solyc09g008510.1,wgd,TE-like,Solyc10g085860.1,0.408292,4.22842,0.0965589,8.55546e-68
4676,Solyc09g008520.3,wgd,gbM,Solyc11g066480.2,0.305034,4.36425,0.0698938,3.38825e-64
4677,Solyc09g008600.3,wgd,TE-like,Solyc11g066620.2,0.281213,2.09522,0.134217,5.53759e-59
4678,Solyc09g008620.2,wgd,gbM,Solyc10g085750.2,0.192405,1.10428,0.174236,4.59628e-32
4679,Solyc09g008670.3,wgd,TE-like,Solyc10g083760.2,0.357189,1.82084,0.196167,3.27946e-46
4680,Solyc09g008690.2,wgd,gbM,Solyc10g085740.2,0.102298,2.25133,0.0454388,4.08381e-49
4681,Solyc09g008720.2,wgd,TE-like,Solyc10g083750.2,0.20624,4.03314,0.0511363,7.46243e-65
4682,Solyc09g008790.3,wgd,TE-like,Solyc11g066650.2,0.212595,4.35473,0.0488192,4.69661e-96
4683,Solyc09g008800.3,wgd,gbM,Solyc10g085480.2,0.0170893,0.746501,0.0228925,1.28141e-25
4684,Solyc09g008820.3,wgd,gbM,Solyc10g085490.2,0.101667,0.829457,0.12257,7.3711e-21
4685,Solyc09g008840.3,wgd,TE-like,Solyc10g083720.2,0.0579973,0.807602,0.0718142,2.68959e-61
4686,Solyc09g008990.3,wgd,Unmethylated,Solyc10g083675.1,0.207073,3.07171,0.0674128,2.34747e-19
4687,Solyc09g009010.3,wgd,gbM,Solyc10g083670.2,0.0594776,0.843564,0.0705075,1.76744e-43
4688,Solyc09g009020.3,wgd,gbM,Solyc10g085550.2,0.0580884,1.28281,0.0452821,1.38675e-27
4689,Solyc09g009030.3,wgd,TE-like,Solyc10g085560.2,0.160851,0.74519,0.215852,2.6094e-15
4690,Solyc09g009080.3,wgd,TE-like,Solyc10g083630.2,0.2396,0.673086,0.355972,1.71125e-42
4691,Solyc09g009090.3,wgd,TE-like,Solyc10g083610.2,0.143886,0.593551,0.242415,1.49535e-36
4692,Solyc09g009120.3,wgd,TE-like,Solyc10g083590.2,0.263749,0.786987,0.335138,4.21419e-29
4693,Solyc09g009130.3,wgd,Unmethylated,Solyc10g083580.2,0.328419,1.24328,0.264154,1.48451e-05
4694,Solyc09g009200.2,wgd,TE-like,Solyc10g083510.2,0.218774,2.77044,0.0789672,1.20866e-28
4695,Solyc09g009210.3,wgd,TE-like,Solyc10g083520.2,0.0621076,0.655742,0.0947135,4.76457e-16
4696,Solyc09g009220.3,wgd,TE-like,Solyc10g083530.2,0.323167,2.81947,0.11462,2.01868e-33
4697,Solyc09g009240.1,wgd,TE-like,Solyc10g083560.1,0.248803,2.06231,0.120643,6.52572e-21
4698,Solyc09g009250.3,wgd,TE-like,Solyc10g083563.1,0.177494,2.40312,0.07386,1.10795e-11
4699,Solyc09g009260.3,wgd,gbM,Solyc10g083570.2,0.0434749,3.8766,0.0112147,1.40673e-72
4700,Solyc09g009270.2,wgd,Unclassified,Solyc10g085590.1,0.137578,1.50475,0.0914292,1.75305e-59
4701,Solyc09g009300.3,wgd,gbM,Solyc11g067010.2,0.103452,3.45717,0.0299239,2.45533e-39
4702,Solyc09g009380.3,wgd,TE-like,Solyc11g067070.1,0.397107,4.69821,0.0845229,5.9124e-131
4703,Solyc09g009430.3,wgd,TE-like,Solyc10g083490.2,0.0568547,0.571346,0.09951,2.41609e-44
4704,Solyc09g009470.1,wgd,TE-like,Solyc10g083480.2,0.0596831,0.668597,0.0892662,7.75454e-46
4705,Solyc09g009580.3,wgd,TE-like,Solyc11g067180.2,0.503198,4.12455,0.122001,1.24712e-30
4706,Solyc09g009590.1,wgd,TE-like,Solyc10g083460.1,0.330598,1.32876,0.248802,1.84711e-11
4707,Solyc09g009690.3,wgd,TE-like,Solyc10g083420.2,0.0981493,1.13573,0.0864194,9.8962e-17
4708,Solyc09g009760.1,wgd,gbM,Solyc10g083380.2,0.63019,2.46022,0.256152,9.56643e-13
4709,Solyc09g009770.3,wgd,Unclassified,Solyc10g083360.2,0.212207,1.53621,0.138137,3.74744e-37
4710,Solyc09g009840.1,wgd,Unmethylated,Solyc10g083330.1,0.262392,0.776186,0.338053,1.47146e-11
4711,Solyc09g009980.2,wgd,TE-like,Solyc10g083320.2,0.0731192,0.56729,0.128892,3.56524e-08
4712,Solyc09g010060.3,wgd,gbM,Solyc10g083310.2,0.0909525,0.88127,0.103206,1.80504e-79
4713,Solyc09g010080.3,wgd,TE-like,Solyc10g083290.4,0.161043,1.36532,0.117952,2.48174e-72
4714,Solyc09g010100.3,wgd,gbM,Solyc10g083280.3,NA,0.63041,3.06081e-12,NA
4715,Solyc09g010200.3,wgd,Unclassified,Solyc10g083250.2,0.209969,1.99932,0.10502,2.0962e-22
4716,Solyc09g010230.2,wgd,Unclassified,Solyc10g083210.2,0.241469,2.82145,0.0855831,2.53993e-29
4717,Solyc09g010350.3,wgd,TE-like,Solyc06g075790.3,0.452977,1.88025,0.240914,1.25429e-25
4718,Solyc09g010370.3,wgd,TE-like,Solyc10g086350.2,0.0334958,0.538576,0.0621933,1.52156e-24
4719,Solyc09g010390.2,wgd,Unmethylated,Solyc10g084620.2,0.107242,5.41082,0.0198198,6.31025e-44
4720,Solyc09g010410.3,wgd,TE-like,Solyc10g086360.2,0.271792,1.0066,0.27001,3.6135e-07
4721,Solyc09g010440.3,wgd,gbM,Solyc10g084660.2,0.0497701,0.794055,0.0626784,3.66813e-15
4722,Solyc09g010460.3,wgd,TE-like,Solyc10g084670.2,0.0844565,0.734403,0.115,5.01709e-84
4723,Solyc09g010510.3,wgd,TE-like,Solyc10g086390.2,0.163753,1.51494,0.108092,1.0633e-13
4724,Solyc09g010520.3,wgd,Unclassified,Solyc10g084690.2,0.138396,1.34858,0.102623,3.84958e-45
4725,Solyc09g010564.1,wgd,TE-like,Solyc06g075970.3,0.560013,4.19495,0.133497,1.78228e-29
4726,Solyc09g010630.3,wgd,gbM,Solyc10g086410.3,0.0153544,1.2776,0.0120182,3.37264e-158
4727,Solyc09g010640.2,wgd,gbM,Solyc10g086420.1,0.0720403,0.720746,0.0999524,4.50014e-44
4728,Solyc09g010680.3,wgd,TE-like,Solyc06g076030.3,0.453041,3.88268,0.116682,1.19105e-54
4729,Solyc09g010690.3,wgd,TE-like,Solyc06g076050.3,0.257595,4.24877,0.060628,2.13472e-75
4730,Solyc09g010720.3,wgd,TE-like,Solyc10g086430.2,0.19681,1.23288,0.159635,1.81286e-90
4731,Solyc09g010780.3,wgd,TE-like,Solyc06g076100.3,0.300226,4.40332,0.0681819,7.05004e-102
4732,Solyc09g010790.1,wgd,TE-like,Solyc10g084750.1,0.351605,1.55065,0.226747,1.5159e-22
4733,Solyc09g010800.4,wgd,Unmethylated,Solyc06g076140.3,0.262356,0.885001,0.296447,0.000414199
4734,Solyc09g010830.3,wgd,TE-like,Solyc10g084760.2,0.180071,0.744808,0.241769,3.47665e-89
4735,Solyc09g010850.3,wgd,TE-like,Solyc10g084770.2,0.0900342,1.41545,0.0636079,3.45511e-50
4736,Solyc09g010860.3,wgd,Unclassified,Solyc10g084780.2,0.122574,1.91244,0.0640931,1.54759e-49
4737,Solyc09g010920.1,wgd,TE-like,Solyc10g086530.1,0.175417,0.88907,0.197304,4.98055e-46
4738,Solyc09g010940.3,wgd,gbM,Solyc06g076300.3,0.266195,2.97509,0.0894747,1.80809e-33
4739,Solyc09g010950.3,wgd,TE-like,Solyc10g086540.2,0.141373,0.75414,0.187463,1.20171e-40
4740,Solyc09g010990.3,wgd,TE-like,Solyc06g076330.3,0.178107,4.38668,0.0406018,9.16848e-146
4741,Solyc09g011027.1,wgd,Unclassified,Solyc10g084840.2,0.157468,2.44812,0.0643221,2.05588e-31
4742,Solyc09g011060.2,wgd,gbM,Solyc10g084860.1,0.397679,4.50898,0.0881971,8.90588e-107
4743,Solyc09g011080.3,wgd,TE-like,Solyc10g086580.2,0.0562306,0.820281,0.0685504,1.00455e-49
4744,Solyc09g011100.1,wgd,TE-like,Solyc10g086610.1,0.5071,1.57542,0.321883,0.000663831
4745,Solyc09g011110.1,wgd,Unclassified,Solyc10g084910.2,0.362513,1.74965,0.207192,4.55102e-11
4746,Solyc09g011130.1,wgd,Unclassified,Solyc10g086620.2,0.349043,3.75177,0.0930341,1.98301e-33
4747,Solyc09g011190.1,wgd,Unmethylated,Solyc10g086630.1,0.316991,2.05023,0.154612,1.8194e-08
4748,Solyc09g011310.3,wgd,TE-like,Solyc10g084920.2,0.0478781,0.539364,0.0887677,5.71791e-22
4749,Solyc09g011320.3,wgd,TE-like,Solyc10g084930.2,0.133064,0.59907,0.222118,6.62808e-35
4750,Solyc09g011380.3,wgd,gbM,Solyc10g086640.2,0.234824,3.84004,0.0611515,2.05736e-45
4751,Solyc09g011390.3,wgd,gbM,Solyc10g084940.2,0.147014,0.880042,0.167053,4.18771e-12
4752,Solyc09g011400.1,wgd,NA,Solyc10g084950.2,0.253003,3.26192,0.0775628,2.30943e-06
4753,Solyc09g011480.3,wgd,gbM,Solyc10g086660.2,0.138457,0.80142,0.172765,5.3844e-44
4754,Solyc09g011640.4,wgd,Unclassified,Solyc10g084960.2,0.205261,2.59357,0.079142,1.48318e-32
4755,Solyc09g011660.3,wgd,Unclassified,Solyc10g086670.2,0.172591,1.07468,0.160598,4.62958e-14
4756,Solyc09g011690.3,wgd,Unmethylated,Solyc10g084970.2,0.252915,1.53575,0.164686,6.18736e-22
4757,Solyc09g011710.3,wgd,TE-like,Solyc10g086680.1,0.358508,2.49039,0.143956,8.65547e-12
4758,Solyc09g011740.3,wgd,gbM,Solyc10g086690.2,0.0943117,0.720434,0.13091,6.39087e-26
4759,Solyc09g011750.3,wgd,gbM,Solyc10g085000.2,0.0645101,0.737893,0.0874248,6.42829e-50
4760,Solyc09g011770.3,wgd,gbM,Solyc10g086700.2,0.183918,0.786987,0.233699,1.73975e-09
4761,Solyc09g011790.3,wgd,TE-like,Solyc10g086710.2,0.301636,1.78644,0.168848,5.48142e-16
4762,Solyc09g011810.3,wgd,gbM,Solyc10g086720.2,0.0763145,0.770749,0.0990135,2.74921e-32
4763,Solyc09g011820.3,wgd,gbM,Solyc10g086740.2,0.244296,0.786566,0.310586,3.04451e-12
4764,Solyc09g011860.3,wgd,gbM,Solyc10g085050.2,0.171071,2.32731,0.0735058,8.16342e-58
4765,Solyc09g012000.1,wgd,Unclassified,Solyc10g084860.1,0.366531,4.45687,0.0822396,8.64429e-137
4766,Solyc09g013130.3,wgd,TE-like,Solyc10g085060.2,0.0927124,0.642256,0.144354,1.20142e-65
4767,Solyc09g014160.2,wgd,Unclassified,Solyc10g085070.2,0.17863,2.29222,0.0779285,1.8052e-63
4768,Solyc09g014215.1,wgd,Unmethylated,Solyc10g085080.2,0.217846,0.930416,0.234139,5.76772e-14
4769,Solyc09g014240.3,wgd,TE-like,Solyc10g085090.2,0.0795871,1.58705,0.0501479,1.97081e-104
4770,Solyc09g014250.3,wgd,gbM,Solyc10g076820.2,0.135215,2.56687,0.052677,1.38852e-32
4771,Solyc09g014300.3,wgd,TE-like,Solyc10g085100.2,0.123736,0.690747,0.179134,3.15619e-34
4772,Solyc09g014380.3,wgd,gbM,Solyc10g076790.2,0.045449,0.840334,0.0540844,3.22885e-72
4773,Solyc09g014390.1,wgd,Unclassified,Solyc10g076780.1,0.210156,4.0361,0.052069,1.2635e-58
4774,Solyc09g014460.1,wgd,Unclassified,Solyc10g076760.2,0.13829,2.52908,0.0546801,4.21121e-23
4775,Solyc09g014500.3,wgd,Unmethylated,Solyc10g076750.2,0.150587,0.447548,0.336472,0.000163328
4776,Solyc09g014780.3,wgd,TE-like,Solyc10g076260.2,0.138215,0.834915,0.165544,7.45425e-38
4777,Solyc09g014995.1,wgd,TE-like,Solyc10g076300.2,0.248164,0.645086,0.3847,3.21575e-05
4778,Solyc09g015120.3,wgd,TE-like,Solyc10g076330.2,0.352691,0.881315,0.400187,3.49306e-10
4779,Solyc09g015155.1,wgd,Unmethylated,Solyc10g076360.1,0.127098,1.11547,0.113942,2.33283e-20
4780,Solyc09g015350.3,wgd,TE-like,Solyc10g076400.2,0.305141,3.78517,0.0806148,1.38111e-31
4781,Solyc09g015380.1,wgd,Unclassified,Solyc10g076410.1,0.144455,1.61213,0.0896052,1.42974e-34
4782,Solyc09g015420.3,wgd,Unmethylated,Solyc10g076420.2,0.254135,1.35313,0.187812,3.57977e-17
4783,Solyc09g018780.3,wgd,TE-like,Solyc06g082810.3,0.122158,0.768825,0.158889,2.46531e-14
4784,Solyc09g018840.3,wgd,TE-like,Solyc06g082820.3,0.198883,1.4341,0.138682,3.05887e-19
4785,Solyc09g018845.1,wgd,TE-like,Solyc06g082825.1,0.289348,1.87008,0.154725,6.60564e-15
4786,Solyc09g018955.1,wgd,TE-like,Solyc06g082840.3,0.153354,0.737816,0.207849,5.42721e-37
4787,Solyc09g019980.3,wgd,Unmethylated,Solyc06g082860.3,0.243499,1.16943,0.20822,2.64746e-23
4788,Solyc09g020010.2,wgd,TE-like,Solyc06g082895.1,0.109439,0.462247,0.236755,2.86783e-10
4789,Solyc09g025210.3,wgd,Unmethylated,Solyc09g090150.3,0.434968,5.5786,0.0779707,9.91111e-43
4790,Solyc09g025280.1,wgd,gbM,Solyc09g090180.1,0.134868,3.52516,0.0382586,3.62207e-39
4791,Solyc09g025310.3,wgd,TE-like,Solyc06g008360.3,0.242859,1.93185,0.125713,7.32591e-28
4792,Solyc09g060080.3,wgd,TE-like,Solyc06g083420.2,0.195981,0.695852,0.281642,1.36669e-42
4793,Solyc09g061230.3,wgd,TE-like,Solyc06g083440.3,0.0909482,0.880751,0.103262,7.20786e-15
4794,Solyc09g061290.3,wgd,TE-like,Solyc06g083460.3,0.0653602,1.13734,0.0574678,1.75477e-52
4795,Solyc09g061330.2,wgd,gbM,Solyc06g083500.3,0.228261,1.73482,0.131576,1.2509e-49
4796,Solyc09g061430.3,wgd,TE-like,Solyc06g083520.3,0.0838071,0.874713,0.095811,8.14516e-65
4797,Solyc09g061620.3,wgd,TE-like,Solyc06g083530.3,0.0427992,0.591264,0.0723859,1.84477e-25
4798,Solyc09g061700.3,wgd,Unclassified,Solyc06g007970.3,0.0976913,2.23745,0.043662,6.28324e-44
4799,Solyc09g061710.3,wgd,TE-like,Solyc06g083540.3,0.179653,1.09527,0.164025,1.9596e-21
4800,Solyc09g061730.2,wgd,Unclassified,Solyc06g083560.3,0.3137,2.42253,0.129493,2.68566e-17
4801,Solyc09g061860.3,wgd,TE-like,Solyc06g007980.3,0.114512,1.34373,0.0852194,8.11578e-45
4802,Solyc09g061890.3,wgd,gbM,Solyc06g083580.3,0.101491,1.26914,0.0799682,2.16403e-53
4803,Solyc09g063010.3,wgd,Unclassified,Solyc06g008030.3,0.199446,0.604547,0.32991,5.9858e-06
4804,Solyc09g063020.3,wgd,TE-like,Solyc06g083630.3,0.040233,0.661395,0.0608305,1.12363e-30
4805,Solyc09g063030.3,wgd,TE-like,Solyc06g008040.3,0.0850237,0.720048,0.11808,1.80691e-119
4806,Solyc09g063060.3,wgd,Unclassified,Solyc06g083650.3,0.150501,2.10803,0.0713944,2.27488e-50
4807,Solyc09g063090.3,wgd,TE-like,Solyc06g083660.3,0.202665,0.632256,0.320542,1.41459e-28
4808,Solyc09g063130.3,wgd,gbM,Solyc06g083680.3,0.142182,0.682891,0.208206,6.36678e-08
4809,Solyc09g064160.3,wgd,Unclassified,Solyc06g008050.3,0.0831436,1.55299,0.0535377,2.94635e-64
4810,Solyc09g064200.3,wgd,TE-like,Solyc06g008090.3,0.0694384,0.822178,0.0844567,2.18569e-142
4811,Solyc09g064720.3,wgd,Unclassified,Solyc01g080220.3,0.285685,2.24162,0.127446,1.16623e-28
4812,Solyc09g064780.3,wgd,TE-like,Solyc01g080200.3,0.250289,5.15188,0.0485821,3.02891e-219
4813,Solyc09g064810.3,wgd,gbM,Solyc06g084330.3,0.127571,0.569949,0.223829,6.86043e-38
4814,Solyc09g064820.1,wgd,Unclassified,Solyc06g084320.1,0.208373,1.59204,0.130884,6.46418e-32
4815,Solyc09g064870.3,wgd,TE-like,Solyc01g080160.3,0.204873,2.09133,0.0979629,6.30632e-73
4816,Solyc09g064910.1,wgd,TE-like,Solyc01g080150.3,0.392598,3.8476,0.102037,1.04428e-44
4817,Solyc09g065000.3,wgd,Unclassified,Solyc01g079960.2,0.537533,4.10843,0.130837,3.91746e-53
4818,Solyc09g065030.3,wgd,gbM,Solyc01g079850.3,0.291534,4.19464,0.0695014,3.6936e-60
4819,Solyc09g065140.1,wgd,Unclassified,Solyc01g079740.3,0.545533,3.60752,0.151221,5.12414e-18
4820,Solyc09g065190.2,wgd,gbM,Solyc01g079680.3,0.207883,4.36822,0.04759,1.33879e-100
4821,Solyc09g065210.3,wgd,TE-like,Solyc06g084250.3,0.0619051,0.964357,0.0641932,1.32988e-92
4822,Solyc09g065230.1,wgd,TE-like,Solyc06g084240.2,0.134098,0.641384,0.209075,0.00041279
4823,Solyc09g065250.2,wgd,TE-like,Solyc09g075810.3,0.484404,1.8975,0.255285,1.33003e-10
4824,Solyc09g065330.3,wgd,Unclassified,Solyc06g084230.3,0.00327064,0.880806,0.00371323,9.67939e-31
4825,Solyc09g065340.3,wgd,TE-like,Solyc09g076010.3,0.626518,4.87313,0.128566,7.94539e-106
4826,Solyc09g065360.3,wgd,Unclassified,Solyc09g082100.3,0.427089,1.7967,0.237707,9.87596e-16
4827,Solyc09g065370.2,wgd,TE-like,Solyc09g082150.1,0.337134,3.11969,0.108066,3.18118e-14
4828,Solyc09g065380.2,wgd,Unmethylated,Solyc06g084200.2,0.26297,1.15803,0.227084,4.78024e-11
4829,Solyc09g065390.1,wgd,Unmethylated,Solyc09g082210.3,0.446874,3.2496,0.137517,9.90911e-26
4830,Solyc09g065410.3,wgd,Unclassified,Solyc09g082270.3,0.55481,2.70494,0.20511,5.3018e-07
4831,Solyc09g065420.3,wgd,TE-like,Solyc06g054060.1,0.41325,3.52699,0.117168,2.60622e-16
4832,Solyc09g065445.1,wgd,Unclassified,Solyc06g084170.3,0.189283,0.873634,0.216661,2.67451e-06
4833,Solyc09g065470.3,wgd,TE-like,Solyc09g082330.2,0.505507,4.17139,0.121184,4.60344e-35
4834,Solyc09g065480.2,wgd,gbM,Solyc06g054010.3,0.227839,2.31916,0.0982421,6.75145e-80
4835,Solyc09g065520.3,wgd,TE-like,Solyc09g082460.3,0.203647,1.79278,0.113593,1.13273e-47
4836,Solyc09g065550.3,wgd,gbM,Solyc09g082510.3,0.554778,1.75893,0.315407,4.89436e-76
4837,Solyc09g065560.3,wgd,TE-like,Solyc06g084140.3,0.106681,1.39732,0.0763464,1.81475e-60
4838,Solyc09g065590.3,wgd,TE-like,Solyc09g082580.3,0.267074,4.30759,0.0620008,8.84922e-93
4839,Solyc09g065610.2,wgd,Unclassified,Solyc09g082590.3,0.308062,2.56288,0.120201,0
4840,Solyc09g065620.3,wgd,Unclassified,Solyc09g082600.2,0.598142,3.91218,0.152892,4.27834e-19
4841,Solyc09g065630.3,wgd,Unclassified,Solyc06g084120.3,0.299195,1.00365,0.298108,5.00159e-10
4842,Solyc09g065650.3,wgd,TE-like,Solyc06g084100.3,0.396781,3.77891,0.104999,1.03425e-35
4843,Solyc09g065660.3,wgd,Unclassified,Solyc06g053950.2,0.478243,3.09784,0.154379,1.38236e-20
4844,Solyc09g065755.1,wgd,Unclassified,Solyc06g084090.3,0.0168533,1.13414,0.01486,4.70103e-24
4845,Solyc09g065760.3,wgd,Unclassified,Solyc06g053910.3,0.392292,3.01229,0.13023,8.82376e-36
4846,Solyc09g065780.3,wgd,TE-like,Solyc09g083050.3,0.4232,4.23227,0.0999935,1.87787e-50
4847,Solyc09g065820.3,wgd,gbM,Solyc09g083220.3,0.276927,2.421,0.114385,2.96162e-36
4848,Solyc09g065850.3,wgd,Unclassified,Solyc06g053840.3,0.258055,3.3688,0.0766013,1.61393e-40
4849,Solyc09g065880.3,wgd,Unclassified,Solyc06g084060.3,0.134674,1.20937,0.111359,1.07472e-57
4850,Solyc09g065910.2,wgd,Unmethylated,Solyc06g084045.1,0.17881,0.638326,0.280123,2.10079e-06
4851,Solyc09g065990.3,wgd,gbM,Solyc09g083300.2,0.772329,3.57017,0.216328,1.98496e-10
4852,Solyc09g066000.1,wgd,Unmethylated,Solyc09g083320.1,0.508982,1.80706,0.281662,1.08713e-07
4853,Solyc09g066100.3,wgd,Unmethylated,Solyc09g083380.3,0.423112,1.43298,0.295268,5.59089e-10
4854,Solyc09g066120.3,wgd,TE-like,Solyc06g084000.3,0.127313,1.28963,0.0987205,1.66461e-37
4855,Solyc09g066250.1,wgd,Unclassified,Solyc09g089600.1,0.646609,3.10983,0.207924,3.25822e-14
4856,Solyc09g066260.3,wgd,TE-like,Solyc06g083930.2,0.120496,2.84472,0.0423577,0
4857,Solyc09g066300.2,wgd,Unclassified,Solyc09g089890.1,0.378596,3.80637,0.0994638,7.29574e-51
4858,Solyc09g066310.3,wgd,TE-like,Solyc06g083910.3,0.421922,3.89444,0.108339,2.9815e-27
4859,Solyc09g066340.1,wgd,gbM,Solyc09g089910.1,0.307484,3.21392,0.0956723,3.78755e-18
4860,Solyc09g066360.1,wgd,Unclassified,Solyc09g089930.2,0.301509,3.49671,0.0862265,1.77373e-40
4861,Solyc09g066410.2,wgd,gbM,Solyc09g090070.1,0.116452,4.42135,0.0263386,7.98436e-128
4862,Solyc09g066420.3,wgd,TE-like,Solyc06g008250.3,0.13142,0.849824,0.154644,2.02031e-30
4863,Solyc09g066430.3,wgd,Unclassified,Solyc06g083820.3,0.0408745,0.888005,0.0460296,8.42331e-20
4864,Solyc09g066440.3,wgd,TE-like,Solyc06g008320.3,0.0555556,0.735683,0.0755157,2.21233e-19
4865,Solyc09g066460.3,wgd,TE-like,Solyc06g008330.2,0.0818296,0.754277,0.108487,2.89301e-40
4866,Solyc09g066490.3,wgd,Unclassified,Solyc06g008340.3,0.0926964,1.22052,0.0759482,5.98859e-37
4867,Solyc09g072610.3,wgd,gbM,Solyc09g090350.3,0.294053,4.58903,0.0640774,4.60308e-91
4868,Solyc09g072640.3,wgd,Unclassified,Solyc06g008240.3,0.29328,3.52036,0.0833097,5.82489e-25
4869,Solyc09g072650.3,wgd,TE-like,Solyc06g008230.3,0.164781,0.655048,0.251556,5.93331e-24
4870,Solyc09g072780.2,wgd,TE-like,Solyc09g090470.3,0.247411,4.48,0.0552258,1.40939e-98
4871,Solyc09g072790.3,wgd,gbM,Solyc09g090520.3,0.437469,4.06539,0.107608,1.48143e-45
4872,Solyc09g072830.3,wgd,TE-like,Solyc06g008200.3,0.16453,0.906639,0.181472,5.63029e-29
4873,Solyc09g072870.3,wgd,Unclassified,Solyc09g090610.3,0.00642663,1.30991,0.00490615,4.56058e-42
4874,Solyc09g072880.3,wgd,gbM,Solyc06g008160.3,0.213206,1.31908,0.161633,1.29667e-18
4875,Solyc09g072890.2,wgd,TE-like,Solyc06g008130.3,0.531467,1.94304,0.273523,2.08585e-17
4876,Solyc09g072900.3,wgd,TE-like,Solyc01g080220.3,0.265832,1.7994,0.147733,1.42051e-27
4877,Solyc09g072980.2,wgd,TE-like,Solyc01g080250.3,0.175795,5.29305,0.0332125,5.30132e-81
4878,Solyc09g073000.3,wgd,TE-like,Solyc06g008940.3,0.0430891,0.803876,0.0536016,2.21573e-62
4879,Solyc09g074060.3,wgd,Unclassified,Solyc01g080340.3,0.541532,2.21193,0.244823,3.22276e-20
4880,Solyc09g074080.2,wgd,TE-like,Solyc01g080367.1,0.185597,3.93181,0.0472039,2.45017e-75
4881,Solyc09g074140.2,wgd,TE-like,Solyc06g008900.3,0.365506,0.806742,0.453065,2.86923e-09
4882,Solyc09g074210.3,wgd,Unclassified,Solyc01g080480.3,0.285621,4.24349,0.067308,1.78637e-79
4883,Solyc09g074250.3,wgd,TE-like,Solyc01g080520.3,0.351285,4.1539,0.0845675,4.7606e-71
4884,Solyc09g074270.3,wgd,Unclassified,Solyc06g008870.2,0.0706069,3.95185,0.0178668,4.21259e-97
4885,Solyc09g074380.3,wgd,TE-like,Solyc06g008850.3,0.347773,0.690409,0.503719,4.99958e-07
4886,Solyc09g074520.3,wgd,gbM,Solyc06g008780.2,0.172981,1.51276,0.114347,1.05861e-36
4887,Solyc09g074570.1,wgd,NA,Solyc06g008760.1,0.161269,2.49834,0.0645504,1.07236e-13
4888,Solyc09g074580.1,wgd,NA,Solyc06g008750.1,0.0944897,0.73261,0.128977,7.82816e-08
4889,Solyc09g074640.3,wgd,gbM,Solyc06g008740.3,0.169233,0.526285,0.321561,1.93143e-12
4890,Solyc09g074670.3,wgd,TE-like,Solyc06g008720.3,0.292649,0.758016,0.386072,1.79022e-29
4891,Solyc09g074680.3,wgd,TE-like,Solyc06g008710.2,0.193433,1.07118,0.18058,3.61721e-45
4892,Solyc09g074760.1,wgd,TE-like,Solyc01g099320.3,0.271868,3.21864,0.0844667,4.68115e-24
4893,Solyc09g074780.3,wgd,TE-like,Solyc01g099340.3,0.32722,3.96308,0.082567,6.07885e-93
4894,Solyc09g074850.3,wgd,Unclassified,Solyc06g009020.2,0.261481,1.70733,0.153152,1.19282e-22
4895,Solyc09g074890.1,wgd,Unmethylated,Solyc01g099520.3,0.271819,3.15846,0.0860606,3.4801e-22
4896,Solyc09g074930.3,wgd,Unmethylated,Solyc01g099680.3,0.412776,2.62994,0.156952,1.99165e-14
4897,Solyc09g075090.1,wgd,TE-like,Solyc06g009060.3,0.232778,1.70883,0.136221,3.35013e-26
4898,Solyc09g075150.3,wgd,Unmethylated,Solyc01g099830.3,0.0864335,3.34825,0.0258146,2.30909e-42
4899,Solyc09g075210.3,wgd,Unmethylated,Solyc06g009140.3,0.213843,2.1224,0.100755,1.16953e-09
4900,Solyc09g075220.1,wgd,Unmethylated,Solyc06g009150.1,0.484738,3.48253,0.139191,2.74999e-18
4901,Solyc09g075290.3,wgd,Unclassified,Solyc01g099900.3,0.0743655,1.49221,0.0498358,4.45765e-43
4902,Solyc09g075300.3,wgd,Unclassified,Solyc06g009170.3,0.202091,1.87903,0.107551,1.03573e-45
4903,Solyc09g075330.3,wgd,Unclassified,Solyc06g009180.2,0.171451,4.30049,0.0398679,3.04895e-122
4904,Solyc09g075430.3,wgd,gbM,Solyc06g009210.3,0.00855531,0.764614,0.011189,4.45947e-44
4905,Solyc09g075480.3,wgd,gbM,Solyc01g100120.3,0.316657,4.85986,0.0651576,1.15548e-118
4906,Solyc09g075510.3,wgd,gbM,Solyc01g100160.3,0.588003,3.23823,0.181582,2.56057e-08
4907,Solyc09g075530.3,wgd,gbM,Solyc01g100170.3,0.21475,4.03081,0.0532772,9.41561e-55
4908,Solyc09g075560.1,wgd,Unmethylated,Solyc01g100210.3,0.258384,4.11306,0.0628203,9.23379e-70
4909,Solyc09g075610.3,wgd,Unmethylated,Solyc01g100220.3,0.350721,3.10955,0.112788,3.05799e-14
4910,Solyc09g075680.1,wgd,TE-like,Solyc06g054300.1,0.230482,2.43948,0.0944799,1.62572e-43
4911,Solyc09g075740.1,wgd,gbM,Solyc06g054280.1,0.247807,1.48335,0.167059,8.9391e-18
4912,Solyc09g075810.3,wgd,Unclassified,Solyc09g065250.2,0.484404,1.8975,0.255285,1.33003e-10
4913,Solyc09g075820.3,wgd,TE-like,Solyc06g054270.3,0.325109,4.40512,0.0738024,1.30959e-64
4914,Solyc09g075990.3,wgd,TE-like,Solyc06g054240.3,0.291709,1.21105,0.240873,5.43872e-15
4915,Solyc09g076010.3,wgd,TE-like,Solyc09g065340.3,0.626518,4.87313,0.128566,7.94539e-106
4916,Solyc09g082100.3,wgd,Unclassified,Solyc09g065360.3,0.427089,1.7967,0.237707,9.87596e-16
4917,Solyc09g082140.3,wgd,TE-like,Solyc06g054160.1,0.413286,2.00043,0.206599,1.36601e-10
4918,Solyc09g082150.1,wgd,Unmethylated,Solyc06g054150.1,0.23725,0.894407,0.26526,4.07319e-07
4919,Solyc09g082160.3,wgd,TE-like,Solyc06g054140.3,0.252494,1.42777,0.176845,0.0257407
4920,Solyc09g082190.1,wgd,NA,NA,NA,NA,NA,NA
4921,Solyc09g082200.2,wgd,TE-like,Solyc06g054100.2,0.2932,1.37049,0.213938,2.13465e-07
4922,Solyc09g082210.3,wgd,NA,Solyc09g065390.1,0.446874,3.2496,0.137517,9.90911e-26
4923,Solyc09g082220.1,wgd,Unmethylated,Solyc06g054090.1,0.555799,2.33143,0.238394,7.90816e-05
4924,Solyc09g082270.3,wgd,TE-like,Solyc09g065410.3,0.55481,2.70494,0.20511,5.3018e-07
4925,Solyc09g082290.3,wgd,Unclassified,Solyc06g054030.2,0.605905,3.65601,0.165729,7.10549e-16
4926,Solyc09g082330.2,wgd,TE-like,Solyc09g065470.3,0.505507,4.17139,0.121184,4.60344e-35
4927,Solyc09g082370.3,wgd,gbM,Solyc06g054010.3,0.0987303,0.896544,0.110123,4.40005e-59
4928,Solyc09g082460.3,wgd,TE-like,Solyc09g065520.3,0.203647,1.79278,0.113593,1.13273e-47
4929,Solyc09g082510.3,wgd,TE-like,Solyc09g065550.3,0.554778,1.75893,0.315407,4.89436e-76
4930,Solyc09g082550.3,wgd,TE-like,Solyc09g065560.3,0.171263,4.51245,0.0379534,1.20317e-127
4931,Solyc09g082580.3,wgd,Unclassified,Solyc09g065590.3,0.267074,4.30759,0.0620008,8.84922e-93
4932,Solyc09g082590.3,wgd,TE-like,Solyc09g065610.2,0.308062,2.56288,0.120201,0
4933,Solyc09g082600.2,wgd,Unclassified,Solyc09g065620.3,0.598142,3.91218,0.152892,4.27834e-19
4934,Solyc09g082620.3,wgd,Unmethylated,Solyc06g053970.3,0.304325,1.13713,0.267626,9.75344e-07
4935,Solyc09g082670.3,wgd,Unclassified,Solyc06g053960.3,0.153111,1.65626,0.0924439,1.18736e-14
4936,Solyc09g082710.3,wgd,Unmethylated,Solyc03g005227.1,0.0260941,1.06909,0.0244078,4.16468e-28
4937,Solyc09g082770.3,wgd,Unclassified,Solyc03g005270.3,0.115522,0.730566,0.158127,7.75393e-19
4938,Solyc09g082980.3,wgd,Unclassified,Solyc09g065760.3,0.457933,3.00631,0.152324,8.17902e-32
4939,Solyc09g083000.3,wgd,gbM,Solyc03g005310.3,0.126567,0.832116,0.152103,2.14399e-28
4940,Solyc09g083050.3,wgd,TE-like,Solyc03g005320.3,0.0621507,1.52886,0.0406517,2.17368e-113
4941,Solyc09g083090.3,wgd,Unmethylated,Solyc03g005330.1,0.243303,1.81064,0.134374,8.46027e-37
4942,Solyc09g083105.1,wgd,Unclassified,Solyc03g005340.3,0.296484,2.21277,0.133988,1.19147e-13
4943,Solyc09g083220.3,wgd,Unclassified,Solyc03g005350.3,0.133605,0.864975,0.154461,2.33866e-24
4944,Solyc09g083280.3,wgd,NA,Solyc03g005355.1,0.136682,2.23123,0.0612585,1.94309e-21
4945,Solyc09g083290.3,wgd,TE-like,Solyc06g053830.3,0.126447,1.37644,0.091865,9.64032e-20
4946,Solyc09g083300.2,wgd,TE-like,Solyc09g065990.3,0.772329,3.57017,0.216328,1.98496e-10
4947,Solyc09g083320.1,wgd,Unclassified,Solyc09g066000.1,0.508982,1.80706,0.281662,1.08713e-07
4948,Solyc09g083330.3,wgd,TE-like,Solyc03g005410.3,0.0715687,0.797449,0.0897471,2.47259e-46
4949,Solyc09g083380.3,wgd,Unmethylated,Solyc09g066100.3,0.423112,1.43298,0.295268,5.59089e-10
4950,Solyc09g083400.3,wgd,gbM,Solyc06g053780.3,0.218107,0.483032,0.451537,2.66482e-06
4951,Solyc09g089550.3,wgd,gbM,Solyc03g005430.3,0.560985,2.13035,0.26333,3.89172e-16
4952,Solyc09g089560.3,wgd,TE-like,Solyc06g053740.3,0.160936,0.698262,0.230482,1.60292e-11
4953,Solyc09g089570.3,wgd,gbM,Solyc03g005440.3,0.301644,1.0742,0.280809,0.000340439
4954,Solyc09g089590.1,wgd,Unclassified,Solyc06g053720.2,0.497641,3.37748,0.147341,8.15272e-13
4955,Solyc09g089600.1,wgd,gbM,Solyc09g066250.1,0.646609,3.10983,0.207924,3.25822e-14
4956,Solyc09g089610.3,wgd,gbM,Solyc06g053710.3,0.23519,0.782448,0.300582,5.02472e-28
4957,Solyc09g089650.1,wgd,Unmethylated,Solyc06g053700.1,0.286519,1.04736,0.273564,8.41849e-07
4958,Solyc09g089670.3,wgd,gbM,Solyc06g053660.3,0.446464,2.16595,0.206129,3.22052e-13
4959,Solyc09g089730.3,wgd,TE-like,Solyc06g053650.2,0.238934,2.65161,0.0901091,1.05303e-23
4960,Solyc09g089860.3,wgd,TE-like,Solyc03g005480.3,0.120053,1.20604,0.0995438,1.00496e-43
4961,Solyc09g089890.1,wgd,TE-like,Solyc06g053640.1,0.197728,1.92736,0.10259,4.89648e-36
4962,Solyc09g089910.1,wgd,gbM,Solyc03g005500.1,0.127953,3.1233,0.0409673,1.79475e-32
4963,Solyc09g089930.2,wgd,TE-like,Solyc09g066360.1,0.301509,3.49671,0.0862265,1.77373e-40
4964,Solyc09g090060.3,wgd,gbM,Solyc06g053630.3,0.0491792,0.879094,0.0559431,4.89107e-44
4965,Solyc09g090070.1,wgd,gbM,Solyc09g066410.2,0.116452,4.42135,0.0263386,7.98436e-128
4966,Solyc09g090090.2,wgd,Unclassified,Solyc06g053620.3,0.0857192,0.904735,0.0947451,3.37155e-22
4967,Solyc09g090130.3,wgd,TE-like,Solyc03g005570.3,0.226036,0.876905,0.257765,9.61233e-11
4968,Solyc09g090150.3,wgd,TE-like,Solyc09g025210.3,0.434968,5.5786,0.0779707,9.91111e-43
4969,Solyc09g090180.1,wgd,gbM,Solyc09g025280.1,0.134868,3.52516,0.0382586,3.62207e-39
4970,Solyc09g090190.3,wgd,TE-like,Solyc03g005600.3,0.0599846,0.789898,0.0759397,1.27237e-67
4971,Solyc09g090230.2,wgd,TE-like,Solyc06g053560.3,0.103697,0.450796,0.230032,5.84752e-06
4972,Solyc09g090320.2,wgd,TE-like,Solyc03g005620.3,0.161666,1.32126,0.122357,1.68241e-70
4973,Solyc09g090350.3,wgd,gbM,Solyc09g072610.3,0.294053,4.58903,0.0640774,4.60308e-91
4974,Solyc09g090470.3,wgd,TE-like,Solyc09g072780.2,0.247411,4.48,0.0552258,1.40939e-98
4975,Solyc09g090480.2,wgd,TE-like,Solyc03g005630.3,0.192847,1.30401,0.147887,1.04134e-89
4976,Solyc09g090520.3,wgd,TE-like,Solyc09g072790.3,0.437469,4.06539,0.107608,1.48143e-45
4977,Solyc09g090590.3,wgd,Unclassified,Solyc12g096930.2,0.158781,1.1119,0.142802,9.74455e-24
4978,Solyc09g090610.3,wgd,Unmethylated,Solyc09g072870.3,0.00642663,1.30991,0.00490615,4.56058e-42
4979,Solyc09g090630.2,wgd,gbM,Solyc09g072890.2,0.437111,4.53969,0.0962865,1.8941e-76
4980,Solyc09g090650.3,wgd,TE-like,Solyc12g096940.2,0.240973,3.97184,0.0606703,1.9537e-53
4981,Solyc09g090670.3,wgd,TE-like,Solyc12g096950.2,0.166563,1.51787,0.109734,1.0422e-24
4982,Solyc09g090680.3,wgd,NA,Solyc03g005690.3,0.115847,1.34769,0.0859599,7.28063e-38
4983,Solyc09g090900.3,wgd,TE-like,Solyc03g005730.3,0.0842852,1.56966,0.0536964,9.74563e-71
4984,Solyc09g090910.2,wgd,Unclassified,Solyc12g096980.2,0.149077,0.712517,0.209225,6.29202e-09
4985,Solyc09g091040.3,wgd,TE-like,Solyc05g053450.3,0.225925,0.686121,0.329278,0.000751478
4986,Solyc09g091060.3,wgd,NA,Solyc12g097060.1,0.218768,1.03478,0.211415,1.4034e-11
4987,Solyc09g091120.3,wgd,TE-like,Solyc12g097070.2,0.163789,0.531319,0.308269,1.61959e-09
4988,Solyc09g091130.3,wgd,NA,Solyc12g097080.2,0.338517,2.15706,0.156934,7.50797e-19
4989,Solyc09g091180.3,wgd,gbM,Solyc05g053470.3,0.0524647,0.592404,0.0885624,2.16545e-59
4990,Solyc09g091210.3,wgd,TE-like,Solyc12g097095.1,0.109682,1.36813,0.0801691,1.46195e-29
4991,Solyc09g091230.3,wgd,TE-like,Solyc05g053490.3,0.119531,0.923692,0.129405,2.91848e-31
4992,Solyc09g091250.3,wgd,gbM,Solyc05g053500.3,0.313669,1.68181,0.186506,5.8876e-15
4993,Solyc09g091260.3,wgd,gbM,Solyc12g098100.2,0.148015,1.41336,0.104725,4.57167e-86
4994,Solyc09g091360.1,wgd,Unclassified,Solyc12g098110.1,0.213323,1.47065,0.145053,9.64924e-16
4995,Solyc09g091450.3,wgd,Unclassified,Solyc05g053520.3,0.17115,2.62407,0.0652233,4.43668e-16
4996,Solyc09g091510.3,wgd,TE-like,Solyc05g053550.3,0.0378915,1.4053,0.0269632,8.44904e-93
4997,Solyc09g091610.3,wgd,TE-like,Solyc12g098180.2,0.0863686,1.79762,0.048046,2.0737e-34
4998,Solyc09g091660.3,wgd,TE-like,Solyc12g098210.2,0.0855392,0.834204,0.10254,9.40669e-123
4999,Solyc09g091750.3,wgd,TE-like,Solyc05g053650.3,0.0524397,0.738159,0.0710412,1.05749e-117
5000,Solyc09g091760.2,wgd,NA,Solyc05g053660.2,0.281836,1.72376,0.163501,1.53481e-22
5001,Solyc09g091780.3,wgd,gbM,Solyc12g098310.2,0.326744,1.39003,0.235062,1.58929e-10
5002,Solyc09g091880.3,wgd,gbM,Solyc12g098370.2,0.225306,1.65452,0.136176,1.34006e-25
5003,Solyc09g091920.3,wgd,TE-like,Solyc12g098410.2,0.326617,3.4019,0.0960103,3.39283e-21
5004,Solyc09g091930.3,wgd,TE-like,Solyc05g053690.2,0.243481,1.08944,0.223493,5.05891e-44
5005,Solyc09g092040.3,wgd,TE-like,Solyc12g098420.2,0.494673,1.51795,0.325881,4.8643e-12
5006,Solyc09g092070.3,wgd,TE-like,Solyc05g053710.3,0.120642,0.900857,0.133919,2.73727e-44
5007,Solyc09g092120.3,wgd,TE-like,Solyc05g053740.3,0.0997799,0.758812,0.131495,4.06223e-23
5008,Solyc09g092220.3,wgd,TE-like,Solyc12g098450.2,0.150428,0.809743,0.185772,3.43857e-24
5009,Solyc09g092260.3,wgd,TE-like,Solyc05g053760.3,0.234295,4.63028,0.0506005,9.3744e-26
5010,Solyc09g092320.3,wgd,TE-like,Solyc05g053780.3,0.159828,1.36048,0.117479,1.88343e-12
5011,Solyc09g092330.2,wgd,Unmethylated,Solyc05g053790.1,0.123516,1.66769,0.0740642,5.82104e-63
5012,Solyc09g092380.3,wgd,Unclassified,Solyc12g098500.2,0.0262218,1.28432,0.0204169,8.76055e-93
5013,Solyc09g092400.2,wgd,TE-like,Solyc12g098540.2,0.2531,3.1136,0.0812885,1.28963e-51
5014,Solyc09g092460.3,wgd,gbM,Solyc12g098570.2,0.116601,2.24505,0.0519372,5.18027e-110
5015,Solyc09g092480.1,wgd,TE-like,Solyc12g098590.2,0.398095,4.11984,0.0966288,7.14619e-61
5016,Solyc09g092500.1,wgd,TE-like,Solyc05g053820.3,0.472198,4.30404,0.10971,6.18346e-45
5017,Solyc09g092520.3,wgd,Unmethylated,Solyc12g098610.2,0.0780287,1.5249,0.0511698,1.59345e-35
5018,Solyc09g092680.3,wgd,gbM,Solyc05g053830.3,0.0636348,1.10512,0.057582,4.90952e-120
5019,Solyc09g097830.3,wgd,TE-like,Solyc05g053835.1,0.0754886,0.994345,0.0759179,1.17499e-110
5020,Solyc09g098190.3,wgd,TE-like,Solyc12g098670.2,0.218399,0.687534,0.317656,6.61349e-07
5021,Solyc09g098280.3,wgd,TE-like,Solyc12g098675.1,0.0283993,0.623018,0.0455835,1.28932e-45
5022,Solyc09g098330.3,wgd,TE-like,Solyc12g098690.2,0.117337,0.776685,0.151073,3.07702e-36
5023,Solyc09g098445.1,wgd,Unclassified,Solyc12g098720.2,0.0499771,0.786764,0.0635223,7.46825e-11
5024,Solyc09g098460.1,wgd,TE-like,Solyc12g098730.2,0.137052,1.64464,0.0833326,1.51421e-43
5025,Solyc09g098490.3,wgd,Unclassified,Solyc12g098740.2,0.243087,1.14669,0.21199,5.31922e-36
5026,Solyc09g098540.3,wgd,Unclassified,Solyc12g098810.2,0.127453,1.5606,0.0816696,1.84087e-37
5027,Solyc09g098570.1,wgd,Unclassified,Solyc12g098980.2,0.454291,4.35404,0.104338,3.63431e-13
5028,Solyc09g098590.3,wgd,TE-like,Solyc12g098920.2,0.911529,4.41706,0.206366,1.99138e-30
5029,Solyc09g098620.2,wgd,TE-like,Solyc10g085500.2,0.455432,4.34103,0.104913,9.29419e-54
5030,Solyc10g005150.2,wgd,TE-like,Solyc02g082170.2,0.206299,2.30189,0.0896215,9.20689e-50
5031,Solyc10g005190.1,wgd,TE-like,Solyc02g082150.1,0.341379,1.81301,0.188294,2.4291e-26
5032,Solyc10g005200.3,wgd,Unclassified,Solyc02g082140.3,0.118505,1.41579,0.0837025,1.57865e-81
5033,Solyc10g005210.3,wgd,Unmethylated,Solyc02g082120.3,0.208734,1.36404,0.153027,8.36445e-31
5034,Solyc10g005220.3,wgd,TE-like,Solyc02g082100.3,0.301999,1.22115,0.247307,1.28779e-36
5035,Solyc10g005240.3,wgd,TE-like,Solyc02g082040.3,0.266369,1.78352,0.14935,2.22738e-29
5036,Solyc10g005260.3,wgd,TE-like,Solyc02g080420.3,0.10603,0.8906,0.119054,1.02911e-34
5037,Solyc10g005330.3,wgd,TE-like,Solyc02g080260.3,0.1176,1.59276,0.0738337,2.15499e-118
5038,Solyc10g005340.3,wgd,Unmethylated,Solyc02g080230.3,0.212234,0.625099,0.339521,2.84111e-05
5039,Solyc10g005350.3,wgd,TE-like,Solyc02g080160.3,0.147897,2.11383,0.0699661,1.81686e-31
5040,Solyc10g005360.3,wgd,gbM,Solyc02g080120.2,0.129459,1.68293,0.0769249,3.58357e-39
5041,Solyc10g005380.3,wgd,gbM,Solyc02g080110.3,0.257596,1.2039,0.213968,2.81991e-10
5042,Solyc10g005390.3,wgd,TE-like,Solyc07g066670.3,1.00611,1.89195,0.531785,0.000116634
5043,Solyc10g005580.3,wgd,TE-like,Solyc07g066520.3,0.145037,0.90581,0.160119,4.96566e-27
5044,Solyc10g005610.2,wgd,Unclassified,Solyc07g066350.1,0.203608,1.28244,0.158766,3.32892e-38
5045,Solyc10g005640.3,wgd,TE-like,Solyc07g066260.3,0.19688,1.40195,0.140433,2.02785e-42
5046,Solyc10g005680.2,wgd,gbM,Solyc07g066220.3,0.360368,0.897085,0.401709,4.44984e-14
5047,Solyc10g005690.3,wgd,gbM,Solyc07g066210.3,0.0940254,0.874642,0.107502,1.20773e-66
5048,Solyc10g005730.3,wgd,gbM,Solyc07g066130.1,0.247704,0.95113,0.260431,1.42538e-19
5049,Solyc10g005740.2,wgd,gbM,Solyc07g066090.3,0.158865,0.827162,0.192061,1.99314e-30
5050,Solyc10g005770.3,wgd,gbM,Solyc07g065710.3,0.087132,0.703084,0.123928,6.55916e-56
5051,Solyc10g005820.2,wgd,TE-like,Solyc12g015860.2,0.102122,0.628955,0.162367,5.24413e-23
5052,Solyc10g005920.3,wgd,TE-like,Solyc07g065950.3,0.134886,1.04582,0.128977,1.93505e-44
5053,Solyc10g005950.3,wgd,gbM,Solyc12g015700.2,0.149686,1.27291,0.117594,4.9951e-27
5054,Solyc10g005960.1,wgd,Unmethylated,Solyc07g065540.1,0.183708,1.67681,0.109558,2.46741e-60
5055,Solyc10g005980.1,wgd,Unclassified,Solyc07g065510.3,0.350007,1.30167,0.26889,8.27099e-23
5056,Solyc10g006000.3,wgd,TE-like,Solyc07g065490.3,0.260322,0.557082,0.467295,5.98527e-08
5057,Solyc10g006010.3,wgd,TE-like,Solyc07g065450.3,0.16389,0.823987,0.198899,2.48415e-17
5058,Solyc10g006020.3,wgd,TE-like,Solyc07g065400.3,0.216084,1.64503,0.131356,1.70817e-09
5059,Solyc10g006040.1,wgd,NA,Solyc07g065340.1,0.125146,1.96709,0.06362,1.44351e-50
5060,Solyc10g006050.3,wgd,TE-like,Solyc12g014600.2,0.107955,0.686074,0.157351,7.07858e-33
5061,Solyc10g006070.3,wgd,gbM,Solyc07g065170.3,0.0265432,0.696796,0.0380933,1.93502e-33
5062,Solyc10g006100.3,wgd,TE-like,Solyc07g065040.3,0.15527,0.556863,0.278829,9.60235e-23
5063,Solyc10g006110.3,wgd,TE-like,Solyc12g014460.2,0.0874255,0.752155,0.116233,5.46797e-51
5064,Solyc10g006120.2,wgd,TE-like,Solyc07g064900.3,0.11835,1.40552,0.084204,2.79703e-58
5065,Solyc10g006130.1,wgd,Unmethylated,Solyc07g064890.1,0.10397,0.941788,0.110397,1.13415e-24
5066,Solyc10g006153.1,wgd,Unclassified,Solyc12g014400.2,0.159393,1.18919,0.134035,5.96686e-13
5067,Solyc10g006270.3,wgd,Unclassified,Solyc07g064680.3,0.00365641,0.601093,0.00608293,3.19761e-21
5068,Solyc10g006275.1,wgd,TE-like,Solyc07g064650.2,0.337588,3.06813,0.110031,2.39922e-14
5069,Solyc10g006280.1,wgd,TE-like,Solyc07g064620.2,0.181423,1.72644,0.105085,1.64148e-13
5070,Solyc10g006290.3,wgd,TE-like,Solyc07g064600.3,0.243891,0.826885,0.294951,1.42789e-08
5071,Solyc10g006300.3,wgd,gbM,Solyc07g064500.3,0.10434,0.995204,0.104842,3.21153e-37
5072,Solyc10g006310.3,wgd,TE-like,Solyc07g064475.1,0.115257,0.611086,0.188611,6.12225e-10
5073,Solyc10g006340.3,wgd,Unclassified,Solyc07g064340.3,0.222933,0.820225,0.271795,4.56227e-16
5074,Solyc10g006360.2,wgd,TE-like,Solyc07g064320.2,0.366904,1.3458,0.27263,5.25035e-05
5075,Solyc10g006380.2,wgd,NA,Solyc07g064290.3,0.0893136,1.35305,0.0660093,6.3497e-16
5076,Solyc10g006400.3,wgd,gbM,Solyc07g064280.3,0.0476203,0.935469,0.0509053,6.4712e-71
5077,Solyc10g006440.3,wgd,TE-like,Solyc07g064230.3,0.0929448,0.822128,0.113054,1.50473e-36
5078,Solyc10g006450.3,wgd,gbM,Solyc07g064200.3,0.157496,1.93197,0.0815208,1.81602e-77
5079,Solyc10g006470.3,wgd,Unclassified,Solyc07g064150.3,0.144034,0.930987,0.154711,1.34295e-08
5080,Solyc10g006480.2,wgd,gbM,Solyc07g052500.1,0.952977,3.77853,0.252208,1.15205e-14
5081,Solyc10g006500.3,wgd,TE-like,Solyc07g064050.3,0.0737619,1.01871,0.0724068,2.1255e-67
5082,Solyc10g006510.3,wgd,gbM,Solyc07g064040.3,0.135694,0.778673,0.174263,7.90929e-17
5083,Solyc10g006540.3,wgd,TE-like,Solyc07g064010.3,0.208705,1.14176,0.182792,1.46534e-52
5084,Solyc10g006580.3,wgd,TE-like,Solyc07g063910.3,0.00562047,0.650156,0.0086448,3.77432e-53
5085,Solyc10g006590.2,wgd,NA,Solyc02g079790.3,0.315478,3.27035,0.0964663,6.33406e-39
5086,Solyc10g006610.3,wgd,TE-like,Solyc07g053030.3,0.193793,4.55113,0.0425814,1.16011e-123
5087,Solyc10g006640.3,wgd,TE-like,Solyc02g079760.3,0.435271,3.99515,0.10895,4.77025e-41
5088,Solyc10g006650.3,wgd,gbM,Solyc02g079750.3,0.110794,2.14421,0.0516713,5.25537e-37
5089,Solyc10g006660.3,wgd,NA,Solyc02g079720.1,0.252048,2.29301,0.10992,1.29709e-13
5090,Solyc10g006670.1,wgd,TE-like,Solyc07g063710.2,0.577996,3.54589,0.163005,1.33383e-24
5091,Solyc10g006690.3,wgd,TE-like,Solyc07g063750.3,0.443551,4.5098,0.0983527,6.67325e-108
5092,Solyc10g006710.3,wgd,TE-like,Solyc02g079590.3,0.392961,4.64724,0.0845578,3.90003e-121
5093,Solyc10g006720.3,wgd,TE-like,Solyc07g063700.2,0.14968,1.72102,0.0869717,4.9999e-97
5094,Solyc10g006740.3,wgd,Unclassified,Solyc07g063690.1,0.140953,0.742914,0.189729,2.25644e-08
5095,Solyc10g006755.1,wgd,TE-like,Solyc07g053140.3,0.649999,3.58202,0.181462,3.00816e-26
5096,Solyc10g006760.3,wgd,Unclassified,Solyc07g063680.3,0.129092,1.50919,0.0855367,2.06222e-36
5097,Solyc10g006820.3,wgd,TE-like,Solyc07g063590.3,0.215917,0.847911,0.254646,1.76776e-42
5098,Solyc10g006850.3,wgd,TE-like,Solyc07g063550.3,0.178848,0.732351,0.24421,4.70117e-23
5099,Solyc10g006870.1,wgd,TE-like,Solyc07g063475.1,0.088124,0.840831,0.104806,2.81008e-81
5100,Solyc10g006880.3,wgd,TE-like,Solyc07g063410.3,0.503989,3.911,0.128865,9.41365e-39
5101,Solyc10g006890.3,wgd,TE-like,Solyc07g063330.3,0.146436,0.689472,0.212388,2.09145e-48
5102,Solyc10g006900.3,wgd,TE-like,Solyc07g054210.3,0.146311,4.20204,0.0348191,5.61778e-89
5103,Solyc10g006960.2,wgd,TE-like,Solyc07g063200.2,0.228694,1.03029,0.221971,6.37006e-13
5104,Solyc10g006970.3,wgd,TE-like,Solyc12g013810.2,0.191618,1.03976,0.18429,3.06935e-13
5105,Solyc10g006980.3,wgd,TE-like,Solyc07g063165.1,0.556724,2.79579,0.199129,1.60282e-07
5106,Solyc10g007000.3,wgd,gbM,Solyc07g053960.3,0.432278,4.18518,0.103288,1.37784e-48
5107,Solyc10g007010.1,wgd,gbM,Solyc07g063160.2,0.0910878,0.821669,0.110857,4.35371e-08
5108,Solyc10g007030.2,wgd,TE-like,Solyc07g053940.1,0.185307,2.07818,0.0891679,1.14745e-20
5109,Solyc10g007040.3,wgd,TE-like,Solyc07g063110.3,0.161523,1.7755,0.0909734,6.46551e-47
5110,Solyc10g007050.3,wgd,TE-like,Solyc07g063040.3,0.148398,0.679796,0.218298,6.24823e-21
5111,Solyc10g007070.3,wgd,Unclassified,Solyc12g013900.2,0.285666,2.16838,0.131741,3.11715e-20
5112,Solyc10g007103.1,wgd,TE-like,Solyc07g062790.1,0.29858,3.19699,0.0933942,2.80747e-29
5113,Solyc10g007110.3,wgd,TE-like,Solyc07g053710.3,0.371779,3.70144,0.100442,1.53611e-42
5114,Solyc10g007140.3,wgd,TE-like,Solyc12g014070.2,0.228672,0.660391,0.346267,2.54007e-13
5115,Solyc10g007152.1,wgd,TE-like,Solyc07g062685.1,0.453967,1.17463,0.386478,1.62841e-05
5116,Solyc10g007156.1,wgd,TE-like,Solyc12g014120.2,0.349813,1.78759,0.195689,2.47417e-11
5117,Solyc10g007170.2,wgd,TE-like,Solyc07g062660.3,0.644771,3.98364,0.161855,5.58908e-18
5118,Solyc10g007180.2,wgd,Unclassified,Solyc12g014230.2,0.118731,1.02225,0.116147,1.28636e-39
5119,Solyc10g007200.3,wgd,TE-like,Solyc07g062590.3,0.114091,0.766225,0.148901,2.24212e-27
5120,Solyc10g007220.2,wgd,Unclassified,Solyc07g062580.3,0.555956,1.28975,0.431058,0.00028647
5121,Solyc10g007260.3,wgd,gbM,Solyc07g062570.3,0.00568107,0.684541,0.00829909,5.53957e-29
5122,Solyc10g007270.3,wgd,TE-like,Solyc12g014240.2,0.234823,1.24958,0.187922,3.50991e-12
5123,Solyc10g007290.3,wgd,TE-like,Solyc07g062530.3,0.0756169,0.672637,0.112419,2.43571e-84
5124,Solyc10g007310.1,wgd,TE-like,Solyc12g014260.1,0.167457,3.51559,0.0476325,5.81218e-37
5125,Solyc10g007330.1,wgd,TE-like,Solyc07g062460.3,0.171903,1.21926,0.140989,6.7267e-42
5126,Solyc10g007340.3,wgd,TE-like,Solyc07g062410.3,0.44012,1.3745,0.320204,1.24782e-14
5127,Solyc10g007350.3,wgd,TE-like,Solyc12g014290.2,0.0318265,1.35591,0.0234725,7.8089e-36
5128,Solyc10g007410.3,wgd,gbM,Solyc07g062270.3,0.149068,0.740565,0.20129,4.81505e-21
5129,Solyc10g007450.2,wgd,TE-like,Solyc12g014360.2,0.381924,3.96306,0.0963708,5.84662e-53
5130,Solyc10g007480.3,wgd,TE-like,Solyc07g062130.3,0.0567378,1.08686,0.0522033,1.27006e-99
5131,Solyc10g007500.3,wgd,TE-like,Solyc07g062080.3,0.137405,0.819558,0.167657,3.88598e-31
5132,Solyc10g007510.2,wgd,NA,Solyc07g062010.1,0.192893,2.20697,0.0874019,2.31784e-09
5133,Solyc10g007560.2,wgd,NA,Solyc07g056670.3,0.198199,2.89652,0.0684266,1.03023e-18
5134,Solyc10g007580.1,wgd,Unclassified,Solyc07g056600.1,0.304302,1.99348,0.152649,1.42861e-09
5135,Solyc10g007590.3,wgd,TE-like,Solyc07g056590.3,0.18127,0.809591,0.223903,9.06927e-18
5136,Solyc10g007600.3,wgd,TE-like,Solyc07g056540.3,0.0803387,0.619669,0.129648,4.85833e-34
5137,Solyc10g007610.3,wgd,TE-like,Solyc07g056530.3,0.0575527,0.816281,0.070506,8.70656e-37
5138,Solyc10g007620.2,wgd,TE-like,Solyc07g056460.3,0.285156,2.28768,0.124648,5.48835e-26
5139,Solyc10g007640.3,wgd,TE-like,Solyc07g056420.4,0.190989,1.13592,0.168137,6.02602e-24
5140,Solyc10g007660.3,wgd,TE-like,Solyc07g056040.3,0.133792,1.6817,0.0795574,4.8493e-27
5141,Solyc10g007700.3,wgd,TE-like,Solyc07g056150.3,0.00208563,0.561705,0.00371304,9.22164e-38
5142,Solyc10g007710.3,wgd,TE-like,Solyc07g056250.3,0.109877,2.55512,0.0430028,1.63344e-50
5143,Solyc10g007760.3,wgd,TE-like,Solyc07g056330.3,0.0558986,1.39857,0.0399684,2.73064e-44
5144,Solyc10g007770.3,wgd,TE-like,Solyc07g056340.3,0.121123,0.622702,0.194511,2.87722e-47
5145,Solyc10g007780.2,wgd,TE-like,Solyc07g056370.3,0.259807,1.11517,0.232976,2.7629e-16
5146,Solyc10g008030.3,wgd,TE-like,Solyc07g053350.3,0.150612,2.19128,0.0687325,1.29218e-37
5147,Solyc10g008040.3,wgd,Unmethylated,Solyc07g053360.3,0.508202,1.79094,0.283763,3.53121e-14
5148,Solyc10g008080.2,wgd,TE-like,Solyc07g053420.3,0.247842,1.65919,0.149376,1.6907e-14
5149,Solyc10g008150.1,wgd,TE-like,Solyc07g053550.2,0.196269,1.53505,0.127858,2.51613e-11
5150,Solyc10g008160.3,wgd,TE-like,Solyc07g053630.3,0.179023,1.12775,0.158743,5.20872e-17
5151,Solyc10g008170.3,wgd,Unclassified,Solyc07g053650.3,0.124577,1.02641,0.121372,1.14087e-20
5152,Solyc10g008190.3,wgd,Unclassified,Solyc07g053690.3,0.0987411,0.780537,0.126504,4.08283e-16
5153,Solyc10g008200.3,wgd,TE-like,Solyc07g053710.3,0.344082,3.62143,0.0950127,2.52313e-48
5154,Solyc10g008205.1,wgd,TE-like,Solyc07g053780.3,0.502033,2.03559,0.246627,1.08895e-06
5155,Solyc10g008210.3,wgd,gbM,Solyc07g053790.2,0.170234,0.950924,0.179019,6.60884e-56
5156,Solyc10g008280.3,wgd,TE-like,Solyc07g053910.3,0.145125,0.57344,0.253077,5.82459e-25
5157,Solyc10g008300.3,wgd,TE-like,Solyc07g053920.3,0.0870734,1.46151,0.0595779,7.55634e-61
5158,Solyc10g008310.1,wgd,Unmethylated,Solyc07g053930.1,0.217852,1.11634,0.195149,1.63259e-12
5159,Solyc10g008320.1,wgd,Unmethylated,Solyc07g053950.1,0.30775,2.06275,0.149194,9.695e-21
5160,Solyc10g008340.3,wgd,TE-like,Solyc07g053990.3,0.101204,0.612667,0.165186,2.2804e-37
5161,Solyc10g008400.1,wgd,gbM,Solyc07g054080.2,0.257266,1.44314,0.178269,1.5036e-20
5162,Solyc10g008440.3,wgd,TE-like,Solyc07g054170.3,0.171903,2.21955,0.0774495,1.18051e-34
5163,Solyc10g008480.3,wgd,gbM,Solyc07g054270.3,0.0710385,1.65647,0.0428855,3.13881e-50
5164,Solyc10g008490.3,wgd,gbM,Solyc07g054300.3,0.0882008,0.722634,0.122055,3.7573e-46
5165,Solyc10g008550.3,wgd,TE-like,Solyc07g054490.3,0.218503,0.758972,0.287893,5.93245e-12
5166,Solyc10g008630.3,wgd,TE-like,Solyc07g054640.1,0.10521,0.851335,0.123582,2.24203e-49
5167,Solyc10g008640.3,wgd,gbM,Solyc07g054830.3,0.106108,0.869503,0.122033,3.77686e-39
5168,Solyc10g008700.2,wgd,TE-like,Solyc07g054840.3,0.194914,2.22316,0.0876744,6.7711e-13
5169,Solyc10g008710.3,wgd,TE-like,Solyc02g077120.3,0.361746,3.5468,0.101992,3.1606e-31
5170,Solyc10g008780.1,wgd,gbM,Solyc02g077250.2,0.316753,2.09149,0.151449,1.58104e-19
5171,Solyc10g008790.3,wgd,gbM,Solyc02g077260.3,0.230875,0.594993,0.38803,2.67489e-08
5172,Solyc10g008810.3,wgd,TE-like,Solyc02g077340.1,0.361471,4.06775,0.0888628,4.41243e-38
5173,Solyc10g008870.3,wgd,Unclassified,Solyc02g077440.3,0.0352956,1.94342,0.0181616,2.50519e-17
5174,Solyc10g008880.3,wgd,gbM,Solyc02g077450.3,0.112278,0.730576,0.153685,1.56668e-32
5175,Solyc10g008890.3,wgd,gbM,Solyc02g077470.3,0.169785,0.889366,0.190906,4.95012e-12
5176,Solyc10g008910.1,wgd,Unclassified,Solyc02g077480.1,NA,1.02885,6.06557e-12,NA
5177,Solyc10g008920.1,wgd,gbM,Solyc02g077490.3,0.112994,0.723285,0.156224,4.0958e-13
5178,Solyc10g008930.1,wgd,gbM,Solyc02g077580.1,0.513196,1.97784,0.259474,1.20544e-08
5179,Solyc10g008950.3,wgd,TE-like,Solyc02g077600.3,0.0932412,0.911119,0.102337,3.24293e-96
5180,Solyc10g008970.1,wgd,TE-like,Solyc02g077640.1,0.173323,1.70366,0.101735,4.17584e-31
5181,Solyc10g009010.3,wgd,Unclassified,Solyc02g078480.3,0.187142,1.04268,0.179482,2.28698e-29
5182,Solyc10g009110.1,wgd,Unmethylated,Solyc02g077810.1,0.59577,3.53882,0.168353,3.27631e-16
5183,Solyc10g009140.3,wgd,TE-like,Solyc02g078660.3,0.238539,1.1094,0.215016,2.20151e-29
5184,Solyc10g009160.3,wgd,TE-like,Solyc02g078810.3,0.247305,0.770571,0.320938,3.35895e-14
5185,Solyc10g009170.2,wgd,gbM,Solyc02g078820.3,0.123903,1.09479,0.113175,1.0452e-41
5186,Solyc10g009180.3,wgd,gbM,Solyc02g078840.3,0.0850456,0.705903,0.120478,2.82625e-25
5187,Solyc10g009190.1,wgd,NA,Solyc02g078850.1,0.210426,0.809772,0.259858,1.11906e-07
5188,Solyc10g009210.3,wgd,TE-like,Solyc02g079040.3,0.0975381,0.529097,0.184348,6.95973e-38
5189,Solyc10g009270.3,wgd,TE-like,Solyc01g096370.3,0.367176,3.46367,0.106008,5.26163e-22
5190,Solyc10g009310.3,wgd,TE-like,Solyc01g096280.2,0.138969,1.68625,0.0824132,1.7247e-66
5191,Solyc10g009320.3,wgd,TE-like,Solyc01g096260.3,0.467275,3.68076,0.126951,1.04429e-18
5192,Solyc10g009330.3,wgd,TE-like,Solyc01g096180.3,0.156476,0.779175,0.200823,3.03291e-15
5193,Solyc10g009350.3,wgd,gbM,Solyc01g096170.3,0.249705,1.71156,0.145894,3.453e-45
5194,Solyc10g009360.3,wgd,TE-like,Solyc01g096120.3,0.232187,3.17211,0.0731964,3.3773e-29
5195,Solyc10g009380.3,wgd,Unmethylated,Solyc05g050550.3,0.585703,3.36187,0.174219,1.17376e-11
5196,Solyc10g009410.1,wgd,Unclassified,Solyc01g096040.3,0.143259,1.34997,0.10612,3.00045e-70
5197,Solyc10g009420.3,wgd,TE-like,Solyc01g096020.3,0.0604928,1.05288,0.0574544,1.93916e-42
5198,Solyc10g009430.3,wgd,TE-like,Solyc01g095930.3,0.52607,4.3162,0.121883,3.50482e-47
5199,Solyc10g009480.3,wgd,TE-like,Solyc01g095907.1,0.218652,0.962998,0.227054,1.27468e-16
5200,Solyc10g009487.1,wgd,TE-like,Solyc01g095810.3,0.399323,2.10951,0.189297,2.3863e-09
5201,Solyc10g009490.2,wgd,TE-like,Solyc01g095730.3,0.120904,0.615847,0.196322,1.70459e-71
5202,Solyc10g009550.3,wgd,TE-like,Solyc08g082110.3,0.574155,3.7636,0.152555,1.05595e-23
5203,Solyc10g009570.3,wgd,gbM,Solyc01g095670.3,0.185643,1.02084,0.181853,7.76554e-26
5204,Solyc10g009580.3,wgd,TE-like,Solyc01g095620.3,0.201432,1.93342,0.104184,7.95418e-50
5205,Solyc10g009590.3,wgd,TE-like,Solyc01g095610.3,0.215226,1.48391,0.14504,2.10079e-37
5206,Solyc10g009620.2,wgd,TE-like,Solyc01g095580.3,0.112723,1.22227,0.0922238,7.22278e-71
5207,Solyc10g011650.3,wgd,TE-like,Solyc05g050290.2,0.160072,1.07276,0.149215,6.8963e-10
5208,Solyc10g011670.3,wgd,TE-like,Solyc01g095570.3,0.0483159,0.464489,0.104019,9.19019e-32
5209,Solyc10g011680.3,wgd,Unclassified,Solyc01g095560.3,0.391247,1.69264,0.231146,0.00191965
5210,Solyc10g011690.3,wgd,TE-like,Solyc08g081990.3,0.437084,4.79939,0.0910707,5.6491e-91
5211,Solyc10g011730.3,wgd,NA,Solyc08g081970.3,0.317918,1.42338,0.223354,1.35892e-06
5212,Solyc10g011740.3,wgd,Unclassified,Solyc08g081950.3,0.0149247,3.48202,0.00428621,2.96053e-63
5213,Solyc10g011760.3,wgd,TE-like,Solyc01g095470.3,0.143242,0.462217,0.309902,7.11261e-11
5214,Solyc10g011770.3,wgd,TE-like,Solyc01g095430.3,0.145687,0.434366,0.3354,5.75931e-06
5215,Solyc10g011780.1,wgd,TE-like,Solyc05g050200.3,0.154568,1.84515,0.0837699,1.30683e-08
5216,Solyc10g011790.3,wgd,gbM,Solyc08g081840.3,0.273075,4.05716,0.0673069,2.46078e-59
5217,Solyc10g011810.3,wgd,Unmethylated,Solyc05g050090.3,0.171085,3.43646,0.0497853,5.52443e-45
5218,Solyc10g011870.3,wgd,gbM,Solyc08g081730.3,0.214449,3.33466,0.0643093,3.63704e-44
5219,Solyc10g011880.1,wgd,Unmethylated,Solyc01g095180.2,0.150932,2.12629,0.0709838,1.9113e-30
5220,Solyc10g011900.3,wgd,TE-like,Solyc01g095140.3,0.254879,1.97441,0.129091,4.6094e-16
5221,Solyc10g011910.3,wgd,Unmethylated,Solyc01g095100.3,0.182955,1.24088,0.14744,1.66307e-23
5222,Solyc10g011960.2,wgd,TE-like,Solyc05g049990.3,0.249308,1.35946,0.183388,2.374e-12
5223,Solyc10g012030.3,wgd,TE-like,Solyc01g095020.3,0.243814,0.7662,0.318212,1.30316e-30
5224,Solyc10g012070.3,wgd,TE-like,Solyc01g094950.3,0.150304,0.698229,0.215265,4.75267e-20
5225,Solyc10g012210.2,wgd,TE-like,Solyc01g094820.3,0.300158,1.06906,0.280767,5.50056e-15
5226,Solyc10g012240.3,wgd,TE-like,Solyc01g094810.3,0.0320435,0.613825,0.052203,5.13336e-25
5227,Solyc10g012370.3,wgd,TE-like,Solyc01g094790.3,0.0949338,1.51572,0.0626327,8.27304e-47
5228,Solyc10g012400.3,wgd,TE-like,Solyc01g094780.3,0.253918,0.717318,0.353983,1.85083e-07
5229,Solyc10g012420.3,wgd,gbM,Solyc01g094770.3,0.228395,0.548071,0.416725,1.44165e-06
5230,Solyc10g012430.3,wgd,TE-like,Solyc01g094680.3,0.117097,0.516643,0.22665,2.52093e-26
5231,Solyc10g017520.3,wgd,NA,Solyc01g094320.3,0.12428,1.73703,0.0715472,6.15081e-26
5232,Solyc10g017570.3,wgd,Unclassified,Solyc01g094237.1,0.316896,1.78719,0.177315,8.35318e-28
5233,Solyc10g017580.3,wgd,TE-like,Solyc01g094170.3,0.114776,1.06964,0.107303,7.68791e-33
5234,Solyc10g017590.2,wgd,gbM,Solyc01g094030.3,0.116339,0.909177,0.127961,2.19264e-46
5235,Solyc10g017600.3,wgd,gbM,Solyc01g093970.4,0.0916435,1.50267,0.060987,5.71946e-48
5236,Solyc10g017630.2,wgd,TE-like,Solyc01g092950.3,0.293581,2.50936,0.116994,3.90833e-11
5237,Solyc10g017655.1,wgd,TE-like,Solyc01g091910.4,0.0809424,1.61367,0.0501604,2.57793e-52
5238,Solyc10g017810.2,wgd,TE-like,Solyc01g091880.3,0.0719742,1.31789,0.0546135,4.2927e-54
5239,Solyc10g017850.3,wgd,gbM,Solyc01g091730.3,0.0574548,0.869348,0.0660895,6.48551e-33
5240,Solyc10g017880.2,wgd,TE-like,Solyc01g091710.3,0.260274,0.91909,0.283187,1.95934e-13
5241,Solyc10g017960.2,wgd,TE-like,Solyc01g091700.3,0.185541,3.32712,0.0557661,3.53713e-28
5242,Solyc10g018160.2,wgd,TE-like,Solyc01g091280.3,0.0449573,1.45952,0.0308029,6.1622e-51
5243,Solyc10g018250.2,wgd,TE-like,Solyc01g091220.3,NA,0.413812,-2.68292e-15,NA
5244,Solyc10g018260.1,wgd,Unclassified,Solyc01g091200.3,0.0535609,1.16858,0.0458341,3.31804e-78
5245,Solyc10g018320.1,wgd,Unclassified,Solyc01g091100.2,0.279103,2.00455,0.139235,1.03647e-16
5246,Solyc10g018340.1,wgd,Unmethylated,Solyc01g091030.3,0.212608,1.60123,0.132778,3.19631e-17
5247,Solyc10g018350.2,wgd,TE-like,Solyc01g090990.3,0.303366,2.72195,0.111452,6.28715e-29
5248,Solyc10g018500.1,wgd,TE-like,Solyc01g090810.4,0.388898,3.81713,0.101882,1.6904e-29
5249,Solyc10g018510.2,wgd,TE-like,Solyc01g090790.3,0.392006,1.75274,0.223653,1.7856e-25
5250,Solyc10g018560.2,wgd,Unclassified,Solyc01g090760.3,0.242365,2.79641,0.0866699,9.82652e-36
5251,Solyc10g018640.2,wgd,Unclassified,Solyc01g090740.3,0.257435,3.18006,0.080953,1.54095e-25
5252,Solyc10g018780.2,wgd,Unmethylated,Solyc01g090730.3,0.231903,1.88341,0.12313,1.3632e-33
5253,Solyc10g047930.2,wgd,TE-like,Solyc01g106400.3,0.16674,1.25661,0.13269,6.64644e-18
5254,Solyc10g047950.2,wgd,TE-like,Solyc01g106430.3,0.0809326,0.703963,0.114967,3.25187e-28
5255,Solyc10g048010.2,wgd,TE-like,Solyc01g106570.3,0.12906,0.741547,0.174041,6.76823e-30
5256,Solyc10g048040.1,wgd,TE-like,Solyc01g106610.2,0.270864,2.98069,0.0908727,1.45403e-17
5257,Solyc10g048070.2,wgd,TE-like,Solyc01g106690.3,0.278178,1.38128,0.201392,1.81196e-22
5258,Solyc10g049280.2,wgd,TE-like,Solyc01g106920.3,0.138436,0.60679,0.228145,2.10008e-27
5259,Solyc10g049970.2,wgd,TE-like,Solyc01g107695.1,0.603266,3.33308,0.180993,1.97301e-15
5260,Solyc10g050060.2,wgd,TE-like,Solyc01g107740.3,0.183067,1.28947,0.141971,1.15678e-21
5261,Solyc10g050110.1,wgd,Unclassified,Solyc01g107790.2,0.354894,4.09582,0.0866478,1.11944e-65
5262,Solyc10g050160.2,wgd,Unclassified,Solyc01g107910.3,0.0542626,1.00621,0.0539277,4.10449e-37
5263,Solyc10g050170.2,wgd,TE-like,Solyc01g107930.3,0.27393,0.694807,0.394254,4.24912e-15
5264,Solyc10g050190.2,wgd,TE-like,Solyc01g108010.3,0.218116,0.57015,0.382558,2.8548e-12
5265,Solyc10g050210.2,wgd,Unclassified,Solyc01g108087.1,0.228449,1.24,0.184233,6.55626e-20
5266,Solyc10g050220.2,wgd,gbM,Solyc01g108100.3,0.387166,0.672186,0.57598,0.00596163
5267,Solyc10g050240.2,wgd,TE-like,Solyc01g108200.3,0.160059,1.23913,0.129171,1.7403e-12
5268,Solyc10g050550.2,wgd,TE-like,Solyc01g108310.3,0.156611,1.512,0.103579,1.39721e-23
5269,Solyc10g050690.2,wgd,Unmethylated,Solyc01g108350.3,0.164663,0.76999,0.213851,1.27254e-10
5270,Solyc10g050860.2,wgd,TE-like,Solyc01g108500.3,0.0917129,0.969888,0.0945603,2.27084e-34
5271,Solyc10g050870.2,wgd,gbM,Solyc01g108510.3,0.111012,0.506723,0.219078,5.16245e-17
5272,Solyc10g050880.1,wgd,TE-like,Solyc01g108520.2,0.334303,2.23038,0.149887,2.1538e-28
5273,Solyc10g050890.2,wgd,Unclassified,Solyc01g108630.3,0.0724397,1.12367,0.0644673,2.80728e-82
5274,Solyc10g050997.1,wgd,TE-like,Solyc01g109220.3,0.281032,1.16093,0.242075,0.000885004
5275,Solyc10g051010.2,wgd,TE-like,Solyc01g109270.3,0.248816,1.54647,0.160893,3.22129e-22
5276,Solyc10g051130.2,wgd,gbM,Solyc01g109310.3,0.233001,0.785935,0.296464,7.42013e-17
5277,Solyc10g051200.2,wgd,TE-like,Solyc01g109330.3,0.238242,0.8465,0.281444,2.40362e-16
5278,Solyc10g051270.2,wgd,gbM,Solyc01g109340.3,0.139967,0.739279,0.189329,1.37605e-14
5279,Solyc10g051330.2,wgd,Unclassified,Solyc01g109540.3,0.251345,1.85396,0.135572,9.73667e-54
5280,Solyc10g051340.2,wgd,TE-like,Solyc01g109580.3,0.0998103,1.10402,0.0904062,4.07348e-47
5281,Solyc10g051350.2,wgd,gbM,Solyc01g109620.3,0.0246459,0.742653,0.0331863,5.4793e-33
5282,Solyc10g051360.1,wgd,TE-like,Solyc01g109650.3,0.306052,0.88729,0.344929,9.23703e-06
5283,Solyc10g051380.2,wgd,Unmethylated,Solyc01g109660.2,0.172282,1.66496,0.103475,6.41615e-11
5284,Solyc10g052470.1,wgd,Unclassified,Solyc01g109670.3,0.389396,1.88117,0.206997,2.04254e-06
5285,Solyc10g052480.1,wgd,Unclassified,Solyc11g011570.1,0.68444,3.66594,0.186703,3.90967e-12
5286,Solyc10g052530.1,wgd,Unclassified,Solyc11g011640.1,0.165956,1.70485,0.0973439,9.9593e-17
5287,Solyc10g052540.1,wgd,Unclassified,Solyc11g011650.1,0.141207,0.492038,0.286983,0.000474312
5288,Solyc10g052545.1,wgd,Unclassified,Solyc11g011680.1,0.159215,1.02144,0.155873,2.51082e-06
5289,Solyc10g052570.1,wgd,TE-like,Solyc11g011690.1,0.179955,0.3636,0.494925,0.0203308
5290,Solyc10g052590.1,wgd,Unclassified,Solyc11g011730.1,0.146574,1.66863,0.0878411,6.47233e-18
5291,Solyc10g052650.2,wgd,Unclassified,Solyc01g109780.3,0.304002,0.949394,0.320207,6.26578e-08
5292,Solyc10g053900.2,wgd,TE-like,Solyc01g109860.3,0.135192,1.32556,0.101988,6.20506e-52
5293,Solyc10g054010.1,wgd,TE-like,Solyc01g109880.3,0.231432,3.33689,0.0693558,1.68259e-36
5294,Solyc10g054030.2,wgd,TE-like,Solyc01g109910.3,0.165102,0.780049,0.211656,3.70514e-26
5295,Solyc10g054040.2,wgd,gbM,Solyc01g109940.3,0.0900296,0.639496,0.140782,2.6923e-32
5296,Solyc10g054050.2,wgd,gbM,Solyc01g109950.3,0.134636,2.5173,0.0534841,6.34194e-161
5297,Solyc10g054080.2,wgd,TE-like,Solyc01g110190.3,0.130723,0.849649,0.153856,3.43212e-78
5298,Solyc10g054100.2,wgd,TE-like,Solyc01g110280.3,0.175517,0.768101,0.228508,2.55381e-31
5299,Solyc10g054130.2,wgd,Unclassified,Solyc01g110290.3,0.106335,0.675285,0.157467,8.38791e-29
5300,Solyc10g054320.2,wgd,TE-like,Solyc01g110320.3,0.147566,1.90776,0.0773507,9.16966e-28
5301,Solyc10g054390.2,wgd,gbM,Solyc01g110360.3,0.234984,2.37107,0.0991044,5.57044e-14
5302,Solyc10g054395.1,wgd,gbM,Solyc01g110365.1,0.42611,0.795326,0.535768,0.0681762
5303,Solyc10g054440.2,wgd,Unclassified,Solyc01g110440.4,0.0998744,2.2412,0.0445628,7.99981e-105
5304,Solyc10g054720.1,wgd,Unclassified,Solyc01g110570.3,0.0998846,1.48596,0.0672191,1.05565e-19
5305,Solyc10g054737.1,wgd,Unclassified,Solyc01g110843.1,0.205752,1.18693,0.173348,3.04821e-06
5306,Solyc10g054760.1,wgd,Unmethylated,Solyc01g110880.1,0.117628,0.8494,0.138484,1.50745e-09
5307,Solyc10g054770.1,wgd,Unclassified,Solyc01g110890.1,0.227051,1.45456,0.156096,1.55125e-11
5308,Solyc10g054850.2,wgd,gbM,Solyc01g111090.3,0.0535642,0.524256,0.102172,4.61447e-26
5309,Solyc10g054870.2,wgd,TE-like,Solyc01g111120.3,0.0595505,0.627777,0.0948594,1.01456e-31
5310,Solyc10g054880.2,wgd,TE-like,Solyc01g111150.2,0.144497,0.903226,0.159979,4.00501e-13
5311,Solyc10g054900.2,wgd,TE-like,Solyc01g111145.1,0.265231,1.8475,0.143562,5.43487e-22
5312,Solyc10g054910.1,wgd,Unmethylated,Solyc01g111170.3,0.0464629,3.02072,0.0153814,3.22876e-41
5313,Solyc10g054930.2,wgd,TE-like,Solyc01g111190.3,0.169638,0.596634,0.284326,3.44945e-07
5314,Solyc10g055190.1,wgd,TE-like,Solyc01g111230.3,0.422448,3.56863,0.118378,1.3041e-20
5315,Solyc10g055240.2,wgd,Unclassified,Solyc01g111250.3,0.116646,1.94657,0.0599239,7.06809e-60
5316,Solyc10g055250.1,wgd,Unmethylated,Solyc01g111280.2,0.2909,2.092,0.139054,6.29229e-15
5317,Solyc10g055260.2,wgd,TE-like,Solyc01g111310.3,0.0459956,1.21247,0.0379353,6.97814e-87
5318,Solyc10g055340.1,wgd,TE-like,Solyc01g111340.3,0.373688,3.58177,0.10433,3.45451e-37
5319,Solyc10g055390.2,wgd,Unclassified,Solyc01g111350.3,0.0959884,2.27496,0.0421935,1.51628e-94
5320,Solyc10g055410.2,wgd,TE-like,Solyc01g111500.3,0.129227,1.7363,0.0744264,6.64549e-26
5321,Solyc10g055450.2,wgd,TE-like,Solyc01g111530.3,0.0962076,1.04471,0.0920905,2.02837e-203
5322,Solyc10g055470.2,wgd,TE-like,Solyc01g111540.3,0.117979,1.34992,0.0873971,1.43142e-116
5323,Solyc10g055545.1,wgd,TE-like,Solyc01g111560.3,0.383757,3.17881,0.120724,2.39284e-07
5324,Solyc10g055550.2,wgd,TE-like,Solyc01g111580.3,0.172095,0.707552,0.243225,9.03138e-14
5325,Solyc10g055560.2,wgd,Unclassified,Solyc01g111610.3,0.284634,2.39782,0.118705,2.56816e-13
5326,Solyc10g055570.2,wgd,TE-like,Solyc01g111640.3,0.177819,1.78259,0.0997532,1.79609e-19
5327,Solyc10g055630.2,wgd,Unmethylated,Solyc01g111660.3,0.0698053,1.4344,0.0486651,2.278e-50
5328,Solyc10g055650.2,wgd,gbM,Solyc01g111730.3,0.0717128,0.775938,0.0924208,1.09473e-41
5329,Solyc10g055670.2,wgd,TE-like,Solyc01g111760.3,0.0356614,0.681133,0.0523561,2.09845e-17
5330,Solyc10g055680.1,wgd,Unclassified,Solyc01g111830.3,0.0937001,1.94734,0.0481171,5.20131e-72
5331,Solyc10g055770.2,wgd,Unclassified,Solyc01g111840.3,0.259839,1.30457,0.199176,8.97875e-24
5332,Solyc10g074470.2,wgd,Unclassified,Solyc01g112050.3,0.13277,1.13442,0.117038,1.89375e-70
5333,Solyc10g074490.2,wgd,gbM,Solyc01g112070.3,0.182397,0.908093,0.200858,3.51505e-31
5334,Solyc10g074510.1,wgd,Unclassified,Solyc01g112150.3,0.127887,0.609251,0.209909,0.000141978
5335,Solyc10g074570.2,wgd,TE-like,Solyc01g112250.3,0.063651,1.00363,0.0634206,1.95814e-72
5336,Solyc10g074590.2,wgd,gbM,Solyc01g112270.1,0.251337,1.53586,0.163646,1.51766e-11
5337,Solyc10g076260.2,wgd,TE-like,Solyc09g014780.3,0.138215,0.834915,0.165544,7.45425e-38
5338,Solyc10g076290.2,wgd,gbM,Solyc10g085600.2,1.12689,4.47898,0.251596,2.09947e-17
5339,Solyc10g076300.2,wgd,Unmethylated,Solyc09g014995.1,0.248164,0.645086,0.3847,3.21575e-05
5340,Solyc10g076320.2,wgd,gbM,Solyc10g085370.2,0.151282,1.65221,0.0915632,3.33647e-53
5341,Solyc10g076330.2,wgd,TE-like,Solyc09g015120.3,0.352691,0.881315,0.400187,3.49306e-10
5342,Solyc10g076350.2,wgd,Unclassified,Solyc10g085350.2,0.288201,3.18808,0.0903997,7.58446e-20
5343,Solyc10g076360.1,wgd,Unmethylated,Solyc09g015155.1,0.127098,1.11547,0.113942,2.33283e-20
5344,Solyc10g076400.2,wgd,TE-like,Solyc09g015350.3,0.305141,3.78517,0.0806148,1.38111e-31
5345,Solyc10g076410.1,wgd,Unclassified,Solyc09g015380.1,0.144455,1.61213,0.0896052,1.42974e-34
5346,Solyc10g076420.2,wgd,Unclassified,Solyc09g015420.3,0.254135,1.35313,0.187812,3.57977e-17
5347,Solyc10g076555.1,wgd,TE-like,Solyc10g085215.1,0.429782,2.21415,0.194107,8.83758e-05
5348,Solyc10g076600.2,wgd,gbM,Solyc10g085200.2,0.0689362,0.89848,0.0767254,1.02544e-50
5349,Solyc10g076660.2,wgd,TE-like,Solyc10g085190.2,0.174024,1.49019,0.116779,1.31385e-48
5350,Solyc10g076690.2,wgd,gbM,Solyc10g085180.2,0.09727,1.43783,0.0676505,3.60951e-31
5351,Solyc10g076740.2,wgd,TE-like,Solyc10g085170.2,0.411209,1.68019,0.244739,2.61411e-08
5352,Solyc10g076750.2,wgd,Unclassified,Solyc09g014500.3,0.150587,0.447548,0.336472,0.000163328
5353,Solyc10g076760.2,wgd,Unclassified,Solyc09g014460.1,0.13829,2.52908,0.0546801,4.21121e-23
5354,Solyc10g076780.1,wgd,Unclassified,Solyc09g014390.1,0.210156,4.0361,0.052069,1.2635e-58
5355,Solyc10g076790.2,wgd,Unclassified,Solyc09g014380.3,0.045449,0.840334,0.0540844,3.22885e-72
5356,Solyc10g076820.2,wgd,TE-like,Solyc09g014250.3,0.135215,2.56687,0.052677,1.38852e-32
5357,Solyc10g076830.2,wgd,TE-like,Solyc10g085090.2,0.0753384,1.49861,0.0502723,8.20421e-87
5358,Solyc10g076920.2,wgd,gbM,Solyc10g081350.2,0.157234,0.710943,0.221163,1.03675e-16
5359,Solyc10g077000.2,wgd,TE-like,Solyc10g081200.1,0.356498,1.53727,0.231904,7.40329e-41
5360,Solyc10g077010.2,wgd,Unclassified,Solyc10g081170.2,0.00287226,0.757504,0.00379174,1.1927e-29
5361,Solyc10g077020.2,wgd,gbM,Solyc10g081140.2,0.0962636,0.749779,0.128389,1.71477e-40
5362,Solyc10g077030.2,wgd,gbM,Solyc10g081130.2,0.0125707,0.53029,0.0237053,2.84381e-37
5363,Solyc10g077080.2,wgd,gbM,Solyc10g081120.2,0.166597,0.811009,0.205419,1.51188e-37
5364,Solyc10g077090.2,wgd,TE-like,Solyc10g081085.1,0.532147,1.6318,0.32611,4.35721e-06
5365,Solyc10g078150.2,wgd,Unclassified,Solyc10g081030.2,0.07622,0.917954,0.0830325,1.31667e-20
5366,Solyc10g078160.2,wgd,gbM,Solyc10g081010.2,0.173096,0.490756,0.352714,2.22148e-10
5367,Solyc10g078270.2,wgd,NA,Solyc10g080980.2,0.144768,2.39882,0.0603499,5.0593e-38
5368,Solyc10g078310.2,wgd,Unmethylated,Solyc10g080960.1,0.0932554,2.19158,0.0425518,3.01913e-45
5369,Solyc10g078330.2,wgd,gbM,Solyc10g080950.2,0.146032,1.55638,0.093828,1.96711e-40
5370,Solyc10g078350.2,wgd,gbM,Solyc10g080930.2,0.31371,1.11256,0.281972,3.26953e-17
5371,Solyc10g078360.2,wgd,TE-like,Solyc10g080890.2,0.241347,3.87344,0.0623081,4.22317e-55
5372,Solyc10g078370.2,wgd,gbM,Solyc10g080880.2,0.0685379,1.19467,0.0573698,1.94321e-82
5373,Solyc10g078460.2,wgd,TE-like,Solyc10g080750.2,0.146613,1.75191,0.0836876,2.42548e-83
5374,Solyc10g078530.2,wgd,Unclassified,Solyc10g080690.2,0.156007,1.07288,0.14541,5.38626e-35
5375,Solyc10g078590.2,wgd,Unmethylated,Solyc10g080670.2,0.287749,1.48016,0.194404,1.06056e-17
5376,Solyc10g078610.1,wgd,TE-like,Solyc10g080650.2,0.281354,1.77022,0.158937,7.2161e-15
5377,Solyc10g078650.2,wgd,TE-like,Solyc10g080640.2,0.159116,0.924351,0.172138,2.33665e-33
5378,Solyc10g078670.2,wgd,TE-like,Solyc10g080410.2,0.134653,1.48437,0.0907134,1.02204e-36
5379,Solyc10g078680.2,wgd,gbM,Solyc10g080420.2,0.0361951,0.915587,0.0395322,8.70491e-100
5380,Solyc10g078710.1,wgd,Unclassified,Solyc10g080450.2,0.187136,0.506588,0.369405,6.97984e-05
5381,Solyc10g078720.2,wgd,gbM,Solyc10g080460.2,0.279757,1.65064,0.169484,6.54628e-21
5382,Solyc10g078750.2,wgd,gbM,Solyc10g080480.2,0.116043,0.710027,0.163434,1.0194e-20
5383,Solyc10g078860.2,wgd,TE-like,Solyc01g086710.3,0.770602,4.87424,0.158097,1.23622e-85
5384,Solyc10g078910.2,wgd,TE-like,Solyc10g080550.2,0.186667,1.61664,0.115466,5.50885e-49
5385,Solyc10g078940.2,wgd,TE-like,Solyc10g080580.1,0.0508258,0.903803,0.0562354,3.89005e-53
5386,Solyc10g078970.1,wgd,TE-like,Solyc10g080600.2,0.442563,3.13814,0.141027,6.66666e-16
5387,Solyc10g079030.2,wgd,TE-like,Solyc01g086850.3,0.155639,3.77959,0.0411789,1.92406e-63
5388,Solyc10g079050.2,wgd,gbM,Solyc01g086870.3,0.537346,3.9563,0.13582,6.10779e-33
5389,Solyc10g079080.2,wgd,Unclassified,Solyc01g086970.3,0.235719,1.9112,0.123336,9.35866e-23
5390,Solyc10g079120.2,wgd,gbM,Solyc01g087170.3,0.207652,4.52493,0.0458907,2.40203e-121
5391,Solyc10g079150.2,wgd,TE-like,Solyc01g087240.3,0.501685,3.60022,0.139348,7.76028e-38
5392,Solyc10g079190.2,wgd,gbM,Solyc04g017710.3,0.0453222,0.616495,0.073516,1.94944e-50
5393,Solyc10g079240.2,wgd,gbM,Solyc04g016480.3,0.241054,0.968412,0.248917,5.16887e-19
5394,Solyc10g079260.2,wgd,gbM,Solyc04g016440.3,0.115994,0.615363,0.188497,1.80078e-10
5395,Solyc10g079280.2,wgd,TE-like,Solyc04g016280.3,0.052423,0.82693,0.0633948,2.70933e-41
5396,Solyc10g079300.2,wgd,TE-like,Solyc04g016260.3,0.100227,0.663538,0.151049,7.26792e-73
5397,Solyc10g079320.2,wgd,TE-like,Solyc10g079950.2,0.413824,4.30751,0.0960704,2.24888e-48
5398,Solyc10g079330.1,wgd,TE-like,Solyc10g079930.1,0.305665,4.10757,0.074415,1.82858e-68
5399,Solyc10g079340.2,wgd,gbM,Solyc04g016200.1,0.172548,1.60831,0.107285,2.67601e-33
5400,Solyc10g079380.2,wgd,Unclassified,Solyc04g016000.3,0.16263,0.787203,0.206592,6.48816e-13
5401,Solyc10g079390.1,wgd,Unclassified,Solyc04g015850.2,0.297995,1.73981,0.17128,6.57454e-20
5402,Solyc10g079400.2,wgd,TE-like,Solyc04g015830.3,0.276634,1.00758,0.274552,1.76057e-13
5403,Solyc10g079410.2,wgd,gbM,Solyc10g079770.2,0.0906084,1.13633,0.0797379,1.43995e-97
5404,Solyc10g079420.1,wgd,Unmethylated,Solyc10g079755.1,0.1393,1.50841,0.0923486,4.82516e-25
5405,Solyc10g079460.1,wgd,TE-like,Solyc10g079750.2,0.108493,0.83816,0.129442,9.97675e-41
5406,Solyc10g079590.1,wgd,gbM,Solyc10g079710.2,0.242013,0.767171,0.315461,8.84417e-12
5407,Solyc10g079600.2,wgd,NA,Solyc10g079700.2,0.0524541,0.231805,0.226285,1.94448e-07
5408,Solyc10g079700.2,wgd,NA,Solyc10g079600.2,0.0524541,0.231805,0.226285,1.94448e-07
5409,Solyc10g079710.2,wgd,gbM,Solyc10g079590.1,0.242013,0.767171,0.315461,8.84417e-12
5410,Solyc10g079750.2,wgd,TE-like,Solyc10g079460.1,0.108493,0.83816,0.129442,9.97675e-41
5411,Solyc10g079755.1,wgd,Unmethylated,Solyc10g079420.1,0.1393,1.50841,0.0923486,4.82516e-25
5412,Solyc10g079770.2,wgd,TE-like,Solyc10g079410.2,0.0906084,1.13633,0.0797379,1.43995e-97
5413,Solyc10g079790.1,wgd,TE-like,Solyc04g017750.3,0.368011,1.39093,0.264578,9.05907e-30
5414,Solyc10g079820.2,wgd,Unclassified,Solyc04g017690.3,0.091546,3.09928,0.0295379,5.03057e-26
5415,Solyc10g079860.2,wgd,TE-like,Solyc04g016470.3,0.159073,1.9233,0.0827081,4.83895e-41
5416,Solyc10g079870.2,wgd,gbM,Solyc04g016430.3,0.116359,1.05768,0.110013,6.2335e-56
5417,Solyc10g079890.2,wgd,Unclassified,Solyc04g016400.3,0.114675,2.25897,0.0507644,2.47991e-35
5418,Solyc10g079900.2,wgd,gbM,Solyc04g016290.3,0.707879,1.6243,0.435807,1.49497e-11
5419,Solyc10g079910.2,wgd,TE-like,Solyc04g016280.3,0.0547768,0.926712,0.0591088,4.25983e-47
5420,Solyc10g079930.1,wgd,Unclassified,Solyc04g016190.1,0.334368,4.27595,0.0781974,5.72364e-53
5421,Solyc10g079950.2,wgd,TE-like,Solyc10g079320.2,0.413824,4.30751,0.0960704,2.24888e-48
5422,Solyc10g080010.2,wgd,gbM,Solyc04g016160.3,0.142438,0.799334,0.178196,4.44673e-33
5423,Solyc10g080020.2,wgd,TE-like,Solyc04g016130.3,0.233692,0.994874,0.234897,7.95492e-26
5424,Solyc10g080050.2,wgd,Unclassified,Solyc04g016060.1,0.15902,1.5326,0.103759,5.86922e-25
5425,Solyc10g080070.2,wgd,gbM,Solyc04g016050.3,0.110922,0.572092,0.193888,1.27772e-23
5426,Solyc10g080080.2,wgd,Unclassified,Solyc04g016010.3,0.129596,0.641979,0.20187,2.15326e-18
5427,Solyc10g080100.2,wgd,TE-like,Solyc04g015830.3,0.104257,0.583597,0.178646,1.09956e-48
5428,Solyc10g080140.2,wgd,Unclassified,Solyc04g015730.2,0.397682,1.14271,0.348016,1.68182e-06
5429,Solyc10g080190.1,wgd,Unclassified,Solyc04g015585.1,0.25621,1.18004,0.21712,0.000144372
5430,Solyc10g080200.2,wgd,gbM,Solyc04g015570.3,0.151904,0.845898,0.179577,1.10068e-18
5431,Solyc10g080210.2,wgd,Unclassified,Solyc04g015530.2,0.281729,1.37879,0.20433,1.45001e-18
5432,Solyc10g080230.2,wgd,Unclassified,Solyc04g015520.3,0.197546,0.924713,0.213629,1.05548e-10
5433,Solyc10g080410.2,wgd,TE-like,Solyc10g078670.2,0.134653,1.48437,0.0907134,1.02204e-36
5434,Solyc10g080420.2,wgd,TE-like,Solyc10g078680.2,0.0361951,0.915587,0.0395322,8.70491e-100
5435,Solyc10g080450.2,wgd,Unclassified,Solyc10g078710.1,0.187136,0.506588,0.369405,6.97984e-05
5436,Solyc10g080460.2,wgd,TE-like,Solyc10g078720.2,0.279757,1.65064,0.169484,6.54628e-21
5437,Solyc10g080480.2,wgd,Unclassified,Solyc10g078750.2,0.116043,0.710027,0.163434,1.0194e-20
5438,Solyc10g080550.2,wgd,TE-like,Solyc10g078910.2,0.186667,1.61664,0.115466,5.50885e-49
5439,Solyc10g080580.1,wgd,TE-like,Solyc10g078940.2,0.0508258,0.903803,0.0562354,3.89005e-53
5440,Solyc10g080600.2,wgd,Unclassified,Solyc10g078970.1,0.442563,3.13814,0.141027,6.66666e-16
5441,Solyc10g080640.2,wgd,gbM,Solyc10g078650.2,0.159116,0.924351,0.172138,2.33665e-33
5442,Solyc10g080650.2,wgd,Unclassified,Solyc10g078610.1,0.281354,1.77022,0.158937,7.2161e-15
5443,Solyc10g080670.2,wgd,TE-like,Solyc10g078590.2,0.287749,1.48016,0.194404,1.06056e-17
5444,Solyc10g080690.2,wgd,Unclassified,Solyc10g078530.2,0.156007,1.07288,0.14541,5.38626e-35
5445,Solyc10g080750.2,wgd,TE-like,Solyc10g078460.2,0.146613,1.75191,0.0836876,2.42548e-83
5446,Solyc10g080880.2,wgd,gbM,Solyc10g078370.2,0.0685379,1.19467,0.0573698,1.94321e-82
5447,Solyc10g080890.2,wgd,Unclassified,Solyc10g078360.2,0.241347,3.87344,0.0623081,4.22317e-55
5448,Solyc10g080930.2,wgd,TE-like,Solyc10g078350.2,0.31371,1.11256,0.281972,3.26953e-17
5449,Solyc10g080950.2,wgd,gbM,Solyc10g078330.2,0.146032,1.55638,0.093828,1.96711e-40
5450,Solyc10g080960.1,wgd,Unclassified,Solyc10g078310.2,0.0932554,2.19158,0.0425518,3.01913e-45
5451,Solyc10g080980.2,wgd,TE-like,Solyc10g078270.2,0.144768,2.39882,0.0603499,5.0593e-38
5452,Solyc10g081010.2,wgd,TE-like,Solyc10g078160.2,0.173096,0.490756,0.352714,2.22148e-10
5453,Solyc10g081030.2,wgd,gbM,Solyc10g078150.2,0.07622,0.917954,0.0830325,1.31667e-20
5454,Solyc10g081085.1,wgd,Unclassified,Solyc10g077090.2,0.532147,1.6318,0.32611,4.35721e-06
5455,Solyc10g081120.2,wgd,TE-like,Solyc10g077080.2,0.166597,0.811009,0.205419,1.51188e-37
5456,Solyc10g081130.2,wgd,TE-like,Solyc10g077030.2,0.0125707,0.53029,0.0237053,2.84381e-37
5457,Solyc10g081140.2,wgd,gbM,Solyc10g077020.2,0.0962636,0.749779,0.128389,1.71477e-40
5458,Solyc10g081170.2,wgd,gbM,Solyc10g077010.2,0.00287226,0.757504,0.00379174,1.1927e-29
5459,Solyc10g081200.1,wgd,TE-like,Solyc10g077000.2,0.356498,1.53727,0.231904,7.40329e-41
5460,Solyc10g081350.2,wgd,TE-like,Solyc10g076920.2,0.157234,0.710943,0.221163,1.03675e-16
5461,Solyc10g081610.2,wgd,TE-like,Solyc11g006320.2,0.109419,4.18059,0.0261731,1.07226e-248
5462,Solyc10g081640.2,wgd,gbM,Solyc01g006730.3,0.102714,1.10848,0.0926622,4.7105e-63
5463,Solyc10g081660.2,wgd,gbM,Solyc01g006740.3,0.0606083,0.784207,0.0772861,1.11055e-49
5464,Solyc10g081690.1,wgd,NA,Solyc01g006760.3,0.268997,1.1199,0.240196,0.000472184
5465,Solyc10g081700.2,wgd,Unmethylated,Solyc01g006790.2,0.266754,5.81545,0.0458699,3.60041e-26
5466,Solyc10g081710.2,wgd,TE-like,Solyc01g006810.3,0.305085,0.940265,0.324467,2.09948e-10
5467,Solyc10g081720.2,wgd,Unclassified,Solyc01g006825.1,0.156919,1.81081,0.086657,4.91622e-55
5468,Solyc10g081730.2,wgd,TE-like,Solyc01g006830.3,0.249535,0.719667,0.346737,8.9597e-14
5469,Solyc10g081740.2,wgd,gbM,Solyc01g006840.3,0.119989,0.988228,0.121419,3.96471e-56
5470,Solyc10g081770.2,wgd,TE-like,Solyc01g006870.3,0.259127,1.73442,0.149402,2.47393e-26
5471,Solyc10g081780.2,wgd,TE-like,Solyc11g006450.2,0.302511,2.98076,0.101488,0
5472,Solyc10g081800.2,wgd,gbM,Solyc01g006900.3,0.227345,1.33492,0.170307,1.6029e-16
5473,Solyc10g081840.2,wgd,TE-like,Solyc01g006930.3,0.35651,0.832555,0.428212,0.000125774
5474,Solyc10g081850.2,wgd,gbM,Solyc01g006950.3,0.0742645,3.66532,0.0202614,1.15884e-78
5475,Solyc10g081890.2,wgd,TE-like,Solyc11g068970.1,0.357455,4.21159,0.0848741,9.32887e-57
5476,Solyc10g081910.2,wgd,gbM,Solyc01g007130.3,0.12323,1.12259,0.109773,2.58527e-89
5477,Solyc10g081920.2,wgd,TE-like,Solyc01g007150.3,0.0325873,0.661402,0.04927,2.12007e-130
5478,Solyc10g081940.2,wgd,Unclassified,Solyc11g006620.2,0.177171,4.5227,0.0391736,5.88086e-137
5479,Solyc10g081955.1,wgd,Unmethylated,Solyc01g007220.3,0.121872,3.7242,0.0327242,2.17144e-75
5480,Solyc10g081970.2,wgd,TE-like,Solyc01g007230.3,0.164825,3.27094,0.0503907,2.1987e-31
5481,Solyc10g082000.2,wgd,TE-like,Solyc01g007260.3,0.233869,2.18716,0.106928,6.2845e-49
5482,Solyc10g082020.2,wgd,Unclassified,Solyc01g007270.1,0.0901885,0.84273,0.107019,9.88403e-08
5483,Solyc10g082030.2,wgd,gbM,Solyc01g007740.3,0.0891629,1.27432,0.0699692,1.63656e-31
5484,Solyc10g082040.2,wgd,TE-like,Solyc01g007780.3,0.189865,1.02823,0.184653,5.77992e-12
5485,Solyc10g082050.1,wgd,Unmethylated,Solyc11g068780.1,0.336653,1.7595,0.191334,1.41316e-12
5486,Solyc10g082060.1,wgd,gbM,Solyc11g006670.1,0.679723,3.4992,0.194251,2.9377e-25
5487,Solyc10g083120.2,wgd,TE-like,Solyc01g007860.3,0.049332,0.821275,0.0600676,2.49336e-20
5488,Solyc10g083140.1,wgd,TE-like,Solyc06g073990.2,0.351269,1.54909,0.226758,3.20298e-06
5489,Solyc10g083165.1,wgd,Unmethylated,Solyc11g006690.1,0.111989,3.26547,0.0342949,0
5490,Solyc10g083170.2,wgd,TE-like,Solyc10g085665.1,0.337361,1.86303,0.181082,3.49546e-19
5491,Solyc10g083190.2,wgd,gbM,Solyc06g074190.3,0.466934,1.93427,0.241401,3.99521e-31
5492,Solyc10g083210.2,wgd,Unclassified,Solyc09g010230.2,0.241469,2.82145,0.0855831,2.53993e-29
5493,Solyc10g083230.1,wgd,Unclassified,Solyc11g068710.2,0.45778,3.92103,0.11675,3.16849e-24
5494,Solyc10g083250.2,wgd,Unclassified,Solyc06g074230.3,0.340645,1.43072,0.238093,1.847e-14
5495,Solyc10g083280.3,wgd,gbM,Solyc09g010100.3,NA,0.63041,3.06081e-12,NA
5496,Solyc10g083290.4,wgd,TE-like,Solyc09g010080.3,0.161043,1.36532,0.117952,2.48174e-72
5497,Solyc10g083310.2,wgd,gbM,Solyc09g010060.3,0.0909525,0.88127,0.103206,1.80504e-79
5498,Solyc10g083320.2,wgd,Unclassified,Solyc09g009980.2,0.0731192,0.56729,0.128892,3.56524e-08
5499,Solyc10g083330.1,wgd,Unmethylated,Solyc09g009840.1,0.262392,0.776186,0.338053,1.47146e-11
5500,Solyc10g083340.2,wgd,gbM,Solyc10g085620.2,0.155636,0.524042,0.296991,1.75364e-14
5501,Solyc10g083360.2,wgd,Unclassified,Solyc09g009770.3,0.212207,1.53621,0.138137,3.74744e-37
5502,Solyc10g083380.2,wgd,TE-like,Solyc09g009760.1,0.63019,2.46022,0.256152,9.56643e-13
5503,Solyc10g083400.1,wgd,TE-like,Solyc06g074420.1,0.267054,4.18956,0.0637428,7.57453e-140
5504,Solyc10g083420.2,wgd,Unclassified,Solyc09g009690.3,0.0981493,1.13573,0.0864194,9.8962e-17
5505,Solyc10g083460.1,wgd,Unclassified,Solyc09g009590.1,0.330598,1.32876,0.248802,1.84711e-11
5506,Solyc10g083480.2,wgd,TE-like,Solyc09g009470.1,0.0596831,0.668597,0.0892662,7.75454e-46
5507,Solyc10g083490.2,wgd,TE-like,Solyc09g009430.3,0.0568547,0.571346,0.09951,2.41609e-44
5508,Solyc10g083500.2,wgd,TE-like,Solyc09g009380.3,0.180381,0.683841,0.263776,8.16588e-44
5509,Solyc10g083510.2,wgd,gbM,Solyc09g009200.2,0.218774,2.77044,0.0789672,1.20866e-28
5510,Solyc10g083520.2,wgd,Unclassified,Solyc09g009210.3,0.0621076,0.655742,0.0947135,4.76457e-16
5511,Solyc10g083530.2,wgd,TE-like,Solyc09g009220.3,0.323167,2.81947,0.11462,2.01868e-33
5512,Solyc10g083560.1,wgd,TE-like,Solyc09g009240.1,0.248803,2.06231,0.120643,6.52572e-21
5513,Solyc10g083563.1,wgd,TE-like,Solyc09g009250.3,0.177494,2.40312,0.07386,1.10795e-11
5514,Solyc10g083570.2,wgd,gbM,Solyc09g009260.3,0.0434749,3.8766,0.0112147,1.40673e-72
5515,Solyc10g083580.2,wgd,Unclassified,Solyc09g009130.3,0.328419,1.24328,0.264154,1.48451e-05
5516,Solyc10g083590.2,wgd,TE-like,Solyc09g009120.3,0.263749,0.786987,0.335138,4.21419e-29
5517,Solyc10g083610.2,wgd,TE-like,Solyc10g085570.3,0.158671,0.629619,0.252011,1.37848e-34
5518,Solyc10g083630.2,wgd,TE-like,Solyc09g009080.3,0.2396,0.673086,0.355972,1.71125e-42
5519,Solyc10g083670.2,wgd,TE-like,Solyc06g074630.3,0.158973,3.29079,0.0483086,1.92965e-46
5520,Solyc10g083675.1,wgd,TE-like,Solyc09g008990.3,0.207073,3.07171,0.0674128,2.34747e-19
5521,Solyc10g083690.3,wgd,Unclassified,Solyc10g085500.2,0.297586,1.74771,0.170272,1.50791e-48
5522,Solyc10g083720.2,wgd,TE-like,Solyc09g008840.3,0.0579973,0.807602,0.0718142,2.68959e-61
5523,Solyc10g083730.2,wgd,Unclassified,Solyc09g008820.3,0.122488,1.183,0.10354,4.02403e-38
5524,Solyc10g083740.2,wgd,Unclassified,Solyc10g085480.2,0.0115781,0.704905,0.016425,3.28001e-31
5525,Solyc10g083750.2,wgd,TE-like,Solyc09g008720.2,0.20624,4.03314,0.0511363,7.46243e-65
5526,Solyc10g083760.2,wgd,Unclassified,Solyc09g008670.3,0.357189,1.82084,0.196167,3.27946e-46
5527,Solyc10g083800.2,wgd,TE-like,Solyc09g008520.3,0.0949911,0.671293,0.141505,2.25864e-39
5528,Solyc10g083860.2,wgd,gbM,Solyc09g008450.3,0.191178,0.869253,0.219934,4.55638e-11
5529,Solyc10g083880.2,wgd,TE-like,Solyc06g074820.3,0.140195,2.52624,0.0554954,2.89254e-43
5530,Solyc10g083890.2,wgd,TE-like,Solyc09g008420.3,0.286492,2.20011,0.130217,3.43867e-15
5531,Solyc10g083920.2,wgd,TE-like,Solyc09g008400.3,0.0964543,1.15909,0.0832155,5.52308e-63
5532,Solyc10g083940.1,wgd,gbM,Solyc09g008370.1,0.141755,2.34171,0.0605349,1.31899e-81
5533,Solyc10g083960.2,wgd,TE-like,Solyc09g008310.3,0.0975676,0.838436,0.116369,3.32052e-49
5534,Solyc10g083970.1,wgd,gbM,Solyc09g008280.2,0.019898,0.55592,0.0357929,1.05425e-49
5535,Solyc10g084000.2,wgd,Unclassified,Solyc10g086280.2,0.440438,1.27359,0.345824,6.2854e-13
5536,Solyc10g084010.1,wgd,TE-like,Solyc09g008175.1,0.472125,3.15029,0.149867,3.94117e-12
5537,Solyc10g084020.1,wgd,Unclassified,Solyc09g008170.2,0.374143,3.08524,0.121268,1.87699e-14
5538,Solyc10g084050.2,wgd,TE-like,Solyc09g008070.3,0.0286675,0.953891,0.0300532,1.78764e-141
5539,Solyc10g084070.1,wgd,NA,NA,NA,NA,NA,NA
5540,Solyc10g084100.2,wgd,Unclassified,Solyc09g007680.3,0.120389,1.12692,0.10683,4.0931e-33
5541,Solyc10g084150.2,wgd,Unclassified,Solyc09g007830.3,0.0267779,0.569501,0.04702,2.52761e-27
5542,Solyc10g084180.2,wgd,Unclassified,Solyc06g075250.3,0.359854,4.17996,0.0860902,7.47928e-64
5543,Solyc10g084240.2,wgd,TE-like,Solyc09g007520.3,0.162511,1.8944,0.0857851,2.1713e-32
5544,Solyc10g084250.1,wgd,gbM,Solyc09g007510.2,0.117502,1.82195,0.0644926,4.18071e-93
5545,Solyc10g084260.2,wgd,Unclassified,Solyc09g007490.3,0.177083,0.833347,0.212496,2.46959e-15
5546,Solyc10g084280.2,wgd,TE-like,Solyc09g007410.3,0.102719,0.625933,0.164105,5.71847e-37
5547,Solyc10g084290.2,wgd,gbM,Solyc09g007360.3,0.18269,0.716866,0.254845,9.65262e-27
5548,Solyc10g084310.2,wgd,Unclassified,Solyc10g086020.2,NA,0.481791,9.01008e-13,NA
5549,Solyc10g084340.2,wgd,gbM,Solyc09g007260.3,0.198767,0.907742,0.218969,1.3839e-25
5550,Solyc10g084350.2,wgd,Unmethylated,Solyc09g007250.3,0.0478926,1.76964,0.0270634,1.54578e-83
5551,Solyc10g084390.2,wgd,gbM,Solyc09g007170.3,0.27058,1.15413,0.234446,3.63266e-14
5552,Solyc10g084400.2,wgd,Unclassified,Solyc09g007150.3,0.148686,0.90857,0.163648,2.54913e-19
5553,Solyc10g084410.2,wgd,TE-like,Solyc09g007080.3,0.118708,1.03323,0.11489,4.40307e-41
5554,Solyc10g084430.2,wgd,TE-like,Solyc09g007060.2,0.286263,0.933578,0.30663,5.38101e-10
5555,Solyc10g084500.1,wgd,TE-like,Solyc09g005960.3,0.226291,1.62221,0.139496,5.89119e-18
5556,Solyc10g084530.1,wgd,Unmethylated,Solyc09g005920.3,0.109263,1.1755,0.0929503,1.98629e-15
5557,Solyc10g084540.2,wgd,gbM,Solyc09g005910.3,0.230469,0.573713,0.401714,1.01152e-11
5558,Solyc10g084600.2,wgd,Unclassified,Solyc09g005730.3,0.254004,0.68096,0.373009,0.00262479
5559,Solyc10g084610.3,wgd,gbM,Solyc09g005720.3,0.0662065,1.17431,0.0563789,5.92189e-26
5560,Solyc10g084620.2,wgd,Unclassified,Solyc09g010390.2,0.107242,5.41082,0.0198198,6.31025e-44
5561,Solyc10g084660.2,wgd,Unclassified,Solyc09g010440.3,0.0497701,0.794055,0.0626784,3.66813e-15
5562,Solyc10g084670.2,wgd,TE-like,Solyc09g010460.3,0.0844565,0.734403,0.115,5.01709e-84
5563,Solyc10g084690.2,wgd,Unclassified,Solyc09g010520.3,0.138396,1.34858,0.102623,3.84958e-45
5564,Solyc10g084720.1,wgd,TE-like,Solyc09g010564.1,0.33444,1.12528,0.297205,7.69745e-15
5565,Solyc10g084750.1,wgd,gbM,Solyc09g010790.1,0.351605,1.55065,0.226747,1.5159e-22
5566,Solyc10g084760.2,wgd,TE-like,Solyc09g010830.3,0.180071,0.744808,0.241769,3.47665e-89
5567,Solyc10g084770.2,wgd,gbM,Solyc09g010850.3,0.0900342,1.41545,0.0636079,3.45511e-50
5568,Solyc10g084780.2,wgd,TE-like,Solyc09g010860.3,0.122574,1.91244,0.0640931,1.54759e-49
5569,Solyc10g084810.2,wgd,TE-like,Solyc10g086565.1,0.147781,0.529552,0.279069,1.46117e-10
5570,Solyc10g084840.2,wgd,gbM,Solyc09g011027.1,0.157468,2.44812,0.0643221,2.05588e-31
5571,Solyc10g084860.1,wgd,TE-like,Solyc09g012000.1,0.366531,4.45687,0.0822396,8.64429e-137
5572,Solyc10g084890.2,wgd,gbM,Solyc06g076550.3,0.460383,4.26052,0.108058,8.93248e-38
5573,Solyc10g084910.2,wgd,Unclassified,Solyc09g011110.1,0.362513,1.74965,0.207192,4.55102e-11
5574,Solyc10g084920.2,wgd,Unclassified,Solyc09g011310.3,0.0478781,0.539364,0.0887677,5.71791e-22
5575,Solyc10g084930.2,wgd,gbM,Solyc09g011320.3,0.133064,0.59907,0.222118,6.62808e-35
5576,Solyc10g084940.2,wgd,gbM,Solyc09g011390.3,0.147014,0.880042,0.167053,4.18771e-12
5577,Solyc10g084950.2,wgd,TE-like,Solyc09g011400.1,0.253003,3.26192,0.0775628,2.30943e-06
5578,Solyc10g084960.2,wgd,TE-like,Solyc09g011640.4,0.205261,2.59357,0.079142,1.48318e-32
5579,Solyc10g084970.2,wgd,Unmethylated,Solyc09g011690.3,0.252915,1.53575,0.164686,6.18736e-22
5580,Solyc10g084990.2,wgd,TE-like,Solyc09g011740.3,0.0776927,0.587729,0.132191,1.11825e-24
5581,Solyc10g085000.2,wgd,TE-like,Solyc06g076600.2,0.185762,4.28773,0.043324,1.67847e-98
5582,Solyc10g085010.2,wgd,Unclassified,Solyc10g086710.2,0.204469,2.74065,0.0746062,2.97754e-23
5583,Solyc10g085020.2,wgd,Unclassified,Solyc06g076640.3,0.0214501,4.11033,0.00521857,1.00457e-204
5584,Solyc10g085050.2,wgd,Unclassified,Solyc09g011860.3,0.171071,2.32731,0.0735058,8.16342e-58
5585,Solyc10g085060.2,wgd,TE-like,Solyc09g013130.3,0.0927124,0.642256,0.144354,1.20142e-65
5586,Solyc10g085070.2,wgd,Unclassified,Solyc06g076700.1,0.601965,4.32631,0.139141,1.83647e-38
5587,Solyc10g085080.2,wgd,Unclassified,Solyc09g014215.1,0.217846,0.930416,0.234139,5.76772e-14
5588,Solyc10g085090.2,wgd,TE-like,Solyc06g076760.2,0.180433,4.31791,0.0417871,4.089e-110
5589,Solyc10g085100.2,wgd,TE-like,Solyc09g014300.3,0.123736,0.690747,0.179134,3.15619e-34
5590,Solyc10g085120.2,wgd,gbM,Solyc06g076910.2,0.479974,4.88306,0.0982938,2.21494e-108
5591,Solyc10g085140.1,wgd,Unclassified,Solyc06g076920.3,0.292527,3.11592,0.0938815,4.94227e-22
5592,Solyc10g085170.2,wgd,TE-like,Solyc10g076740.2,0.411209,1.68019,0.244739,2.61411e-08
5593,Solyc10g085180.2,wgd,gbM,Solyc10g076690.2,0.09727,1.43783,0.0676505,3.60951e-31
5594,Solyc10g085190.2,wgd,TE-like,Solyc10g076660.2,0.174024,1.49019,0.116779,1.31385e-48
5595,Solyc10g085200.2,wgd,TE-like,Solyc10g076600.2,0.0689362,0.89848,0.0767254,1.02544e-50
5596,Solyc10g085215.1,wgd,Unclassified,Solyc10g076555.1,0.429782,2.21415,0.194107,8.83758e-05
5597,Solyc10g085300.2,wgd,gbM,Solyc10g076420.2,0.0598542,0.65073,0.0919801,7.14399e-20
5598,Solyc10g085310.1,wgd,Unmethylated,Solyc10g076410.1,0.182986,1.65526,0.110548,1.03584e-32
5599,Solyc10g085320.2,wgd,TE-like,Solyc10g076400.2,0.464111,4.13645,0.1122,2.36747e-45
5600,Solyc10g085350.2,wgd,TE-like,Solyc10g076350.2,0.288201,3.18808,0.0903997,7.58446e-20
5601,Solyc10g085370.2,wgd,TE-like,Solyc10g076320.2,0.151282,1.65221,0.0915632,3.33647e-53
5602,Solyc10g085480.2,wgd,TE-like,Solyc10g083740.2,0.0115781,0.704905,0.016425,3.28001e-31
5603,Solyc10g085490.2,wgd,TE-like,Solyc09g008820.3,0.101667,0.829457,0.12257,7.3711e-21
5604,Solyc10g085500.2,wgd,TE-like,Solyc10g083690.3,0.297586,1.74771,0.170272,1.50791e-48
5605,Solyc10g085550.2,wgd,Unclassified,Solyc09g009020.3,0.0580884,1.28281,0.0452821,1.38675e-27
5606,Solyc10g085560.2,wgd,Unclassified,Solyc09g009030.3,0.160851,0.74519,0.215852,2.6094e-15
5607,Solyc10g085570.3,wgd,TE-like,Solyc09g009090.3,0.130035,0.798145,0.162922,2.58263e-53
5608,Solyc10g085590.1,wgd,TE-like,Solyc09g009270.2,0.137578,1.50475,0.0914292,1.75305e-59
5609,Solyc10g085600.2,wgd,TE-like,Solyc10g076290.2,1.12689,4.47898,0.251596,2.09947e-17
5610,Solyc10g085610.2,wgd,Unclassified,Solyc10g083360.2,0.176442,0.771824,0.228604,2.78038e-23
5611,Solyc10g085620.2,wgd,TE-like,Solyc10g083340.2,0.155636,0.524042,0.296991,1.75364e-14
5612,Solyc10g085640.1,wgd,TE-like,Solyc10g083290.4,0.200055,1.4736,0.135759,6.48975e-64
5613,Solyc10g085665.1,wgd,gbM,Solyc10g083170.2,0.337361,1.86303,0.181082,3.49546e-19
5614,Solyc10g085720.2,wgd,gbM,Solyc09g008790.3,0.123755,0.94609,0.130807,1.79607e-43
5615,Solyc10g085730.2,wgd,TE-like,Solyc09g008720.2,0.266758,4.17897,0.0638334,3.19829e-80
5616,Solyc10g085740.2,wgd,TE-like,Solyc09g008690.2,0.102298,2.25133,0.0454388,4.08381e-49
5617,Solyc10g085750.2,wgd,gbM,Solyc09g008620.2,0.192405,1.10428,0.174236,4.59628e-32
5618,Solyc10g085760.1,wgd,NA,Solyc09g008600.3,0.305237,2.28666,0.133486,2.04292e-21
5619,Solyc10g085860.1,wgd,gbM,Solyc09g008510.1,0.408292,4.22842,0.0965589,8.55546e-68
5620,Solyc10g085900.2,wgd,TE-like,Solyc09g005740.2,0.261002,1.13819,0.229313,1.34881e-13
5621,Solyc10g085920.2,wgd,gbM,Solyc09g005810.3,0.0757228,0.858828,0.0881699,3.39493e-44
5622,Solyc10g085960.1,wgd,Unclassified,Solyc09g005950.3,0.269192,3.50668,0.0767656,1.47421e-32
5623,Solyc10g085970.2,wgd,TE-like,Solyc09g007090.3,0.198544,0.809246,0.245344,2.78233e-10
5624,Solyc10g085990.2,wgd,gbM,Solyc09g007170.3,0.108524,0.701652,0.154669,1.09917e-27
5625,Solyc10g086010.2,wgd,Unclassified,Solyc10g084350.2,0.032445,0.94083,0.0344855,3.41364e-77
5626,Solyc10g086020.2,wgd,gbM,Solyc10g084310.2,NA,0.481791,9.01008e-13,NA
5627,Solyc10g086030.2,wgd,gbM,Solyc09g007360.3,0.171916,0.80438,0.213725,1.93785e-28
5628,Solyc10g086040.2,wgd,TE-like,Solyc09g007390.3,0.11365,0.388916,0.292222,6.32172e-05
5629,Solyc10g086060.2,wgd,gbM,Solyc09g007410.3,0.11611,0.740605,0.156778,1.93616e-34
5630,Solyc10g086070.2,wgd,TE-like,Solyc09g007670.3,0.0836676,0.930049,0.0899604,1.74834e-56
5631,Solyc10g086080.2,wgd,TE-like,Solyc09g007680.3,0.129072,1.36599,0.0944903,5.35086e-36
5632,Solyc10g086110.1,wgd,TE-like,Solyc09g007790.1,0.33545,3.26771,0.102656,7.30956e-25
5633,Solyc10g086130.2,wgd,TE-like,Solyc09g007810.3,0.241062,1.2363,0.194987,2.77098e-33
5634,Solyc10g086137.1,wgd,gbM,Solyc09g007820.2,0.129975,2.34458,0.0554364,5.30119e-84
5635,Solyc10g086150.2,wgd,gbM,Solyc09g007850.3,0.132702,1.30871,0.1014,6.10792e-29
5636,Solyc10g086180.2,wgd,gbM,Solyc09g007890.1,0.0699106,1.15138,0.0607191,1.09924e-107
5637,Solyc10g086190.2,wgd,gbM,Solyc09g007940.3,0.0442087,0.552331,0.0800403,6.90319e-37
5638,Solyc10g086200.1,wgd,NA,Solyc09g007970.2,0.112538,3.10914,0.0361958,7.1163e-27
5639,Solyc10g086230.1,wgd,NA,Solyc09g008080.3,0.472111,1.47024,0.321112,0.000178643
5640,Solyc10g086280.2,wgd,Unmethylated,Solyc10g084000.2,0.440438,1.27359,0.345824,6.2854e-13
5641,Solyc10g086330.2,wgd,TE-like,Solyc10g084610.3,0.0490032,0.409671,0.119616,3.77309e-14
5642,Solyc10g086350.2,wgd,TE-like,Solyc09g010370.3,0.0334958,0.538576,0.0621933,1.52156e-24
5643,Solyc10g086360.2,wgd,TE-like,Solyc09g010410.3,0.271792,1.0066,0.27001,3.6135e-07
5644,Solyc10g086390.2,wgd,TE-like,Solyc09g010510.3,0.163753,1.51494,0.108092,1.0633e-13
5645,Solyc10g086410.3,wgd,Unclassified,Solyc09g010630.3,0.0153544,1.2776,0.0120182,3.37264e-158
5646,Solyc10g086420.1,wgd,TE-like,Solyc09g010640.2,0.0720403,0.720746,0.0999524,4.50014e-44
5647,Solyc10g086430.2,wgd,Unclassified,Solyc09g010720.3,0.19681,1.23288,0.159635,1.81286e-90
5648,Solyc10g086440.2,wgd,TE-like,Solyc06g076030.3,0.509101,3.95771,0.128635,5.72039e-28
5649,Solyc10g086490.2,wgd,Unclassified,Solyc09g010780.3,0.160483,1.58383,0.101326,3.27602e-67
5650,Solyc10g086520.2,wgd,Unclassified,Solyc09g010860.3,0.115966,1.83919,0.0630528,9.32593e-52
5651,Solyc10g086530.1,wgd,gbM,Solyc09g010920.1,0.175417,0.88907,0.197304,4.98055e-46
5652,Solyc10g086540.2,wgd,gbM,Solyc09g010950.3,0.141373,0.75414,0.187463,1.20171e-40
5653,Solyc10g086565.1,wgd,Unclassified,Solyc10g084810.2,0.147781,0.529552,0.279069,1.46117e-10
5654,Solyc10g086580.2,wgd,gbM,Solyc09g011080.3,0.0562306,0.820281,0.0685504,1.00455e-49
5655,Solyc10g086610.1,wgd,TE-like,Solyc09g011100.1,0.5071,1.57542,0.321883,0.000663831
5656,Solyc10g086620.2,wgd,TE-like,Solyc09g011130.1,0.349043,3.75177,0.0930341,1.98301e-33
5657,Solyc10g086630.1,wgd,Unclassified,Solyc09g011190.1,0.316991,2.05023,0.154612,1.8194e-08
5658,Solyc10g086640.2,wgd,Unmethylated,Solyc09g011380.3,0.234824,3.84004,0.0611515,2.05736e-45
5659,Solyc10g086660.2,wgd,gbM,Solyc09g011480.3,0.138457,0.80142,0.172765,5.3844e-44
5660,Solyc10g086670.2,wgd,Unclassified,Solyc09g011660.3,0.172591,1.07468,0.160598,4.62958e-14
5661,Solyc10g086680.1,wgd,TE-like,Solyc06g076520.1,0.525789,3.52017,0.149365,7.75431e-16
5662,Solyc10g086690.2,wgd,gbM,Solyc10g084990.2,0.0985286,0.832408,0.118366,1.7275e-23
5663,Solyc10g086700.2,wgd,Unclassified,Solyc06g076610.3,0.491199,1.97146,0.249155,8.93002e-12
5664,Solyc10g086710.2,wgd,Unmethylated,Solyc10g085010.2,0.204469,2.74065,0.0746062,2.97754e-23
5665,Solyc10g086720.2,wgd,gbM,Solyc09g011810.3,0.0763145,0.770749,0.0990135,2.74921e-32
5666,Solyc10g086740.2,wgd,TE-like,Solyc09g011820.3,0.244296,0.786566,0.310586,3.04451e-12
5667,Solyc10g086760.2,wgd,Unclassified,Solyc10g085020.2,0.0104947,0.961548,0.0109143,1.59239e-90
5668,Solyc11g005330.2,wgd,gbM,Solyc04g071207.1,0.229052,2.25731,0.101471,2.23233e-23
5669,Solyc11g005380.2,wgd,Unclassified,Solyc04g071360.3,0.403645,4.28018,0.0943056,3.04918e-62
5670,Solyc11g005430.2,wgd,NA,Solyc04g071400.3,0.386168,3.36844,0.114643,4.84112e-16
5671,Solyc11g005450.2,wgd,Unclassified,Solyc04g071520.3,0.458687,3.81937,0.120095,5.02141e-22
5672,Solyc11g005500.1,wgd,TE-like,Solyc04g071640.1,0.462576,3.11585,0.148459,1.82035e-13
5673,Solyc11g005560.2,wgd,TE-like,Solyc04g071650.3,0.142929,4.90796,0.0291219,3.18585e-228
5674,Solyc11g006115.1,wgd,Unclassified,Solyc05g055070.3,0.260447,1.84767,0.14096,1.56605e-10
5675,Solyc11g006230.2,wgd,Unclassified,Solyc04g009820.3,0.146335,1.22793,0.119172,2.25711e-24
5676,Solyc11g006240.1,wgd,TE-like,Solyc05g055080.1,0.461603,2.98457,0.154663,1.27296e-11
5677,Solyc11g006320.2,wgd,TE-like,Solyc10g081610.2,0.109419,4.18059,0.0261731,1.07226e-248
5678,Solyc11g006370.2,wgd,TE-like,Solyc10g081640.2,0.197924,4.38162,0.0451715,1.57054e-129
5679,Solyc11g006390.2,wgd,TE-like,Solyc05g055110.3,0.336224,0.780847,0.430589,1.27075e-16
5680,Solyc11g006410.2,wgd,gbM,Solyc04g009795.1,0.158899,0.859433,0.184888,1.18133e-46
5681,Solyc11g006450.2,wgd,TE-like,Solyc05g055140.1,0.256788,2.11766,0.12126,9.70432e-12
5682,Solyc11g006460.2,wgd,Unmethylated,Solyc05g055160.3,0.0779399,1.19013,0.0654885,1.02845e-13
5683,Solyc11g006470.2,wgd,Unclassified,Solyc04g009760.2,0.145785,3.34232,0.043618,1.00467e-74
5684,Solyc11g006500.2,wgd,gbM,Solyc05g055170.3,0.0800273,0.52753,0.151702,9.60518e-18
5685,Solyc11g006540.2,wgd,TE-like,Solyc05g055180.3,0.244195,1.16164,0.210215,9.4533e-18
5686,Solyc11g006620.2,wgd,TE-like,Solyc10g081940.2,0.177171,4.5227,0.0391736,5.88086e-137
5687,Solyc11g006650.2,wgd,TE-like,Solyc10g082000.2,0.333703,4.2854,0.0778696,1.76809e-109
5688,Solyc11g006660.2,wgd,TE-like,Solyc05g055210.2,0.0161011,0.667486,0.024122,2.04614e-64
5689,Solyc11g006670.1,wgd,TE-like,Solyc10g082060.1,0.679723,3.4992,0.194251,2.9377e-25
5690,Solyc11g006680.2,wgd,gbM,Solyc04g009730.3,0.131847,0.779398,0.169165,1.47614e-39
5691,Solyc11g006690.1,wgd,gbM,Solyc05g055230.2,0.00929902,0.54327,0.0171168,1.36721e-23
5692,Solyc11g006720.2,wgd,TE-like,Solyc05g055240.3,0.133302,1.52099,0.0876418,7.13046e-23
5693,Solyc11g006730.1,wgd,TE-like,Solyc11g068570.1,0.434661,2.34959,0.184994,3.14264e-17
5694,Solyc11g006820.2,wgd,Unclassified,Solyc05g055260.3,0.0191474,0.629074,0.0304374,1.61364e-14
5695,Solyc11g006900.1,wgd,Unclassified,Solyc05g055270.1,0.322526,3.48347,0.0925875,6.15903e-21
5696,Solyc11g006910.2,wgd,Unclassified,Solyc05g055280.2,0.200389,0.795296,0.251967,9.09544e-10
5697,Solyc11g007020.2,wgd,TE-like,Solyc04g009650.3,0.0962486,0.892678,0.10782,2.5866e-14
5698,Solyc11g007030.2,wgd,TE-like,Solyc05g055290.3,0.265458,3.59937,0.0737513,6.98681e-36
5699,Solyc11g007040.2,wgd,TE-like,Solyc11g067260.2,0.354091,4.12191,0.0859045,2.95361e-39
5700,Solyc11g007080.1,wgd,Unclassified,Solyc05g055300.1,0.0880553,1.61899,0.0543892,1.75354e-47
5701,Solyc11g007170.2,wgd,TE-like,Solyc11g067230.2,0.0713074,4.24805,0.0167859,2.528e-129
5702,Solyc11g007200.2,wgd,TE-like,Solyc05g055310.3,0.175452,1.03145,0.170103,1.48667e-07
5703,Solyc11g007210.2,wgd,Unclassified,Solyc05g055320.3,0.156965,1.71643,0.0914487,4.69423e-39
5704,Solyc11g007250.2,wgd,TE-like,Solyc11g067070.1,0.438312,4.20452,0.104248,4.39063e-82
5705,Solyc11g007270.2,wgd,TE-like,Solyc11g067050.3,0.211254,4.50276,0.0469167,4.03671e-117
5706,Solyc11g007280.2,wgd,TE-like,Solyc11g067000.2,0.192794,2.02833,0.0950509,2.91091e-216
5707,Solyc11g007310.2,wgd,TE-like,Solyc11g066990.2,0.823842,4.6916,0.1756,2.62766e-52
5708,Solyc11g007330.2,wgd,Unclassified,Solyc11g066970.2,0.402116,2.54436,0.158042,2.72357e-09
5709,Solyc11g007340.2,wgd,TE-like,Solyc05g055340.3,0.292888,1.05075,0.278742,2.94643e-12
5710,Solyc11g007370.2,wgd,TE-like,Solyc05g055347.1,0.511861,3.45876,0.14799,6.18799e-15
5711,Solyc11g007510.2,wgd,TE-like,Solyc05g055360.3,0.392508,0.876754,0.447683,5.78562e-10
5712,Solyc11g007530.2,wgd,TE-like,Solyc05g055390.3,0.200385,1.30885,0.1531,5.93181e-17
5713,Solyc11g007540.2,wgd,TE-like,Solyc05g055400.3,0.161075,1.46837,0.109697,6.28009e-74
5714,Solyc11g007600.2,wgd,TE-like,Solyc05g055410.2,0.136158,0.985725,0.138129,3.79851e-36
5715,Solyc11g007760.2,wgd,TE-like,Solyc03g071750.3,0.0457474,0.663451,0.0689537,1.50011e-56
5716,Solyc11g007770.2,wgd,gbM,Solyc05g055420.3,0.106544,0.834138,0.127729,1.43167e-69
5717,Solyc11g007860.1,wgd,Unmethylated,NA,NA,NA,NA,NA
5718,Solyc11g007910.2,wgd,TE-like,Solyc03g071670.1,0.147752,1.07333,0.137658,2.62675e-33
5719,Solyc11g007920.1,wgd,Unmethylated,Solyc03g071620.1,0.019744,1.43637,0.0137457,1.2169e-35
5720,Solyc11g007940.2,wgd,gbM,Solyc05g055450.3,0.128148,0.876756,0.146161,8.52747e-29
5721,Solyc11g007990.2,wgd,TE-like,Solyc03g071590.3,0.0644614,0.997944,0.0645942,1.6004e-62
5722,Solyc11g008000.2,wgd,gbM,Solyc05g055470.3,0.23676,0.650175,0.364148,7.66156e-14
5723,Solyc11g008030.2,wgd,TE-like,Solyc05g055490.2,0.267044,4.27414,0.0624789,2.76621e-82
5724,Solyc11g008140.2,wgd,Unclassified,Solyc05g055510.3,0.184875,1.65967,0.111393,1.21968e-49
5725,Solyc11g008180.1,wgd,gbM,Solyc05g055540.2,0.505233,3.90527,0.129372,4.9339e-32
5726,Solyc11g008210.2,wgd,gbM,Solyc03g071560.3,0.139006,0.574188,0.242091,3.63868e-13
5727,Solyc11g008310.2,wgd,gbM,Solyc05g055560.1,0.238563,0.526241,0.453334,0.00159704
5728,Solyc11g008320.2,wgd,TE-like,Solyc05g055567.1,0.347266,1.79601,0.193354,1.5604e-38
5729,Solyc11g009000.2,wgd,Unclassified,Solyc04g074220.3,0.307607,3.73334,0.0823945,1.11244e-33
5730,Solyc11g009080.2,wgd,gbM,Solyc01g105370.3,0.354379,3.94441,0.0898433,3.16506e-32
5731,Solyc11g009100.2,wgd,TE-like,Solyc01g105435.1,0.306117,4.39063,0.0697206,3.56625e-94
5732,Solyc11g010110.2,wgd,TE-like,Solyc05g051520.3,0.204691,0.770924,0.265513,1.06785e-21
5733,Solyc11g010130.2,wgd,TE-like,Solyc04g074500.3,0.172546,3.85805,0.0447237,8.59779e-57
5734,Solyc11g010200.2,wgd,Unmethylated,Solyc04g074510.3,0.0973495,3.7777,0.0257695,4.53059e-67
5735,Solyc11g010210.1,wgd,TE-like,Solyc05g051500.3,0.30433,1.58298,0.192251,6.09894e-23
5736,Solyc11g010230.2,wgd,gbM,Solyc04g074580.1,NA,1.36477,7.7192e-12,NA
5737,Solyc11g010270.2,wgd,Unclassified,Solyc05g051460.3,0.211221,1.71967,0.122826,5.38545e-35
5738,Solyc11g010290.2,wgd,TE-like,Solyc01g105540.3,0.204466,3.07377,0.0665197,3.59351e-47
5739,Solyc11g010300.2,wgd,TE-like,Solyc01g105560.3,0.204166,4.43995,0.0459838,1.02575e-101
5740,Solyc11g010310.2,wgd,gbM,Solyc04g014210.3,0.182981,0.968805,0.188873,2.43682e-107
5741,Solyc11g010330.2,wgd,TE-like,Solyc04g014220.1,0.324371,3.74589,0.086594,2.44935e-35
5742,Solyc11g010340.2,wgd,TE-like,Solyc04g074810.3,0.327365,3.91711,0.0835732,3.50417e-67
5743,Solyc11g010360.2,wgd,TE-like,Solyc04g014230.1,0.186918,1.98446,0.0941909,4.67885e-27
5744,Solyc11g010370.1,wgd,Unclassified,Solyc04g074830.1,0.692191,1.58222,0.437482,4.86352e-09
5745,Solyc11g010380.2,wgd,TE-like,Solyc04g074840.3,0.250377,4.37254,0.0572613,7.69481e-76
5746,Solyc11g010420.2,wgd,TE-like,Solyc04g074950.3,0.271862,3.58929,0.0757426,3.91759e-46
5747,Solyc11g010440.2,wgd,TE-like,Solyc04g014250.3,0.20309,0.874707,0.232181,1.10735e-15
5748,Solyc11g010450.2,wgd,gbM,Solyc04g014270.3,0.0899206,0.65569,0.137139,1.76215e-40
5749,Solyc11g010460.2,wgd,Unclassified,Solyc05g051410.3,0.182731,0.664461,0.275006,1.85568e-14
5750,Solyc11g010470.2,wgd,Unclassified,Solyc04g076060.3,0.101958,3.7371,0.0272826,0
5751,Solyc11g010490.2,wgd,TE-like,Solyc04g076100.3,0.27051,2.06335,0.131103,1.20749e-132
5752,Solyc11g010500.1,wgd,TE-like,Solyc05g051400.3,0.0911896,1.62789,0.0560169,1.48469e-62
5753,Solyc11g010540.1,wgd,TE-like,Solyc01g105780.3,0.805008,3.91641,0.205548,1.29848e-27
5754,Solyc11g010570.2,wgd,TE-like,Solyc01g105800.3,0.340233,1.49174,0.228077,4.59765e-16
5755,Solyc11g010590.2,wgd,TE-like,Solyc04g014370.3,0.229028,0.915724,0.250106,9.54266e-10
5756,Solyc11g010600.2,wgd,TE-like,Solyc04g076290.3,0.212578,4.30596,0.0493683,2.14874e-83
5757,Solyc11g010610.2,wgd,TE-like,Solyc04g076300.3,0.494467,3.88484,0.127281,5.13246e-34
5758,Solyc11g010625.1,wgd,Unclassified,Solyc04g076340.3,0.3511,3.40652,0.103067,2.93956e-26
5759,Solyc11g010630.3,wgd,gbM,Solyc04g014380.3,0.241638,0.868292,0.278291,7.94066e-34
5760,Solyc11g010650.3,wgd,gbM,Solyc01g106000.3,0.235591,1.68625,0.139713,1.07774e-31
5761,Solyc11g010710.2,wgd,gbM,Solyc05g051380.3,0.192641,1.55092,0.124211,1.16141e-45
5762,Solyc11g010720.1,wgd,TE-like,Solyc04g076470.1,0.402866,2.62651,0.153384,5.9032e-21
5763,Solyc11g010730.2,wgd,TE-like,Solyc04g014400.3,0.27038,1.77083,0.152686,6.45688e-34
5764,Solyc11g010740.2,wgd,TE-like,Solyc05g051360.1,0.192584,1.26772,0.151914,4.54251e-51
5765,Solyc11g010840.2,wgd,TE-like,Solyc01g106020.3,0.618029,4.57174,0.135184,8.99538e-42
5766,Solyc11g010930.2,wgd,Unclassified,Solyc04g014420.3,0.17028,0.937745,0.181584,3.89523e-08
5767,Solyc11g011000.2,wgd,TE-like,Solyc05g051270.3,0.199456,0.990581,0.201352,2.4934e-20
5768,Solyc11g011130.2,wgd,TE-like,Solyc04g014460.3,0.239149,1.05057,0.227638,4.43861e-13
5769,Solyc11g011360.2,wgd,Unclassified,Solyc04g014500.3,0.123406,1.5451,0.0798691,9.31557e-34
5770,Solyc11g011380.2,wgd,gbM,Solyc04g014510.3,0.0709721,1.09762,0.06466,1.82807e-46
5771,Solyc11g011570.1,wgd,TE-like,Solyc10g052480.1,0.68444,3.66594,0.186703,3.90967e-12
5772,Solyc11g011640.1,wgd,Unclassified,Solyc10g052530.1,0.165956,1.70485,0.0973439,9.9593e-17
5773,Solyc11g011650.1,wgd,Unclassified,Solyc10g052540.1,0.141207,0.492038,0.286983,0.000474312
5774,Solyc11g011680.1,wgd,Unclassified,Solyc10g052545.1,0.159215,1.02144,0.155873,2.51082e-06
5775,Solyc11g011690.1,wgd,Unclassified,Solyc10g052570.1,0.179955,0.3636,0.494925,0.0203308
5776,Solyc11g011730.1,wgd,Unclassified,Solyc10g052590.1,0.146574,1.66863,0.0878411,6.47233e-18
5777,Solyc11g011740.1,wgd,TE-like,Solyc04g014530.1,0.293836,3.23944,0.0907059,3.80383e-23
5778,Solyc11g011890.2,wgd,TE-like,Solyc04g014540.2,0.174248,1.9484,0.0894313,1.56194e-35
5779,Solyc11g011910.2,wgd,gbM,Solyc04g014570.3,0.0653879,1.81115,0.0361029,1.56808e-138
5780,Solyc11g011920.2,wgd,TE-like,Solyc05g054050.3,0.0682221,1.16219,0.0587015,4.06845e-75
5781,Solyc11g011960.2,wgd,TE-like,Solyc05g054060.3,0.0560874,1.05554,0.0531363,4.93583e-46
5782,Solyc11g012000.2,wgd,gbM,Solyc07g064900.3,0.346793,4.28347,0.0809608,2.80223e-61
5783,Solyc11g012020.2,wgd,TE-like,Solyc07g064910.3,0.169837,4.3773,0.0387995,8.16449e-113
5784,Solyc11g012040.2,wgd,TE-like,Solyc04g014680.3,0.142681,0.689202,0.207024,4.27092e-29
5785,Solyc11g012050.1,wgd,TE-like,Solyc04g014690.3,0.0457054,1.6378,0.0279066,3.58057e-69
5786,Solyc11g012090.2,wgd,Unclassified,Solyc04g014700.3,0.304686,3.60741,0.0844613,2.54534e-15
5787,Solyc11g012110.2,wgd,Unclassified,Solyc05g054070.3,0.0501491,1.05738,0.0474277,6.95085e-40
5788,Solyc11g012160.2,wgd,TE-like,Solyc04g014730.3,0.129821,1.72117,0.0754261,1.09999e-57
5789,Solyc11g012200.2,wgd,Unclassified,Solyc07g065070.1,0.517563,5.41006,0.0956666,3.20664e-25
5790,Solyc11g012270.2,wgd,gbM,Solyc05g054110.3,0.118195,0.676665,0.174674,5.04792e-16
5791,Solyc11g012400.2,wgd,gbM,Solyc05g054130.3,0.0750243,0.657618,0.114085,7.68953e-31
5792,Solyc11g012410.2,wgd,TE-like,Solyc04g014800.3,0.105055,0.939725,0.111793,2.70891e-29
5793,Solyc11g012440.1,wgd,Unmethylated,Solyc04g014810.3,0.109191,1.63675,0.0667118,1.59427e-88
5794,Solyc11g012460.2,wgd,gbM,Solyc05g054150.3,0.0540437,1.22538,0.0441037,4.06088e-38
5795,Solyc11g012470.2,wgd,TE-like,Solyc04g014820.3,0.183775,0.768606,0.239101,2.13154e-23
5796,Solyc11g012510.2,wgd,gbM,Solyc04g014830.2,0.157823,0.815141,0.193614,3.47335e-32
5797,Solyc11g012590.2,wgd,TE-like,Solyc04g014840.3,0.422241,1.75486,0.240612,1.3221e-05
5798,Solyc11g012610.2,wgd,TE-like,Solyc04g014850.3,0.169828,1.64799,0.103052,1.65591e-31
5799,Solyc11g012620.2,wgd,TE-like,Solyc07g065370.3,0.541377,4.17198,0.129765,4.91034e-37
5800,Solyc11g012660.2,wgd,TE-like,Solyc04g015010.3,0.128828,0.924924,0.139285,1.2312e-40
5801,Solyc11g012680.2,wgd,Unclassified,Solyc05g054210.3,0.178182,1.34661,0.132319,1.50796e-34
5802,Solyc11g012690.2,wgd,Unclassified,Solyc04g015030.3,0.218723,1.07019,0.204378,2.00294e-13
5803,Solyc11g012710.2,wgd,gbM,Solyc05g054220.3,0.114344,0.638501,0.179081,3.00638e-19
5804,Solyc11g012750.2,wgd,Unclassified,Solyc04g015060.2,0.258478,1.60529,0.161017,9.44889e-18
5805,Solyc11g012780.2,wgd,Unclassified,Solyc04g015070.3,0.108673,0.852595,0.127462,1.72616e-16
5806,Solyc11g012785.1,wgd,gbM,Solyc04g015110.3,0.288916,1.43344,0.201555,9.90201e-36
5807,Solyc11g012790.2,wgd,TE-like,Solyc07g065700.3,0.230633,3.89518,0.0592099,7.10986e-73
5808,Solyc11g012840.2,wgd,gbM,Solyc07g065930.3,0.344403,4.01947,0.0856838,8.97451e-71
5809,Solyc11g013820.2,wgd,TE-like,Solyc06g065540.3,0.231046,1.31855,0.175227,3.78608e-15
5810,Solyc11g013860.1,wgd,TE-like,Solyc06g065530.3,0.271992,2.86121,0.0950617,3.43976e-15
5811,Solyc11g016990.2,wgd,TE-like,Solyc06g065480.3,0.13958,0.519552,0.268655,1.88083e-14
5812,Solyc11g017000.2,wgd,TE-like,Solyc06g065470.3,0.115313,0.580833,0.198531,1.16224e-37
5813,Solyc11g017130.2,wgd,gbM,Solyc06g065450.3,0.233178,0.62911,0.370647,2.16856e-19
5814,Solyc11g017140.2,wgd,gbM,Solyc06g065440.1,0.153194,0.762027,0.201035,2.09385e-21
5815,Solyc11g018857.1,wgd,TE-like,Solyc11g020496.1,0.107797,0.201004,0.536292,0.0866404
5816,Solyc11g019880.2,wgd,TE-like,Solyc11g020500.2,0.122652,0.205898,0.59569,0.242969
5817,Solyc11g020090.1,wgd,Unclassified,Solyc11g020476.1,0.214685,0.194427,1.10419,0.827716
5818,Solyc11g020100.2,wgd,TE-like,Solyc11g020472.1,0.132223,0.277177,0.477035,0.0303677
5819,Solyc11g020130.2,wgd,TE-like,Solyc11g020450.2,0.114689,0.415763,0.275851,0.000345289
5820,Solyc11g020450.2,wgd,Unclassified,Solyc11g020130.2,0.114689,0.415763,0.275851,0.000345289
5821,Solyc11g020472.1,wgd,Unclassified,Solyc11g020100.2,0.132223,0.277177,0.477035,0.0303677
5822,Solyc11g020476.1,wgd,TE-like,Solyc11g020090.1,0.214685,0.194427,1.10419,0.827716
5823,Solyc11g020496.1,wgd,NA,Solyc11g018857.1,0.107797,0.201004,0.536292,0.0866404
5824,Solyc11g020500.2,wgd,NA,Solyc11g019880.2,0.122652,0.205898,0.59569,0.242969
5825,Solyc11g020520.2,wgd,NA,Solyc08g061760.2,0.188987,0.270596,0.698409,0.619361
5826,Solyc11g021130.1,wgd,TE-like,Solyc02g010600.1,0.551302,3.34577,0.164776,8.08305e-11
5827,Solyc11g021190.1,wgd,TE-like,Solyc02g011710.1,0.172037,0.154942,1.11033,0.810128
5828,Solyc11g021210.1,wgd,TE-like,Solyc02g011725.1,0.201859,0.188374,1.07159,0.749925
5829,Solyc11g021220.1,wgd,TE-like,Solyc02g011780.2,0.16919,0.267863,0.631627,0.155393
5830,Solyc11g021230.1,wgd,TE-like,Solyc02g011790.1,0.13749,0.265083,0.51867,0.0568686
5831,Solyc11g021240.2,wgd,TE-like,Solyc02g011820.2,0.298245,0.485384,0.614452,0.0771022
5832,Solyc11g021270.1,wgd,NA,Solyc02g011840.1,0.0853901,0.314609,0.271417,0.101334
5833,Solyc11g021290.2,wgd,Unclassified,Solyc02g011845.1,0.144053,0.144899,0.994164,0.758389
5834,Solyc11g021300.1,wgd,TE-like,Solyc02g011850.2,0.0868895,0.202728,0.428602,0.0217631
5835,Solyc11g021310.1,wgd,TE-like,Solyc02g011860.1,0.189078,0.408723,0.462607,0.188637
5836,Solyc11g061772.1,wgd,TE-like,NA,NA,NA,NA,NA
5837,Solyc11g061811.1,wgd,TE-like,Solyc11g063690.2,0.236949,0.198017,1.19661,0.507991
5838,Solyc11g061818.1,wgd,Unclassified,Solyc11g063665.1,0.0546953,0.0882178,0.620003,0.117846
5839,Solyc11g061820.2,wgd,TE-like,Solyc11g061920.2,0.0123859,0.231781,0.0534383,0.00308339
5840,Solyc11g061910.1,wgd,NA,Solyc11g063650.1,0.106134,0.240077,0.442082,0.0732015
5841,Solyc11g061917.1,wgd,TE-like,NA,NA,NA,NA,NA
5842,Solyc11g061920.2,wgd,TE-like,Solyc11g061820.2,0.0123859,0.231781,0.0534383,0.00308339
5843,Solyc11g063465.1,wgd,TE-like,NA,NA,NA,NA,NA
5844,Solyc11g063650.1,wgd,Unclassified,Solyc11g061910.1,0.106134,0.240077,0.442082,0.0732015
5845,Solyc11g063665.1,wgd,TE-like,Solyc11g061818.1,0.0546953,0.0882178,0.620003,0.117846
5846,Solyc11g063690.2,wgd,TE-like,Solyc11g061811.1,0.236949,0.198017,1.19661,0.507991
5847,Solyc11g063740.2,wgd,TE-like,NA,NA,NA,NA,NA
5848,Solyc11g064790.2,wgd,gbM,Solyc01g008820.3,0.0662271,0.553385,0.119676,5.52788e-31
5849,Solyc11g064830.2,wgd,TE-like,Solyc01g008800.2,0.184437,0.698298,0.264124,1.88909e-11
5850,Solyc11g064880.2,wgd,TE-like,Solyc01g008770.3,0.0813977,0.651784,0.124884,8.77371e-72
5851,Solyc11g064890.2,wgd,TE-like,Solyc12g099830.2,0.0655808,1.12313,0.0583909,1.1181e-55
5852,Solyc11g064900.2,wgd,TE-like,Solyc12g099790.2,0.102265,3.57155,0.0286331,5.3286e-72
5853,Solyc11g064930.2,wgd,TE-like,Solyc12g099780.2,0.651883,3.83435,0.170011,1.2885e-26
5854,Solyc11g064950.2,wgd,TE-like,Solyc01g008730.3,0.129703,1.25855,0.103057,2.22897e-25
5855,Solyc11g065020.2,wgd,TE-like,Solyc01g008690.3,0.127933,0.780699,0.16387,2.8503e-15
5856,Solyc11g065080.2,wgd,TE-like,Solyc01g008680.3,0.435805,0.928067,0.469583,0.00837727
5857,Solyc11g065100.2,wgd,TE-like,Solyc12g099770.2,0.0731085,0.673765,0.108507,1.5868e-11
5858,Solyc11g065110.2,wgd,TE-like,Solyc12g099760.2,0.275553,0.599234,0.459841,1.53789e-08
5859,Solyc11g065120.2,wgd,TE-like,Solyc12g099740.2,0.0445199,0.920454,0.0483674,1.32146e-97
5860,Solyc11g065135.1,wgd,Unclassified,Solyc12g099710.2,0.335223,2.0122,0.166595,1.71314e-08
5861,Solyc11g065280.1,wgd,TE-like,Solyc01g008610.3,0.361125,3.90761,0.092416,1.07382e-40
5862,Solyc11g065320.2,wgd,gbM,Solyc01g008600.3,0.182454,0.987913,0.184687,2.16877e-38
5863,Solyc11g065990.2,wgd,Unclassified,Solyc06g076090.3,0.0120892,2.74319,0.004407,1.11222e-126
5864,Solyc11g066020.2,wgd,gbM,Solyc06g076050.3,0.0995739,1.25141,0.0795694,6.76217e-54
5865,Solyc11g066040.2,wgd,gbM,Solyc06g076040.3,0.122583,0.768473,0.159515,2.75066e-48
5866,Solyc11g066050.1,wgd,TE-like,Solyc06g076030.3,0.232542,2.05915,0.112931,9.06004e-31
5867,Solyc11g066060.2,wgd,Unclassified,Solyc06g076020.3,0.0218228,1.07817,0.0202406,1.56201e-112
5868,Solyc11g066090.1,wgd,TE-like,Solyc04g011460.2,0.265616,4.27937,0.062069,2.07954e-80
5869,Solyc11g066100.2,wgd,gbM,Solyc04g011450.2,0.12878,1.90308,0.0676693,3.55473e-10
5870,Solyc11g066140.2,wgd,TE-like,Solyc06g075970.3,0.154696,1.02833,0.150435,9.60988e-67
5871,Solyc11g066150.2,wgd,TE-like,Solyc04g011400.3,0.0717187,3.98882,0.0179799,6.48871e-102
5872,Solyc11g066160.1,wgd,Unmethylated,Solyc06g075930.1,0.00435706,1.71909,0.00253451,8.6082e-39
5873,Solyc11g066250.2,wgd,TE-like,Solyc06g074850.3,0.170006,1.17702,0.144438,7.66911e-35
5874,Solyc11g066260.2,wgd,TE-like,Solyc06g074840.3,0.0463078,0.418202,0.110731,4.2149e-18
5875,Solyc11g066270.2,wgd,Unclassified,Solyc09g008320.3,0.210705,3.69576,0.0570127,8.84538e-66
5876,Solyc11g066330.1,wgd,gbM,Solyc09g008370.1,0.318974,4.42213,0.0721313,3.0529e-84
5877,Solyc11g066380.2,wgd,TE-like,Solyc04g010330.3,0.585768,3.94892,0.148336,8.85749e-33
5878,Solyc11g066400.1,wgd,Unclassified,Solyc09g008440.1,0.460631,3.69625,0.124621,0
5879,Solyc11g066430.1,wgd,NA,Solyc06g074780.1,0.0409511,1.49526,0.0273873,4.85806e-33
5880,Solyc11g066480.2,wgd,TE-like,Solyc09g008520.3,0.305034,4.36425,0.0698938,3.38825e-64
5881,Solyc11g066500.2,wgd,TE-like,Solyc06g074760.2,0.270534,0.967178,0.279715,1.43747e-23
5882,Solyc11g066560.3,wgd,TE-like,Solyc06g074740.3,0.0688096,0.728474,0.0944572,8.03008e-100
5883,Solyc11g066620.2,wgd,gbM,Solyc09g008600.3,0.281213,2.09522,0.134217,5.53759e-59
5884,Solyc11g066640.1,wgd,TE-like,Solyc06g074710.1,0.0944985,1.43159,0.0660096,4.2619e-61
5885,Solyc11g066650.2,wgd,TE-like,Solyc09g008790.3,0.212595,4.35473,0.0488192,4.69661e-96
5886,Solyc11g066710.2,wgd,TE-like,Solyc06g074680.3,0.12139,0.903789,0.134312,9.5494e-62
5887,Solyc11g066720.2,wgd,gbM,Solyc06g074670.3,0.0193359,0.953849,0.0202715,2.47361e-78
5888,Solyc11g066760.2,wgd,TE-like,Solyc06g074650.3,0.0228479,0.742257,0.0307817,1.78722e-79
5889,Solyc11g066780.2,wgd,TE-like,Solyc06g074640.2,0.238403,0.883564,0.26982,2.00415e-54
5890,Solyc11g066820.2,wgd,TE-like,Solyc06g074630.3,0.0546528,1.75515,0.0311386,6.49766e-98
5891,Solyc11g066840.2,wgd,TE-like,Solyc09g009030.3,0.545565,3.80835,0.143255,2.23901e-27
5892,Solyc11g066860.2,wgd,Unmethylated,Solyc06g074620.3,0.249119,1.65089,0.1509,1.17789e-15
5893,Solyc11g066880.2,wgd,NA,NA,NA,NA,NA,NA
5894,Solyc11g066890.1,wgd,Unmethylated,Solyc06g074530.1,0.0628959,1.8386,0.0342085,9.9486e-88
5895,Solyc11g066930.1,wgd,Unclassified,Solyc06g074500.2,0.228981,0.6976,0.32824,9.63712e-10
5896,Solyc11g066970.2,wgd,gbM,Solyc09g009210.3,0.240211,1.20422,0.199475,5.90205e-16
5897,Solyc11g066990.2,wgd,TE-like,Solyc11g007310.2,0.823842,4.6916,0.1756,2.62766e-52
5898,Solyc11g067000.2,wgd,TE-like,Solyc11g007280.2,0.192794,2.02833,0.0950509,2.91091e-216
5899,Solyc11g067010.2,wgd,gbM,Solyc09g009300.3,0.103452,3.45717,0.0299239,2.45533e-39
5900,Solyc11g067015.1,wgd,TE-like,Solyc06g074495.1,0.158233,0.886867,0.178418,3.57628e-06
5901,Solyc11g067050.3,wgd,TE-like,Solyc11g007270.2,0.211254,4.50276,0.0469167,4.03671e-117
5902,Solyc11g067070.1,wgd,gbM,Solyc11g007250.2,0.438312,4.20452,0.104248,4.39063e-82
5903,Solyc11g067100.2,wgd,Unclassified,Solyc06g074430.3,0.211115,2.02021,0.104501,1.31414e-11
5904,Solyc11g067167.1,wgd,Unclassified,Solyc06g074410.3,0.490825,2.83104,0.173373,3.17992e-07
5905,Solyc11g067170.2,wgd,TE-like,Solyc06g074390.3,0.225348,1.40005,0.160957,2.38e-33
5906,Solyc11g067180.2,wgd,TE-like,Solyc09g009580.3,0.503198,4.12455,0.122001,1.24712e-30
5907,Solyc11g067230.2,wgd,TE-like,Solyc11g007170.2,0.0713074,4.24805,0.0167859,2.528e-129
5908,Solyc11g067260.2,wgd,TE-like,Solyc11g007040.2,0.354091,4.12191,0.0859045,2.95361e-39
5909,Solyc11g068370.2,wgd,TE-like,Solyc06g074320.3,0.138456,1.38038,0.100303,1.62418e-44
5910,Solyc11g068420.2,wgd,gbM,Solyc06g074310.3,0.0381435,1.12617,0.0338701,8.87658e-45
5911,Solyc11g068430.2,wgd,gbM,Solyc11g006910.2,0.336665,1.98607,0.169514,1.58335e-12
5912,Solyc11g068530.1,wgd,gbM,Solyc06g074270.1,0.303629,3.71057,0.0818284,1.38005e-34
5913,Solyc11g068570.1,wgd,TE-like,Solyc11g006730.1,0.434661,2.34959,0.184994,3.14264e-17
5914,Solyc11g068660.2,wgd,TE-like,Solyc06g074220.3,0.125281,0.740869,0.1691,1.66065e-38
5915,Solyc11g068710.2,wgd,Unmethylated,Solyc10g083230.1,0.45778,3.92103,0.11675,3.16849e-24
5916,Solyc11g068720.2,wgd,gbM,Solyc10g083190.2,0.448206,3.86879,0.115852,3.1738e-51
5917,Solyc11g068750.2,wgd,gbM,Solyc06g074170.3,0.217831,0.62592,0.348017,1.11153e-11
5918,Solyc11g068765.1,wgd,Unclassified,Solyc10g083140.1,0.378149,2.90862,0.13001,6.82961e-08
5919,Solyc11g068770.1,wgd,Unmethylated,Solyc01g007840.3,0.294777,3.91755,0.0752452,2.04509e-48
5920,Solyc11g068780.1,wgd,Unmethylated,Solyc10g082050.1,0.336653,1.7595,0.191334,1.41316e-12
5921,Solyc11g068800.2,wgd,gbM,Solyc01g007760.3,0.272484,3.85659,0.0706542,3.97978e-58
5922,Solyc11g068890.1,wgd,gbM,Solyc01g007220.3,0.347589,3.68738,0.0942647,1.34545e-38
5923,Solyc11g068940.1,wgd,TE-like,Solyc06g074140.1,0.22115,2.13304,0.103678,5.06009e-38
5924,Solyc11g068950.2,wgd,TE-like,Solyc06g074120.3,0.27402,2.05987,0.133028,4.84005e-47
5925,Solyc11g068960.2,wgd,TE-like,Solyc06g074110.3,0.207287,0.674477,0.30733,4.82691e-31
5926,Solyc11g068970.1,wgd,TE-like,Solyc01g007080.3,0.481457,4.18984,0.114911,2.57077e-34
5927,Solyc11g069240.2,wgd,TE-like,Solyc06g075250.3,0.195088,4.01922,0.0485388,3.25838e-76
5928,Solyc11g069250.2,wgd,TE-like,Solyc09g007650.2,0.416571,3.43941,0.121117,5.63163e-20
5929,Solyc11g069350.2,wgd,TE-like,Solyc09g007680.3,0.414871,2.77148,0.149693,1.66844e-44
5930,Solyc11g069400.2,wgd,TE-like,Solyc06g075210.3,0.202964,0.869559,0.233411,7.77074e-30
5931,Solyc11g069430.2,wgd,Unclassified,Solyc09g007760.3,0.120723,3.92682,0.0307432,3.21146e-76
5932,Solyc11g069440.1,wgd,Unmethylated,Solyc06g075180.1,0.00765145,1.22227,0.00626004,4.10752e-43
5933,Solyc11g069450.1,wgd,Unmethylated,Solyc09g007790.1,0.391567,3.42271,0.114403,5.57246e-25
5934,Solyc11g069490.2,wgd,TE-like,Solyc06g075160.3,0.102247,0.848965,0.120437,2.9736e-63
5935,Solyc11g069500.2,wgd,gbM,Solyc09g007810.3,0.244296,4.62455,0.052826,4.6155e-108
5936,Solyc11g069510.2,wgd,TE-like,Solyc06g075140.3,0.289742,1.24584,0.232566,1.53004e-13
5937,Solyc11g069530.2,wgd,TE-like,Solyc06g075130.3,0.0896228,0.669186,0.133928,1.17841e-60
5938,Solyc11g069550.1,wgd,TE-like,Solyc06g075110.3,0.0710859,0.928066,0.0765957,1.992e-43
5939,Solyc11g069560.2,wgd,TE-like,Solyc06g075100.3,0.0718094,0.975304,0.0736278,8.13145e-116
5940,Solyc11g069570.2,wgd,TE-like,Solyc06g075090.3,0.111404,1.18676,0.0938724,1.28657e-24
5941,Solyc11g069580.2,wgd,TE-like,Solyc09g007840.3,0.285232,4.63122,0.061589,6.73525e-115
5942,Solyc11g069640.2,wgd,TE-like,Solyc06g075050.2,0.288697,1.27468,0.226485,1.47556e-17
5943,Solyc11g069720.2,wgd,gbM,Solyc06g074980.3,0.0144296,0.739875,0.0195028,1.24806e-132
5944,Solyc11g069810.2,wgd,TE-like,Solyc09g008020.3,0.384092,3.92443,0.097872,3.75511e-31
5945,Solyc11g070100.2,wgd,TE-like,Solyc08g065870.3,0.352207,0.878453,0.40094,7.78351e-14
5946,Solyc11g070110.2,wgd,gbM,Solyc08g065890.3,0.148983,0.650162,0.229147,1.69276e-25
5947,Solyc11g070120.2,wgd,gbM,Solyc08g065900.3,0.0386169,0.538992,0.0716465,3.15703e-21
5948,Solyc11g070130.2,wgd,Unclassified,Solyc08g066110.3,0.0459301,1.11866,0.0410581,2.58534e-18
5949,Solyc11g070140.2,wgd,TE-like,Solyc08g066330.2,0.0708503,0.625305,0.113305,5.83925e-27
5950,Solyc11g070150.2,wgd,Unclassified,Solyc08g066350.2,0.158824,1.73916,0.0913223,3.84045e-14
5951,Solyc11g070160.2,wgd,TE-like,Solyc08g066390.3,0.235187,0.479709,0.49027,0.000359299
5952,Solyc11g070170.2,wgd,TE-like,Solyc08g066400.2,0.205482,1.2236,0.167933,5.87321e-19
5953,Solyc11g071190.2,wgd,Unclassified,Solyc08g066550.3,0.199468,3.6962,0.0539657,4.3369e-18
5954,Solyc11g071225.1,wgd,TE-like,Solyc08g066720.2,0.18714,1.50522,0.124327,1.4075e-24
5955,Solyc11g071490.2,wgd,Unclassified,Solyc01g009100.3,0.035563,0.996822,0.0356763,5.29537e-19
5956,Solyc11g071510.2,wgd,TE-like,Solyc01g009150.3,0.039782,1.32913,0.0299307,3.84996e-26
5957,Solyc11g071520.2,wgd,TE-like,Solyc06g073710.3,0.213541,2.58977,0.0824555,1.30966e-55
5958,Solyc11g071560.2,wgd,TE-like,Solyc01g009200.3,0.421798,1.60898,0.262152,4.63001e-13
5959,Solyc11g071590.1,wgd,gbM,Solyc01g009235.1,0.117805,0.533921,0.220642,3.45358e-07
5960,Solyc11g071640.2,wgd,gbM,Solyc01g009240.3,0.227934,2.05127,0.111119,3.14105e-17
5961,Solyc11g071690.2,wgd,TE-like,Solyc06g073810.3,0.22378,0.901635,0.248193,1.05984e-18
5962,Solyc11g071700.2,wgd,TE-like,Solyc06g073820.2,0.165758,0.607244,0.272967,2.07027e-37
5963,Solyc11g071740.2,wgd,Unclassified,Solyc06g073830.1,0.208558,1.52113,0.137108,8.62338e-23
5964,Solyc11g071780.1,wgd,Unclassified,Solyc01g009250.3,0.443816,1.26098,0.351962,1.40654e-07
5965,Solyc11g071790.2,wgd,Unclassified,Solyc06g073900.3,0.0667221,0.682305,0.0977892,1.95889e-16
5966,Solyc11g071800.2,wgd,TE-like,Solyc06g073910.3,0.107885,0.844188,0.127798,2.09499e-25
5967,Solyc11g071810.2,wgd,TE-like,Solyc06g073920.3,0.150733,1.83514,0.0821372,2.02527e-18
5968,Solyc11g071850.1,wgd,Unmethylated,Solyc06g073970.2,0.163986,1.93283,0.0848426,2.03833e-31
5969,Solyc11g071920.2,wgd,TE-like,Solyc01g009280.3,0.0487542,0.760414,0.0641154,1.95306e-132
5970,Solyc11g071930.2,wgd,TE-like,Solyc06g073950.3,0.0468133,1.02304,0.0457591,1.34198e-35
5971,Solyc11g071940.1,wgd,Unmethylated,Solyc06g073940.3,0.442185,3.47563,0.127224,3.6572e-21
5972,Solyc11g071970.2,wgd,TE-like,Solyc01g009300.3,0.188832,0.805128,0.234536,1.13344e-48
5973,Solyc11g072030.2,wgd,TE-like,Solyc06g073660.3,0.313003,2.04527,0.153037,4.37474e-11
5974,Solyc11g072050.1,wgd,TE-like,Solyc06g073650.1,0.14024,0.645087,0.217397,1.71351e-29
5975,Solyc11g072060.2,wgd,TE-like,Solyc06g073640.3,0.339506,0.63049,0.53848,1.38707e-05
5976,Solyc11g072160.2,wgd,gbM,Solyc06g073600.3,0.225891,0.587849,0.384267,2.85474e-15
5977,Solyc11g072200.2,wgd,TE-like,Solyc06g073580.3,0.233578,2.21298,0.105549,8.96235e-45
5978,Solyc11g072380.2,wgd,TE-like,Solyc06g075270.3,0.287552,1.51692,0.189563,6.2404e-40
5979,Solyc11g072410.2,wgd,Unclassified,Solyc06g075310.3,0.219348,0.578231,0.379343,1.71199e-05
5980,Solyc11g072440.2,wgd,TE-like,Solyc09g007380.3,0.370368,2.65305,0.139601,6.50237e-50
5981,Solyc11g072470.2,wgd,TE-like,Solyc06g075330.2,0.138422,1.70565,0.081155,9.0639e-16
5982,Solyc11g072480.2,wgd,TE-like,Solyc06g075360.3,0.0632461,1.3736,0.0460439,8.38741e-48
5983,Solyc11g072490.2,wgd,TE-like,Solyc09g007360.3,0.413457,7.78835,0.0530866,9.15674e-60
5984,Solyc11g072500.2,wgd,Unclassified,Solyc06g075370.3,0.266858,1.47431,0.181006,8.85303e-24
5985,Solyc11g072530.2,wgd,TE-like,Solyc06g075400.3,0.0552999,0.609282,0.0907624,4.67485e-80
5986,Solyc11g072560.2,wgd,TE-like,Solyc06g075440.2,0.303164,1.51442,0.200185,2.02881e-37
5987,Solyc11g072580.2,wgd,TE-like,Solyc06g075490.1,0.304072,2.91461,0.104327,5.29308e-48
5988,Solyc11g072600.2,wgd,TE-like,Solyc06g075510.3,0.20591,1.22246,0.168439,2.09358e-33
5989,Solyc11g072660.2,wgd,gbM,Solyc06g075550.3,0.149989,0.800507,0.187367,2.81009e-24
5990,Solyc11g072700.1,wgd,TE-like,Solyc06g075560.1,0.15737,1.5882,0.0990869,2.19006e-67
5991,Solyc11g072770.2,wgd,NA,Solyc06g075567.1,0.287077,1.52886,0.187773,6.46192e-11
5992,Solyc11g072800.2,wgd,gbM,Solyc06g075570.2,0.140314,1.16404,0.12054,1.35144e-75
5993,Solyc11g072820.2,wgd,gbM,Solyc09g007030.3,0.343548,1.82148,0.188609,6.3007e-88
5994,Solyc11g072940.2,wgd,TE-like,Solyc06g075590.3,0.0705829,0.998384,0.0706972,4.27752e-73
5995,Solyc11g072960.1,wgd,gbM,Solyc09g005860.3,0.311224,1.62554,0.191459,9.77211e-49
5996,Solyc11g073010.1,wgd,Unclassified,Solyc06g075610.1,0.238088,0.958716,0.24834,6.52082e-34
5997,Solyc11g073030.1,wgd,Unclassified,Solyc06g075630.3,0.0912279,1.93256,0.0472057,5.71347e-27
5998,Solyc11g073110.2,wgd,Unmethylated,Solyc06g075690.3,0.221942,1.65445,0.134148,6.60493e-33
5999,Solyc12g005030.2,wgd,Unmethylated,Solyc07g064610.3,0.124437,1.81262,0.0686505,8.11616e-38
6000,Solyc12g005110.2,wgd,gbM,Solyc07g064560.3,0.357605,1.10385,0.323961,5.63387e-11
6001,Solyc12g005120.2,wgd,Unclassified,Solyc07g064420.3,0.0883884,0.893182,0.098959,1.57438e-15
6002,Solyc12g005160.2,wgd,TE-like,Solyc07g064340.3,0.17293,1.47741,0.11705,3.47567e-22
6003,Solyc12g005190.2,wgd,gbM,Solyc07g064310.2,0.151492,1.33563,0.113424,7.73633e-32
6004,Solyc12g005220.2,wgd,TE-like,Solyc07g064230.3,0.117371,0.746771,0.157172,6.75721e-27
6005,Solyc12g005230.2,wgd,gbM,Solyc07g064060.3,0.222258,0.768814,0.289093,9.63706e-29
6006,Solyc12g005250.2,wgd,TE-like,Solyc07g064030.3,0.101165,1.16813,0.0866037,8.76039e-74
6007,Solyc12g005310.2,wgd,gbM,Solyc07g063850.3,0.0747917,1.49953,0.0498769,4.28002e-107
6008,Solyc12g005390.2,wgd,gbM,Solyc07g063630.3,0.12033,0.538797,0.22333,9.90232e-13
6009,Solyc12g005570.2,wgd,Unclassified,Solyc07g063540.3,0.28288,2.60042,0.108782,1.55363e-10
6010,Solyc12g005590.2,wgd,gbM,Solyc07g063520.3,0.744225,3.9837,0.186817,1.61444e-14
6011,Solyc12g005710.2,wgd,TE-like,Solyc07g052660.1,0.331535,1.62834,0.203603,2.6716e-14
6012,Solyc12g005730.2,wgd,Unclassified,Solyc07g052630.2,0.368795,3.74324,0.0985229,7.77691e-49
6013,Solyc12g005750.1,wgd,NA,Solyc07g052620.1,0.359155,3.11228,0.115399,6.12119e-14
6014,Solyc12g005760.2,wgd,TE-like,Solyc07g052600.3,0.100942,0.622503,0.162156,3.45474e-21
6015,Solyc12g005780.2,wgd,Unclassified,Solyc07g052560.2,0.395423,0.946639,0.417712,0.00128094
6016,Solyc12g005820.2,wgd,NA,Solyc07g052453.1,0.357906,1.44737,0.24728,3.34274e-07
6017,Solyc12g005840.2,wgd,TE-like,Solyc07g052410.3,0.269019,1.00668,0.267234,7.50748e-08
6018,Solyc12g005850.2,wgd,TE-like,Solyc07g052380.3,0.10482,1.23316,0.0850005,1.40872e-57
6019,Solyc12g005860.2,wgd,TE-like,Solyc07g052350.3,0.0567564,0.653282,0.0868788,1.42404e-101
6020,Solyc12g005880.2,wgd,TE-like,Solyc07g052320.3,0.0846753,1.32481,0.0639152,1.47835e-44
6021,Solyc12g005890.2,wgd,TE-like,Solyc07g052300.3,0.281636,1.39593,0.201755,2.3969e-32
6022,Solyc12g005920.2,wgd,TE-like,Solyc07g049600.3,0.0875522,1.0125,0.0864712,5.14098e-77
6023,Solyc12g005930.2,wgd,TE-like,Solyc07g049580.3,0.0698261,0.550286,0.12689,1.86928e-31
6024,Solyc12g005940.2,wgd,TE-like,Solyc07g049530.3,0.0496391,1.12846,0.0439884,1.93001e-53
6025,Solyc12g005960.2,wgd,Unclassified,Solyc07g049490.2,0.240484,1.74489,0.137822,2.90908e-21
6026,Solyc12g005990.2,wgd,gbM,Solyc07g049410.3,0.160511,0.922896,0.173921,1.75318e-16
6027,Solyc12g006000.1,wgd,TE-like,Solyc07g049380.1,0.203567,1.38356,0.147132,2.93314e-71
6028,Solyc12g006010.2,wgd,Unclassified,Solyc07g049360.3,0.0460236,0.320945,0.1434,3.33051e-06
6029,Solyc12g006050.2,wgd,gbM,Solyc07g049290.3,0.102968,1.51454,0.0679865,3.68836e-78
6030,Solyc12g006060.2,wgd,TE-like,Solyc07g045320.3,0.306257,1.13109,0.270762,1.2596e-15
6031,Solyc12g006080.2,wgd,TE-like,Solyc07g045340.3,0.140626,0.8802,0.159767,7.48289e-07
6032,Solyc12g006110.2,wgd,TE-like,Solyc07g045440.1,0.205995,4.05955,0.0507434,1.30917e-71
6033,Solyc12g006130.2,wgd,TE-like,Solyc07g047640.2,0.639753,3.75793,0.170241,2.03534e-34
6034,Solyc12g006140.2,wgd,gbM,Solyc07g047850.3,0.00987086,0.839145,0.011763,1.73066e-44
6035,Solyc12g006160.2,wgd,TE-like,Solyc07g047880.3,0.0479034,0.438437,0.109259,4.80661e-11
6036,Solyc12g006170.2,wgd,TE-like,Solyc07g047960.3,0.268197,0.584994,0.458461,1.09825e-07
6037,Solyc12g006180.2,wgd,TE-like,Solyc07g048030.3,0.0901704,0.526902,0.171133,6.92339e-21
6038,Solyc12g006220.2,wgd,TE-like,Solyc07g045210.1,0.0932481,0.996888,0.0935391,1.21577e-64
6039,Solyc12g006225.1,wgd,TE-like,Solyc07g045200.1,0.175686,0.808025,0.217427,3.63662e-05
6040,Solyc12g006230.2,wgd,TE-like,Solyc07g045190.2,0.103694,0.533202,0.194475,3.07844e-10
6041,Solyc12g006240.2,wgd,TE-like,Solyc07g045180.3,0.180608,0.903265,0.199951,2.15251e-14
6042,Solyc12g006270.2,wgd,gbM,Solyc07g045010.3,0.261171,0.862415,0.302836,3.37732e-17
6043,Solyc12g006280.2,wgd,Unclassified,Solyc07g045000.3,0.232143,0.978945,0.237136,1.68387e-06
6044,Solyc12g006290.2,wgd,TE-like,Solyc07g044880.3,0.195708,0.536676,0.364666,3.09408e-07
6045,Solyc12g006300.2,wgd,gbM,Solyc07g044850.3,0.169467,0.730346,0.232037,5.11103e-12
6046,Solyc12g006310.2,wgd,TE-like,Solyc07g044810.3,0.0732005,0.777717,0.0941223,3.8922e-29
6047,Solyc12g006320.2,wgd,TE-like,Solyc07g044760.3,0.145399,1.25205,0.116129,2.38173e-54
6048,Solyc12g006330.1,wgd,TE-like,Solyc07g043670.1,0.465715,3.14109,0.148266,1.12488e-30
6049,Solyc12g006340.2,wgd,Unclassified,Solyc07g043620.3,0.0561771,1.05344,0.0533274,1.95993e-31
6050,Solyc12g006370.3,wgd,gbM,Solyc07g043590.3,0.0682656,0.628695,0.108583,2.58075e-45
6051,Solyc12g006410.2,wgd,TE-like,Solyc07g043550.3,0.0555126,0.846263,0.0655974,7.20727e-53
6052,Solyc12g006420.2,wgd,TE-like,Solyc07g043530.2,0.295129,1.05823,0.278889,9.54956e-08
6053,Solyc12g006450.2,wgd,TE-like,Solyc07g043310.3,0.103562,1.06058,0.0976463,3.90255e-58
6054,Solyc12g007150.2,wgd,TE-like,Solyc06g066650.3,0.232158,4.17944,0.0555476,3.88554e-85
6055,Solyc12g007180.2,wgd,TE-like,Solyc08g067150.3,0.855045,4.24666,0.201345,3.65514e-27
6056,Solyc12g007220.2,wgd,TE-like,Solyc08g066940.3,0.420323,4.33955,0.0968588,1.67011e-51
6057,Solyc12g007280.2,wgd,gbM,Solyc08g066875.1,0.0727509,3.93412,0.0184923,1.10585e-90
6058,Solyc12g007310.2,wgd,TE-like,Solyc08g066850.3,0.242427,1.99237,0.121678,4.45263e-47
6059,Solyc12g008340.2,wgd,TE-like,Solyc08g066690.3,0.482601,4.46808,0.108011,9.89662e-60
6060,Solyc12g008350.2,wgd,Unclassified,Solyc06g066540.1,0.41357,3.54706,0.116595,2.99003e-25
6061,Solyc12g008380.1,wgd,TE-like,Solyc06g066500.1,0.518934,3.28857,0.157799,2.1245e-23
6062,Solyc12g008510.2,wgd,TE-like,Solyc06g066440.3,0.21085,1.65423,0.127461,1.88148e-67
6063,Solyc12g008520.2,wgd,Unclassified,Solyc06g066430.3,0.3223,2.20511,0.14616,3.41778e-38
6064,Solyc12g008590.2,wgd,Unclassified,Solyc06g066410.3,0.161619,3.92502,0.0411766,6.40365e-19
6065,Solyc12g008640.2,wgd,TE-like,Solyc06g062430.3,0.214615,3.73964,0.0573892,8.26679e-76
6066,Solyc12g008830.2,wgd,TE-like,Solyc07g038160.3,0.308037,2.6206,0.117544,2.73952e-13
6067,Solyc12g008840.2,wgd,TE-like,Solyc06g062660.3,0.833978,4.12656,0.2021,9.15387e-28
6068,Solyc12g008850.2,wgd,gbM,Solyc07g039310.1,0.248733,1.54107,0.161402,2.91133e-45
6069,Solyc12g008910.2,wgd,Unclassified,Solyc07g039450.3,0.064191,0.816748,0.0785934,4.65309e-24
6070,Solyc12g008930.2,wgd,TE-like,Solyc07g039570.3,0.336918,1.02128,0.329898,7.04568e-08
6071,Solyc12g008940.2,wgd,TE-like,Solyc06g062690.3,0.318473,4.08358,0.0779886,2.36473e-48
6072,Solyc12g008950.2,wgd,TE-like,Solyc06g062770.3,0.242754,1.68874,0.143748,3.49928e-11
6073,Solyc12g008960.2,wgd,TE-like,Solyc07g040710.3,0.120281,1.40718,0.0854765,1.74923e-75
6074,Solyc12g008970.2,wgd,gbM,Solyc07g040740.3,0.162936,1.03391,0.157593,3.01002e-27
6075,Solyc12g008990.2,wgd,gbM,Solyc07g040940.3,0.1723,0.675746,0.254978,2.05997e-28
6076,Solyc12g009000.1,wgd,gbM,Solyc07g040960.1,0.175026,4.20701,0.0416035,1.0794e-84
6077,Solyc12g009030.2,wgd,gbM,Solyc07g041080.3,0.0852115,1.09673,0.0776962,2.61155e-33
6078,Solyc12g009080.2,wgd,TE-like,Solyc07g041780.3,0.107629,0.969268,0.111042,6.27395e-15
6079,Solyc12g009100.2,wgd,TE-like,Solyc07g041890.1,0.471779,1.58742,0.2972,6.40434e-12
6080,Solyc12g009120.2,wgd,Unclassified,Solyc06g062940.3,0.0513991,3.01275,0.0170605,9.65616e-44
6081,Solyc12g009150.2,wgd,gbM,Solyc07g042020.3,0.149682,1.13531,0.131843,1.55591e-35
6082,Solyc12g009160.2,wgd,TE-like,Solyc07g042080.3,0.1783,0.939792,0.189723,8.95916e-47
6083,Solyc12g009170.2,wgd,Unclassified,Solyc06g062980.3,0.33402,2.84217,0.117523,3.09218e-15
6084,Solyc12g009190.2,wgd,TE-like,Solyc03g122230.2,0.358584,4.47675,0.0800991,2.57316e-93
6085,Solyc12g009210.2,wgd,TE-like,Solyc07g042160.3,0.109286,0.634795,0.17216,1.70786e-33
6086,Solyc12g009220.2,wgd,Unclassified,Solyc07g042170.3,0.239074,2.40812,0.0992784,1.10633e-28
6087,Solyc12g009230.2,wgd,gbM,Solyc03g122180.3,0.179848,4.16663,0.043164,1.26324e-84
6088,Solyc12g009240.1,wgd,TE-like,Solyc07g042230.1,0.496756,3.39814,0.146185,5.1922e-21
6089,Solyc12g009245.1,wgd,TE-like,Solyc07g042250.3,0.0951924,0.869127,0.109527,1.62988e-09
6090,Solyc12g009260.2,wgd,TE-like,Solyc03g122100.2,0.563772,4.09881,0.137545,1.58718e-39
6091,Solyc12g009270.1,wgd,Unclassified,Solyc07g042390.2,0.275443,3.5739,0.0770707,8.18063e-26
6092,Solyc12g009280.2,wgd,TE-like,Solyc07g042470.3,0.19676,3.30418,0.0595486,2.24183e-32
6093,Solyc12g009300.3,wgd,gbM,Solyc07g042520.3,0.177915,4.74716,0.0374782,2.40234e-152
6094,Solyc12g009310.2,wgd,TE-like,Solyc07g042590.3,0.0884575,0.822727,0.107517,1.72645e-20
6095,Solyc12g009340.2,wgd,TE-like,Solyc07g042680.3,0.0875686,0.745576,0.117451,3.15989e-40
6096,Solyc12g009400.2,wgd,gbM,Solyc07g042920.2,0.0637911,0.725569,0.0879188,5.7877e-13
6097,Solyc12g009560.2,wgd,gbM,Solyc07g008250.3,0.14679,1.43316,0.102424,1.74996e-54
6098,Solyc12g009580.2,wgd,Unclassified,Solyc07g008180.3,0.186737,1.74058,0.107284,7.62687e-11
6099,Solyc12g009590.2,wgd,gbM,Solyc07g008170.2,0.336608,1.02669,0.327858,4.86278e-12
6100,Solyc12g009610.2,wgd,TE-like,Solyc07g008000.3,0.0959153,0.738811,0.129824,1.64811e-57
6101,Solyc12g009620.2,wgd,TE-like,Solyc07g007960.3,0.160782,1.57384,0.102159,1.55145e-23
6102,Solyc12g009630.2,wgd,NA,NA,NA,NA,NA,NA
6103,Solyc12g009650.2,wgd,TE-like,Solyc07g007860.1,0.148586,3.30623,0.0449413,2.92896e-28
6104,Solyc12g009680.2,wgd,TE-like,Solyc07g007800.3,0.14359,1.16417,0.123342,1.33169e-31
6105,Solyc12g009790.2,wgd,TE-like,Solyc07g007680.3,0.0776556,0.552038,0.140671,9.08311e-40
6106,Solyc12g009800.2,wgd,TE-like,Solyc07g007670.3,0.121702,1.63872,0.0742667,2.19353e-53
6107,Solyc12g009820.2,wgd,TE-like,Solyc07g007620.3,0.0681326,0.861711,0.0790667,4.04371e-57
6108,Solyc12g009830.2,wgd,TE-like,Solyc07g007610.2,0.304286,0.77187,0.39422,2.81906e-06
6109,Solyc12g009840.2,wgd,TE-like,Solyc07g007600.3,0.0360359,0.82776,0.0435342,1.69104e-113
6110,Solyc12g009860.2,wgd,NA,Solyc07g007500.3,0.265384,0.363159,0.730765,0.407329
6111,Solyc12g009870.2,wgd,TE-like,Solyc07g007400.3,0.20312,1.8633,0.109011,3.74744e-13
6112,Solyc12g009880.1,wgd,Unmethylated,Solyc07g007330.1,0.249739,1.11366,0.22425,7.4363e-13
6113,Solyc12g009890.2,wgd,TE-like,Solyc07g005940.3,0.126367,0.772964,0.163484,1.06155e-32
6114,Solyc12g009900.2,wgd,gbM,Solyc07g005910.3,0.371134,1.58927,0.233524,3.768e-12
6115,Solyc12g009960.2,wgd,gbM,Solyc07g005780.2,0.304829,1.18676,0.256857,2.6521e-19
6116,Solyc12g009970.2,wgd,TE-like,Solyc07g005690.3,0.332381,0.644076,0.516058,0.000149003
6117,Solyc12g010010.2,wgd,TE-like,Solyc07g005590.3,0.0561118,0.836994,0.0670397,2.27725e-93
6118,Solyc12g010060.2,wgd,TE-like,Solyc07g005560.3,0.0344419,1.35659,0.0253886,7.4751e-32
6119,Solyc12g010073.1,wgd,TE-like,Solyc07g005520.1,0.189702,3.46373,0.0547682,2.49059e-09
6120,Solyc12g010110.2,wgd,TE-like,Solyc07g005480.3,0.274642,0.848405,0.323715,7.08043e-26
6121,Solyc12g010120.2,wgd,TE-like,Solyc07g005470.3,0.376434,1.03079,0.365189,4.59285e-14
6122,Solyc12g010130.1,wgd,Unclassified,Solyc07g005440.1,0.104579,3.14594,0.0332427,1.71278e-93
6123,Solyc12g010150.2,wgd,TE-like,Solyc07g005410.3,0.140403,0.56552,0.248272,1.86362e-05
6124,Solyc12g010170.2,wgd,Unclassified,Solyc07g005400.3,0.119013,1.23086,0.0966908,2.26552e-42
6125,Solyc12g010200.2,wgd,gbM,Solyc07g005360.3,0.170745,0.775015,0.220312,4.78138e-31
6126,Solyc12g010320.2,wgd,Unclassified,Solyc07g005210.3,0.0822592,1.29317,0.0636104,5.92471e-33
6127,Solyc12g010330.2,wgd,TE-like,Solyc07g005140.3,0.153096,1.25829,0.12167,1.76743e-54
6128,Solyc12g010350.2,wgd,Unmethylated,Solyc07g005050.3,NA,2.38431,3.97701e-12,NA
6129,Solyc12g010360.2,wgd,TE-like,Solyc07g005040.3,0.0635814,1.06782,0.059543,3.80154e-52
6130,Solyc12g010390.2,wgd,TE-like,Solyc07g007030.1,0.0369068,1.14047,0.0323611,1.93879e-106
6131,Solyc12g010400.2,wgd,Unmethylated,Solyc07g007050.1,0.238013,2.23957,0.106276,1.65865e-17
6132,Solyc12g010410.2,wgd,TE-like,Solyc07g007120.3,0.129475,1.52406,0.0849541,6.1038e-50
6133,Solyc12g010430.1,wgd,Unmethylated,Solyc07g007150.1,0.215535,1.41307,0.152529,3.34411e-15
6134,Solyc12g010450.2,wgd,gbM,Solyc07g007220.3,0.0497321,1.16522,0.0426804,1.59446e-29
6135,Solyc12g010470.2,wgd,gbM,Solyc07g007320.2,0.100056,0.780104,0.12826,6.74338e-25
6136,Solyc12g010480.2,wgd,Unclassified,Solyc07g006020.3,0.193951,1.51027,0.128422,1.05595e-27
6137,Solyc12g010510.2,wgd,TE-like,Solyc07g006100.3,0.208521,1.40408,0.14851,9.8436e-42
6138,Solyc12g010520.2,wgd,gbM,Solyc07g006130.2,0.0274648,1.85476,0.0148077,1.02656e-94
6139,Solyc12g010540.1,wgd,Unmethylated,Solyc07g006220.2,0.0874875,2.01017,0.0435225,1.60025e-69
6140,Solyc12g010570.1,wgd,TE-like,Solyc07g006280.3,0.148787,1.55994,0.0953802,8.18144e-39
6141,Solyc12g010580.1,wgd,TE-like,Solyc07g006300.3,0.144083,2.28618,0.0630237,6.13152e-39
6142,Solyc12g010990.2,wgd,Unclassified,Solyc07g055695.1,0.110698,0.552689,0.200289,4.44556e-08
6143,Solyc12g011000.2,wgd,gbM,Solyc07g055840.3,0.0694515,1.03805,0.0669058,1.92926e-70
6144,Solyc12g011010.2,wgd,TE-like,Solyc07g055950.3,0.165786,0.785394,0.211087,5.0576e-16
6145,Solyc12g011020.2,wgd,TE-like,Solyc07g055980.3,0.177966,1.19845,0.148496,1.01703e-32
6146,Solyc12g011030.2,wgd,TE-like,Solyc07g055990.3,0.114613,2.02723,0.0565368,4.21973e-43
6147,Solyc12g011070.2,wgd,gbM,Solyc07g056110.3,0.120837,0.957795,0.126161,4.07685e-30
6148,Solyc12g011120.2,wgd,TE-like,Solyc07g056140.3,0.086302,0.961632,0.0897454,8.95315e-60
6149,Solyc12g011130.2,wgd,gbM,Solyc07g056150.3,0.00890966,0.471507,0.0188962,2.93164e-30
6150,Solyc12g011140.2,wgd,TE-like,Solyc07g056170.3,0.193506,1.09672,0.17644,1.95912e-58
6151,Solyc12g011200.2,wgd,Unclassified,Solyc07g056280.3,0.247083,1.82417,0.135449,5.90512e-12
6152,Solyc12g011310.2,wgd,gbM,Solyc07g056440.3,0.214243,1.56918,0.136532,5.41488e-25
6153,Solyc12g011330.3,wgd,TE-like,Solyc07g056580.3,0.0833877,0.76438,0.109092,7.0821e-71
6154,Solyc12g011340.2,wgd,gbM,Solyc07g056590.3,0.0876807,1.17033,0.0749195,1.59986e-39
6155,Solyc12g011360.2,wgd,gbM,Solyc07g056650.3,0.17941,0.770693,0.232791,1.1954e-16
6156,Solyc12g011450.2,wgd,Unmethylated,Solyc07g063600.3,0.0234668,0.804442,0.0291715,2.44825e-44
6157,Solyc12g013550.2,wgd,Unclassified,Solyc07g063540.3,0.0965299,0.557364,0.17319,2.75325e-08
6158,Solyc12g013620.2,wgd,Unclassified,Solyc10g006880.3,0.489752,3.8626,0.126793,4.40329e-56
6159,Solyc12g013630.1,wgd,TE-like,Solyc07g063400.3,0.183013,1.95591,0.0935689,3.06904e-53
6160,Solyc12g013650.2,wgd,TE-like,Solyc07g063340.3,0.127961,1.70458,0.0750692,7.32229e-26
6161,Solyc12g013710.2,wgd,TE-like,Solyc10g006900.3,0.0651,1.09851,0.0592618,1.69508e-57
6162,Solyc12g013800.2,wgd,TE-like,Solyc10g006960.2,0.252422,0.808193,0.31233,1.62984e-09
6163,Solyc12g013810.2,wgd,Unclassified,Solyc07g063190.3,0.180159,0.663994,0.271326,2.16397e-08
6164,Solyc12g013820.2,wgd,gbM,Solyc10g007000.3,0.333541,1.36446,0.244449,1.09209e-26
6165,Solyc12g013840.2,wgd,TE-like,Solyc07g063120.3,0.121546,0.726693,0.167259,1.74167e-57
6166,Solyc12g013850.2,wgd,TE-like,Solyc07g063110.3,0.163727,1.4141,0.115781,1.89e-53
6167,Solyc12g013860.2,wgd,gbM,Solyc07g063100.3,0.242507,0.574444,0.422159,5.98555e-07
6168,Solyc12g013895.1,wgd,TE-like,Solyc07g063030.2,0.314919,3.17647,0.0991413,1.7688e-14
6169,Solyc12g013900.2,wgd,Unclassified,Solyc07g063020.2,0.592788,2.34766,0.252501,5.13538e-12
6170,Solyc12g013920.2,wgd,Unclassified,Solyc07g062880.3,0.130719,1.346,0.0971167,5.21492e-13
6171,Solyc12g014040.1,wgd,Unmethylated,Solyc07g062730.1,0.268273,1.58479,0.169279,1.28584e-22
6172,Solyc12g014070.2,wgd,TE-like,Solyc07g062720.2,0.369336,0.818903,0.451013,1.04171e-08
6173,Solyc12g014110.2,wgd,gbM,Solyc07g062700.3,0.135449,0.850925,0.159179,2.59951e-45
6174,Solyc12g014120.2,wgd,TE-like,Solyc10g007156.1,0.349813,1.78759,0.195689,2.47417e-11
6175,Solyc12g014140.2,wgd,Unmethylated,Solyc07g062680.2,0.282842,1.52448,0.185534,2.84108e-35
6176,Solyc12g014170.2,wgd,TE-like,Solyc07g062660.3,0.290783,0.985796,0.294973,1.22157e-25
6177,Solyc12g014180.2,wgd,gbM,Solyc07g062650.3,0.0649382,0.901724,0.0720156,2.44561e-51
6178,Solyc12g014230.2,wgd,Unclassified,Solyc10g007180.2,0.118731,1.02225,0.116147,1.28636e-39
6179,Solyc12g014240.2,wgd,TE-like,Solyc10g007270.3,0.234823,1.24958,0.187922,3.50991e-12
6180,Solyc12g014250.2,wgd,TE-like,Solyc07g062530.3,0.065325,0.694813,0.0940181,1.22926e-92
6181,Solyc12g014260.1,wgd,TE-like,Solyc10g007310.1,0.167457,3.51559,0.0476325,5.81218e-37
6182,Solyc12g014270.2,wgd,TE-like,Solyc10g007330.1,0.131904,1.13087,0.11664,5.20763e-56
6183,Solyc12g014290.2,wgd,Unclassified,Solyc07g062400.3,0.0189645,1.18178,0.0160474,1.03059e-32
6184,Solyc12g014300.2,wgd,TE-like,Solyc07g062380.1,0.263069,3.71711,0.0707724,2.58329e-41
6185,Solyc12g014340.1,wgd,TE-like,Solyc07g062310.3,0.344111,1.80096,0.191071,6.43597e-15
6186,Solyc12g014360.2,wgd,TE-like,Solyc07g062220.3,0.129234,1.5259,0.0846935,6.35803e-38
6187,Solyc12g014395.1,wgd,Unclassified,Solyc07g062190.3,0.102654,1.02384,0.100264,3.53567e-25
6188,Solyc12g014400.2,wgd,TE-like,Solyc10g006153.1,0.159393,1.18919,0.134035,5.96686e-13
6189,Solyc12g014450.2,wgd,TE-like,Solyc07g064900.3,0.150354,1.7543,0.0857056,3.59581e-51
6190,Solyc12g014460.2,wgd,gbM,Solyc10g006110.3,0.0874255,0.752155,0.116233,5.46797e-51
6191,Solyc12g014470.2,wgd,gbM,Solyc07g064930.3,0.160904,0.612263,0.262802,6.51116e-14
6192,Solyc12g014490.2,wgd,gbM,Solyc07g064970.3,0.095825,0.660861,0.145,1.37568e-40
6193,Solyc12g014500.2,wgd,TE-like,Solyc07g064990.3,0.0684265,2.22944,0.0306922,4.27929e-81
6194,Solyc12g014540.2,wgd,TE-like,Solyc07g065000.3,0.232634,0.87333,0.266376,6.09972e-29
6195,Solyc12g014550.1,wgd,TE-like,Solyc07g065030.3,0.165478,0.67416,0.245457,1.5989e-08
6196,Solyc12g014560.2,wgd,TE-like,Solyc07g065050.3,0.0986807,0.864828,0.114104,2.5642e-43
6197,Solyc12g014570.2,wgd,gbM,Solyc07g065120.3,0.197736,0.955119,0.207028,1.07593e-44
6198,Solyc12g014590.2,wgd,Unclassified,Solyc07g065165.1,0.0939834,1.47473,0.063729,4.27466e-37
6199,Solyc12g014600.2,wgd,TE-like,Solyc10g006050.3,0.107955,0.686074,0.157351,7.07858e-33
6200,Solyc12g014610.2,wgd,TE-like,Solyc07g065260.3,0.19729,0.745094,0.264785,4.00197e-26
6201,Solyc12g015690.2,wgd,Unclassified,Solyc10g005960.1,0.263672,2.66274,0.0990226,1.57666e-22
6202,Solyc12g015700.2,wgd,TE-like,Solyc10g005950.3,0.149686,1.27291,0.117594,4.9951e-27
6203,Solyc12g015740.2,wgd,gbM,Solyc07g065650.2,0.113331,0.762395,0.148651,2.55129e-18
6204,Solyc12g015770.2,wgd,gbM,Solyc07g065660.3,0.348815,4.62006,0.0755002,3.8878e-87
6205,Solyc12g015810.2,wgd,TE-like,Solyc07g065790.2,0.113092,1.31558,0.0859639,1.64965e-77
6206,Solyc12g015860.2,wgd,gbM,Solyc10g005820.2,0.102122,0.628955,0.162367,5.24413e-23
6207,Solyc12g015870.2,wgd,TE-like,Solyc07g065820.3,0.0221563,1.72759,0.012825,6.10751e-51
6208,Solyc12g015880.2,wgd,Unclassified,Solyc07g065840.2,0.0183288,0.788262,0.0232522,1.49178e-119
6209,Solyc12g017820.2,wgd,TE-like,Solyc08g015990.3,0.119606,0.63211,0.189217,5.57555e-21
6210,Solyc12g017900.2,wgd,TE-like,Solyc08g015680.1,0.0957533,0.569991,0.167991,7.1302e-07
6211,Solyc12g017923.1,wgd,Unclassified,Solyc12g096600.2,0.20762,1.41555,0.146671,2.88402e-16
6212,Solyc12g018990.2,wgd,TE-like,Solyc12g096630.2,0.132997,0.861416,0.154393,9.80217e-15
6213,Solyc12g019000.2,wgd,gbM,Solyc12g096640.2,0.256561,1.22399,0.20961,2.10013e-29
6214,Solyc12g019080.2,wgd,gbM,Solyc08g014580.3,0.143583,0.875711,0.163961,3.07691e-79
6215,Solyc12g019120.2,wgd,Unclassified,Solyc08g014540.1,0.166367,1.64813,0.100943,3.14501e-37
6216,Solyc12g019180.2,wgd,TE-like,Solyc12g096730.3,0.241273,4.10975,0.0587074,2.79029e-73
6217,Solyc12g019220.1,wgd,TE-like,Solyc12g096740.1,0.23847,4.16112,0.057309,4.10629e-60
6218,Solyc12g019410.2,wgd,TE-like,Solyc08g014450.3,0.112628,1.33012,0.0846752,2.73302e-55
6219,Solyc12g019420.2,wgd,TE-like,Solyc08g014440.3,0.232263,0.824423,0.281727,4.3866e-09
6220,Solyc12g019460.2,wgd,TE-like,Solyc08g014420.3,0.0232689,0.668741,0.034795,2.964e-51
6221,Solyc12g019490.2,wgd,TE-like,Solyc12g096860.2,0.240984,1.53468,0.157026,6.85336e-43
6222,Solyc12g036320.2,wgd,Unclassified,Solyc03g119230.1,0.366524,1.61062,0.227566,4.78478e-13
6223,Solyc12g036325.1,wgd,gbM,Solyc03g119240.3,0.341061,2.66158,0.128142,3.46689e-40
6224,Solyc12g036390.2,wgd,TE-like,Solyc03g119250.3,0.159861,2.29915,0.0695305,1.0145e-74
6225,Solyc12g036400.1,wgd,TE-like,Solyc03g119260.3,0.233531,2.24875,0.103849,1.26343e-15
6226,Solyc12g036410.2,wgd,TE-like,Solyc03g119290.3,0.137623,0.517414,0.265982,4.54746e-21
6227,Solyc12g036440.1,wgd,Unclassified,Solyc03g119320.1,0.325049,3.4016,0.0955576,3.35958e-25
6228,Solyc12g036450.2,wgd,Unclassified,Solyc03g119360.3,0.0492247,0.830304,0.0592851,4.39706e-09
6229,Solyc12g036470.2,wgd,Unclassified,Solyc03g119390.3,0.212808,1.43633,0.148161,9.88105e-26
6230,Solyc12g036500.2,wgd,TE-like,Solyc03g119470.2,0.213382,2.03275,0.104972,4.83932e-40
6231,Solyc12g036650.2,wgd,Unclassified,Solyc03g119520.3,0.35415,1.29139,0.274239,7.6899e-06
6232,Solyc12g036900.1,wgd,Unclassified,Solyc03g119610.1,0.326954,0.993042,0.329245,6.73425e-07
6233,Solyc12g038510.2,wgd,Unclassified,Solyc03g114840.3,0.135476,1.88537,0.0718564,1.15121e-32
6234,Solyc12g038630.2,wgd,TE-like,Solyc03g114740.3,0.164887,1.46282,0.112718,1.90448e-28
6235,Solyc12g038670.2,wgd,TE-like,Solyc03g114730.3,0.0766785,0.916121,0.083699,9.33705e-57
6236,Solyc12g038920.2,wgd,gbM,Solyc03g114590.3,0.100861,1.47316,0.068466,1.43911e-36
6237,Solyc12g038980.2,wgd,TE-like,Solyc03g114565.1,0.196639,1.27,0.154834,1.66967e-09
6238,Solyc12g039070.2,wgd,TE-like,Solyc03g114530.3,0.313231,1.29606,0.24168,5.40185e-15
6239,Solyc12g040390.2,wgd,gbM,Solyc03g118840.3,0.270249,1.19574,0.226011,3.92081e-15
6240,Solyc12g040790.2,wgd,gbM,Solyc03g118750.3,0.0929467,0.772165,0.120371,2.59075e-25
6241,Solyc12g040800.2,wgd,TE-like,Solyc03g118710.3,0.135932,3.28406,0.0413915,1.04025e-43
6242,Solyc12g040810.2,wgd,gbM,Solyc03g118570.3,0.0982063,0.69927,0.140441,4.10996e-24
6243,Solyc12g040870.2,wgd,Unclassified,Solyc03g118470.3,0.132758,1.41429,0.0938687,4.62197e-26
6244,Solyc12g042060.2,wgd,TE-like,Solyc03g118340.3,0.0841685,0.62008,0.135738,1.19891e-22
6245,Solyc12g042075.1,wgd,gbM,Solyc03g118290.3,0.167678,0.647065,0.259137,2.72163e-16
6246,Solyc12g042170.2,wgd,TE-like,Solyc03g118260.2,0.164683,0.467825,0.352019,3.18763e-09
6247,Solyc12g042200.2,wgd,TE-like,Solyc03g118210.3,0.166903,1.58474,0.105319,1.35797e-14
6248,Solyc12g042210.2,wgd,TE-like,Solyc03g118190.3,0.26714,3.4036,0.0784876,1.75679e-42
6249,Solyc12g042360.2,wgd,TE-like,Solyc06g068770.3,0.0488174,0.580928,0.0840335,2.50274e-40
6250,Solyc12g042370.2,wgd,TE-like,Solyc03g118100.3,0.130198,1.13318,0.114895,1.92126e-22
6251,Solyc12g042380.2,wgd,gbM,Solyc06g068730.1,0.175926,0.982572,0.179046,6.37069e-33
6252,Solyc12g042430.2,wgd,TE-like,Solyc03g118000.1,0.124196,1.22623,0.101283,1.68846e-28
6253,Solyc12g042440.2,wgd,Unclassified,Solyc03g117910.3,0.412387,1.56919,0.262802,5.90727e-15
6254,Solyc12g042460.2,wgd,TE-like,Solyc06g068650.3,0.113265,1.30551,0.0867593,2.197e-85
6255,Solyc12g042540.1,wgd,Unclassified,Solyc03g117760.3,0.186454,0.55618,0.335241,0.000112642
6256,Solyc12g042560.2,wgd,Unclassified,Solyc03g117630.1,0.0909332,4.39432,0.0206934,2.84805e-48
6257,Solyc12g042580.2,wgd,TE-like,Solyc03g117560.3,0.241286,1.00929,0.239066,2.62106e-09
6258,Solyc12g042590.2,wgd,TE-like,Solyc06g068460.3,0.348868,1.39165,0.250687,3.56472e-11
6259,Solyc12g042730.1,wgd,Unclassified,Solyc03g117500.1,0.367557,3.46628,0.106038,2.74577e-17
6260,Solyc12g042880.2,wgd,gbM,Solyc06g067970.2,0.300968,0.977377,0.307934,1.7814e-10
6261,Solyc12g042890.2,wgd,gbM,Solyc06g067950.3,0.0689094,0.59877,0.115085,4.71402e-24
6262,Solyc12g042900.2,wgd,Unclassified,Solyc06g067940.3,0.126161,0.710126,0.177661,1.26513e-10
6263,Solyc12g042920.2,wgd,gbM,Solyc06g067920.3,0.0536717,0.584985,0.0917488,1.1429e-33
6264,Solyc12g042930.2,wgd,TE-like,Solyc06g067910.3,0.124108,1.87959,0.0660292,4.97858e-48
6265,Solyc12g042980.2,wgd,Unclassified,Solyc06g066840.3,0.575731,3.86944,0.148789,5.04081e-29
6266,Solyc12g043000.2,wgd,TE-like,Solyc06g066730.3,0.0404473,0.589307,0.0686354,6.13606e-94
6267,Solyc12g043150.2,wgd,TE-like,Solyc06g066690.3,0.435546,2.13677,0.203834,1.21525e-11
6268,Solyc12g044220.2,wgd,TE-like,Solyc03g120770.3,0.174655,0.766817,0.227766,2.00041e-56
6269,Solyc12g044230.2,wgd,gbM,Solyc03g120730.3,0.130957,0.590076,0.221932,7.59193e-26
6270,Solyc12g044240.2,wgd,Unmethylated,Solyc03g120690.3,0.0572951,0.919098,0.0623384,1.58158e-12
6271,Solyc12g044250.2,wgd,gbM,Solyc03g120660.3,0.258019,3.51,0.0735096,2.54865e-28
6272,Solyc12g044270.2,wgd,TE-like,Solyc06g066650.3,0.106168,0.804247,0.132009,4.69483e-30
6273,Solyc12g044280.2,wgd,TE-like,Solyc06g066640.3,0.0322258,0.46399,0.0694537,1.66308e-15
6274,Solyc12g044310.2,wgd,gbM,Solyc03g120550.2,0.214124,3.39533,0.0630643,1.14149e-60
6275,Solyc12g044330.2,wgd,Unclassified,Solyc06g066560.2,0.0250699,0.693847,0.0361317,1.36233e-14
6276,Solyc12g044370.2,wgd,TE-like,Solyc03g120470.3,0.173467,0.786152,0.220654,1.8872e-38
6277,Solyc12g044380.2,wgd,TE-like,Solyc03g120820.3,0.111183,1.51093,0.0735858,8.76563e-15
6278,Solyc12g044390.2,wgd,Unmethylated,Solyc06g066540.1,0.233505,1.48718,0.157011,2.49022e-12
6279,Solyc12g044410.2,wgd,TE-like,Solyc03g120910.3,0.0545467,0.685241,0.0796022,3.04765e-92
6280,Solyc12g044420.1,wgd,TE-like,Solyc06g066500.1,0.296022,3.42282,0.0864846,5.61375e-28
6281,Solyc12g044560.1,wgd,TE-like,Solyc03g120980.3,0.307625,1.44053,0.21355,0.000120261
6282,Solyc12g044600.3,wgd,gbM,Solyc03g120990.3,0.07052,0.806743,0.0874133,2.0896e-70
6283,Solyc12g044630.2,wgd,Unclassified,Solyc06g066410.3,0.0653737,1.15302,0.0566976,1.93412e-22
6284,Solyc12g044640.2,wgd,TE-like,Solyc03g121210.3,0.105954,0.607852,0.174309,8.85765e-19
6285,Solyc12g044670.1,wgd,TE-like,Solyc03g121220.2,0.0843213,1.25742,0.067059,1.2201e-50
6286,Solyc12g044700.2,wgd,gbM,Solyc03g121290.3,1.20066,1.81789,0.66047,0.000407725
6287,Solyc12g044720.2,wgd,Unclassified,Solyc03g121330.3,0.0536376,0.558456,0.0960462,6.16737e-15
6288,Solyc12g044730.2,wgd,TE-like,Solyc03g121370.3,0.0420913,3.11293,0.0135214,1.35475e-35
6289,Solyc12g044800.2,wgd,TE-like,Solyc03g121410.3,0.0414059,1.2973,0.0319169,6.94107e-77
6290,Solyc12g044840.2,wgd,gbM,Solyc03g121440.3,0.10383,2.01762,0.0514618,8.63852e-63
6291,Solyc12g044850.2,wgd,gbM,Solyc03g121520.3,0.217015,1.01427,0.213962,6.01396e-07
6292,Solyc12g044880.2,wgd,gbM,Solyc03g121540.3,0.0917045,0.704199,0.130225,1.15739e-65
6293,Solyc12g044890.2,wgd,TE-like,Solyc03g121570.3,0.0741181,0.644929,0.114924,1.89101e-57
6294,Solyc12g044900.2,wgd,gbM,Solyc03g121590.3,0.0875408,0.670328,0.130594,2.22274e-58
6295,Solyc12g044910.2,wgd,TE-like,Solyc03g121800.3,0.0760171,1.43455,0.0529902,1.70581e-26
6296,Solyc12g044920.2,wgd,gbM,Solyc03g121810.2,0.11487,0.745152,0.154157,1.8436e-88
6297,Solyc12g044940.2,wgd,Unmethylated,Solyc12g100280.2,0.171362,0.943766,0.181573,3.6065e-16
6298,Solyc12g044950.2,wgd,TE-like,Solyc12g100240.1,0.0814316,0.764345,0.106538,2.50402e-05
6299,Solyc12g045030.2,wgd,Unclassified,Solyc12g100220.2,0.166139,0.600299,0.276761,1.57288e-11
6300,Solyc12g049040.1,wgd,TE-like,Solyc12g100090.1,0.137856,0.206341,0.668098,0.0388888
6301,Solyc12g049150.1,wgd,TE-like,Solyc12g100080.1,0.15179,0.257716,0.588984,0.00413203
6302,Solyc12g049200.1,wgd,TE-like,Solyc12g099980.2,0.268502,1.08719,0.246968,1.30046e-25
6303,Solyc12g049220.2,wgd,Unmethylated,Solyc03g121860.1,0.0779619,2.02829,0.0384371,5.02842e-40
6304,Solyc12g049270.2,wgd,gbM,Solyc03g121980.3,0.0528435,0.675684,0.0782075,5.82519e-46
6305,Solyc12g049320.2,wgd,gbM,Solyc03g123400.1,0.176165,1.38427,0.127262,9.10972e-50
6306,Solyc12g049360.2,wgd,TE-like,Solyc06g062920.3,0.198695,2.52229,0.0787758,7.05055e-40
6307,Solyc12g049380.2,wgd,TE-like,Solyc06g062970.2,0.145245,1.17719,0.123383,3.11821e-11
6308,Solyc12g049390.2,wgd,TE-like,Solyc03g122250.3,0.111544,0.539768,0.206651,1.02099e-29
6309,Solyc12g049400.2,wgd,TE-like,Solyc03g122190.3,0.313953,1.13119,0.277543,3.63755e-07
6310,Solyc12g049420.2,wgd,TE-like,Solyc03g122090.3,0.0489183,0.532679,0.0918346,1.86176e-21
6311,Solyc12g049500.2,wgd,TE-like,Solyc03g122080.3,0.216816,0.62658,0.346031,2.12786e-14
6312,Solyc12g049510.2,wgd,TE-like,Solyc03g122040.3,0.259155,0.654911,0.39571,1.44338e-23
6313,Solyc12g049560.2,wgd,gbM,Solyc03g123500.4,0.257765,0.849105,0.303573,6.54673e-10
6314,Solyc12g049590.2,wgd,TE-like,Solyc03g123570.3,0.159256,0.691528,0.230296,3.88223e-84
6315,Solyc12g055680.1,wgd,Unclassified,Solyc03g123580.3,0.386412,0.814715,0.474292,0.0118415
6316,Solyc12g055710.1,wgd,TE-like,Solyc03g123680.1,0.313963,1.51865,0.206738,1.55339e-14
6317,Solyc12g055720.2,wgd,TE-like,Solyc06g063150.3,0.182216,0.869675,0.209522,4.38409e-39
6318,Solyc12g055730.2,wgd,TE-like,Solyc03g123750.3,0.209772,1.44598,0.145072,5.24771e-41
6319,Solyc12g055750.2,wgd,TE-like,Solyc06g063220.3,0.0874385,2.05353,0.0425796,1.29137e-17
6320,Solyc12g055800.3,wgd,TE-like,Solyc06g063330.3,0.0152635,0.639933,0.0238517,6.28612e-94
6321,Solyc12g055830.2,wgd,gbM,Solyc08g013680.3,0.0497028,1.24836,0.0398144,4.74737e-35
6322,Solyc12g055870.2,wgd,Unclassified,Solyc08g008430.3,0.19728,0.758636,0.260045,9.52813e-06
6323,Solyc12g055930.2,wgd,gbM,Solyc08g082440.3,0.0980115,0.708741,0.138289,2.25434e-31
6324,Solyc12g055950.2,wgd,TE-like,Solyc08g082420.3,0.145798,0.526846,0.276737,1.69752e-07
6325,Solyc12g055970.2,wgd,TE-like,Solyc08g082250.3,0.112712,2.02067,0.0557795,1.47454e-87
6326,Solyc12g055990.2,wgd,TE-like,Solyc08g082180.3,0.0597444,0.811959,0.0735806,1.74872e-24
6327,Solyc12g056060.2,wgd,TE-like,Solyc08g008260.2,0.279357,0.959162,0.291252,5.5989e-27
6328,Solyc12g056100.2,wgd,Unclassified,Solyc08g008220.3,0.0184018,0.604048,0.0304641,1.04578e-22
6329,Solyc12g056110.2,wgd,TE-like,Solyc08g081900.3,0.0653052,0.715231,0.0913064,2.47901e-26
6330,Solyc12g056130.2,wgd,gbM,Solyc08g081840.3,0.320775,0.958326,0.334724,9.12693e-11
6331,Solyc12g056160.2,wgd,gbM,Solyc08g008190.3,0.228966,4.76518,0.0480498,1.40211e-130
6332,Solyc12g056180.2,wgd,TE-like,Solyc08g081540.3,0.177236,2.14606,0.0825866,2.71417e-65
6333,Solyc12g056190.2,wgd,TE-like,Solyc08g081450.3,0.384162,1.37827,0.278729,2.62179e-08
6334,Solyc12g056200.2,wgd,gbM,Solyc08g081420.3,0.13964,1.98083,0.0704955,2.23853e-66
6335,Solyc12g056210.2,wgd,TE-like,Solyc08g081360.3,0.175829,1.55436,0.11312,4.35871e-34
6336,Solyc12g056220.2,wgd,Unclassified,Solyc08g008050.3,0.0319223,0.556987,0.0573125,1.06213e-36
6337,Solyc12g056230.2,wgd,TE-like,Solyc08g080940.3,0.194387,2.85406,0.0681088,8.70173e-29
6338,Solyc12g056260.1,wgd,TE-like,Solyc08g080930.1,0.147563,1.29487,0.113959,1.08023e-54
6339,Solyc12g056270.2,wgd,gbM,Solyc08g080920.3,0.112289,1.1898,0.0943765,2.23955e-20
6340,Solyc12g056300.2,wgd,TE-like,Solyc08g080830.3,0.109543,0.650129,0.168494,8.09019e-42
6341,Solyc12g056310.2,wgd,Unclassified,Solyc08g007980.3,0.382916,3.37828,0.113346,5.30594e-23
6342,Solyc12g056360.1,wgd,TE-like,Solyc08g080585.1,0.264493,3.51486,0.07525,1.26983e-49
6343,Solyc12g056410.2,wgd,Unclassified,Solyc08g080360.3,0.145581,1.93147,0.075373,8.77794e-37
6344,Solyc12g056420.2,wgd,gbM,Solyc08g080340.3,0.103815,0.712344,0.145737,2.25845e-39
6345,Solyc12g056430.1,wgd,TE-like,Solyc08g007820.1,0.268779,1.61148,0.16679,1.58819e-21
6346,Solyc12g056440.2,wgd,TE-like,Solyc08g080200.3,0.103278,0.700876,0.147356,3.30492e-52
6347,Solyc12g056450.2,wgd,gbM,Solyc08g080160.3,0.220808,1.65629,0.133315,7.1486e-09
6348,Solyc12g056460.2,wgd,TE-like,Solyc08g080100.3,0.18318,1.50782,0.121486,7.51315e-19
6349,Solyc12g056480.2,wgd,TE-like,Solyc08g080090.3,0.133667,1.12575,0.118736,1.43143e-25
6350,Solyc12g056490.1,wgd,gbM,Solyc08g080080.3,0.0855424,1.50415,0.0568708,1.26969e-71
6351,Solyc12g056510.2,wgd,Unclassified,Solyc04g071360.3,0.235438,1.7583,0.133901,8.02211e-61
6352,Solyc12g056550.1,wgd,TE-like,Solyc04g071480.1,0.113419,3.0801,0.036823,1.31873e-54
6353,Solyc12g056560.2,wgd,gbM,Solyc04g071490.3,0.391453,0.902741,0.433627,6.93496e-05
6354,Solyc12g056570.1,wgd,TE-like,Solyc04g071523.1,0.19948,0.812301,0.245574,8.1776e-19
6355,Solyc12g056580.2,wgd,TE-like,Solyc04g071650.3,0.060689,0.788242,0.0769929,4.67555e-116
6356,Solyc12g056590.2,wgd,Unclassified,Solyc04g071770.3,0.217111,1.3673,0.158788,1.0566e-25
6357,Solyc12g056610.2,wgd,Unclassified,Solyc04g071940.3,0.382914,3.91156,0.0978928,1.60223e-37
6358,Solyc12g056630.2,wgd,TE-like,Solyc04g071980.3,0.121679,0.963734,0.126258,9.26332e-17
6359,Solyc12g056650.2,wgd,TE-like,Solyc04g071990.3,0.107292,0.682711,0.157155,5.94915e-77
6360,Solyc12g056750.2,wgd,TE-like,Solyc04g072070.3,0.416542,2.75059,0.151438,3.8778e-07
6361,Solyc12g056760.2,wgd,Unclassified,Solyc04g072110.3,0.192432,1.09214,0.176198,5.23572e-14
6362,Solyc12g056780.2,wgd,Unclassified,Solyc04g072160.3,0.179774,0.927374,0.193853,9.44541e-08
6363,Solyc12g056790.2,wgd,TE-like,Solyc04g072220.3,0.19434,0.790126,0.24596,2.51616e-25
6364,Solyc12g056800.2,wgd,Unclassified,Solyc04g072240.3,0.200269,2.92113,0.0685586,3.43827e-60
6365,Solyc12g056820.2,wgd,TE-like,Solyc04g072280.3,0.282227,4.23381,0.0666602,3.22667e-124
6366,Solyc12g056840.2,wgd,TE-like,Solyc04g072480.3,0.142773,0.792608,0.18013,1.88764e-23
6367,Solyc12g056900.2,wgd,TE-like,Solyc04g072640.3,0.129248,0.68619,0.188357,5.30905e-09
6368,Solyc12g056920.2,wgd,TE-like,Solyc04g072740.3,0.14608,1.02626,0.142342,4.39167e-58
6369,Solyc12g056950.2,wgd,Unclassified,Solyc04g072780.3,0.271436,1.45446,0.186623,2.83011e-13
6370,Solyc12g056980.1,wgd,Unclassified,Solyc04g072900.1,0.2366,1.96987,0.120109,4.99737e-32
6371,Solyc12g056995.1,wgd,TE-like,Solyc04g073940.3,0.263001,1.36625,0.192498,1.55966e-29
6372,Solyc12g057000.1,wgd,Unmethylated,Solyc04g073950.1,0.325301,3.22841,0.100762,9.08083e-22
6373,Solyc12g057010.2,wgd,TE-like,Solyc04g073960.3,0.144075,2.28325,0.0631006,2.11016e-65
6374,Solyc12g057020.2,wgd,TE-like,Solyc04g074110.3,0.2389,1.90215,0.125595,5.18675e-26
6375,Solyc12g057040.2,wgd,gbM,Solyc04g074180.4,0.0788159,1.30474,0.0604073,8.43083e-69
6376,Solyc12g057060.2,wgd,TE-like,Solyc04g074380.3,0.132963,1.42862,0.0930709,1.00679e-69
6377,Solyc12g057070.2,wgd,TE-like,Solyc04g074390.3,0.135216,1.20986,0.111762,4.7227e-61
6378,Solyc12g057110.2,wgd,Unclassified,Solyc04g074510.3,0.0745711,1.96184,0.0380108,1.13722e-58
6379,Solyc12g057120.3,wgd,Unclassified,Solyc04g074550.3,0.161997,0.863179,0.187675,6.71293e-10
6380,Solyc12g057130.2,wgd,gbM,Solyc04g074720.3,0.121699,0.878634,0.13851,4.97955e-71
6381,Solyc12g062470.2,wgd,TE-like,Solyc07g021110.1,0.450739,1.43459,0.314194,6.86069e-06
6382,Solyc12g062480.2,wgd,TE-like,Solyc07g021120.2,0.0068399,0.0135164,0.506045,0.098253
6383,Solyc12g062490.1,wgd,TE-like,Solyc07g021140.1,0.0978829,0.110217,0.888091,0.64862
6384,Solyc12g062530.2,wgd,TE-like,Solyc07g021180.2,0.0800156,0.049101,1.62961,0.345549
6385,Solyc12g062550.1,wgd,TE-like,Solyc07g021200.1,0.148767,0.239418,0.621368,0.271224
6386,Solyc12g062580.1,wgd,TE-like,Solyc07g021220.2,0.105589,0.0966294,1.09272,0.687331
6387,Solyc12g062590.1,wgd,TE-like,Solyc07g021230.1,0.0519142,0.0241334,2.15113,0.372798
6388,Solyc12g062595.1,wgd,TE-like,Solyc07g021280.1,0.0552654,0.0492744,1.12158,0.977413
6389,Solyc12g062600.1,wgd,TE-like,Solyc07g021240.1,0.0300565,0.0539614,0.557,0.308053
6390,Solyc12g062610.1,wgd,TE-like,Solyc07g021250.1,0.118574,0.06741,1.759,0.528257
6391,Solyc12g062650.1,wgd,TE-like,Solyc07g021290.1,0.0487448,0.249329,0.195504,0.0111684
6392,Solyc12g062670.2,wgd,TE-like,Solyc07g021330.2,0.148951,0.267701,0.556407,0.105813
6393,Solyc12g062680.2,wgd,TE-like,Solyc07g021335.1,0.281522,0.688549,0.408863,0.00393264
6394,Solyc12g062690.2,wgd,Unclassified,Solyc07g021340.3,0.116946,0.0377397,3.09875,0.276184
6395,Solyc12g062700.1,wgd,TE-like,Solyc07g021350.1,0.280959,1.73669,0.161778,1.17228e-07
6396,Solyc12g062710.1,wgd,TE-like,Solyc07g021400.1,0.121856,0.228266,0.533833,0.0919141
6397,Solyc12g062720.2,wgd,TE-like,Solyc07g021450.2,0.0534833,0.0588771,0.90839,0.779318
6398,Solyc12g062730.2,wgd,Unclassified,Solyc07g021460.2,0.101497,0.121362,0.836313,0.628618
6399,Solyc12g087840.1,wgd,gbM,Solyc04g074790.2,0.372363,2.66326,0.139815,6.81066e-20
6400,Solyc12g087850.2,wgd,NA,Solyc04g074810.3,0.18754,1.8505,0.101346,1.77674e-11
6401,Solyc12g087860.2,wgd,Unclassified,Solyc04g074820.2,0.484034,3.90034,0.1241,5.6139e-31
6402,Solyc12g087870.2,wgd,Unclassified,Solyc04g074870.3,0.316145,2.60781,0.12123,5.39455e-40
6403,Solyc12g087890.2,wgd,gbM,Solyc04g076030.2,0.223166,0.658053,0.339131,5.12353e-11
6404,Solyc12g087900.2,wgd,NA,Solyc04g076040.3,0.273058,0.946,0.288645,1.13453e-11
6405,Solyc12g087930.1,wgd,TE-like,Solyc04g076150.3,0.224959,1.55642,0.144536,6.68824e-31
6406,Solyc12g087940.2,wgd,TE-like,Solyc04g076190.1,0.140538,1.15675,0.121494,6.68899e-49
6407,Solyc12g087950.1,wgd,Unclassified,Solyc04g076220.3,0.26545,1.5612,0.17003,2.06454e-27
6408,Solyc12g087960.2,wgd,TE-like,Solyc04g076340.3,0.122489,0.887103,0.138078,2.15878e-15
6409,Solyc12g087970.2,wgd,gbM,Solyc04g076360.3,0.333746,0.814021,0.409996,1.25688e-12
6410,Solyc12g087990.2,wgd,gbM,Solyc04g076410.3,0.345878,1.02864,0.336247,5.10567e-07
6411,Solyc12g088010.2,wgd,gbM,Solyc04g076540.3,0.131119,0.694146,0.188893,1.42721e-118
6412,Solyc12g088050.2,wgd,gbM,Solyc04g076630.3,0.230972,1.95837,0.117941,2.23934e-81
6413,Solyc12g088060.2,wgd,TE-like,Solyc04g076670.3,0.137518,1.25755,0.109354,9.68084e-16
6414,Solyc12g088090.2,wgd,gbM,Solyc04g076700.3,0.163002,0.561714,0.290186,7.38243e-09
6415,Solyc12g088100.2,wgd,Unclassified,Solyc04g076750.2,0.161126,1.53388,0.105045,1.96447e-20
6416,Solyc12g088160.2,wgd,TE-like,Solyc04g076880.3,0.0676947,1.18419,0.0571653,8.6163e-93
6417,Solyc12g088180.1,wgd,Unclassified,Solyc04g077020.3,0.0320443,1.98134,0.016173,8.5843e-49
6418,Solyc12g088190.2,wgd,TE-like,Solyc04g077050.3,0.127152,1.78056,0.0714114,4.92132e-65
6419,Solyc12g088200.2,wgd,TE-like,Solyc04g077120.3,0.0953586,0.949026,0.10048,1.43436e-38
6420,Solyc12g088210.2,wgd,TE-like,Solyc04g077190.3,0.12817,0.656511,0.195228,1.31305e-53
6421,Solyc12g088220.2,wgd,TE-like,Solyc04g077240.3,0.159066,3.66089,0.0434502,6.84575e-49
6422,Solyc12g088230.2,wgd,TE-like,Solyc04g077400.4,0.167216,0.755497,0.221333,8.44561e-38
6423,Solyc12g088240.2,wgd,TE-like,Solyc04g077470.3,0.0863177,1.28206,0.0673273,5.32516e-87
6424,Solyc12g088280.2,wgd,TE-like,Solyc04g077615.1,0.327848,4.13138,0.0793557,1.75589e-59
6425,Solyc12g088290.2,wgd,TE-like,Solyc04g077680.3,0.147476,0.831427,0.177377,1.19542e-54
6426,Solyc12g088300.2,wgd,TE-like,Solyc04g077690.2,0.203409,1.82787,0.111282,8.89638e-18
6427,Solyc12g088320.2,wgd,TE-like,Solyc04g077780.3,0.0598343,0.863653,0.0692805,3.99357e-23
6428,Solyc12g088330.1,wgd,TE-like,Solyc04g077810.1,0.41387,1.27447,0.324737,4.39601e-09
6429,Solyc12g088360.2,wgd,Unclassified,Solyc04g077850.3,0.0853439,0.867921,0.0983314,2.04352e-47
6430,Solyc12g088370.2,wgd,gbM,Solyc04g077920.3,0.107365,0.817549,0.131326,1.69593e-33
6431,Solyc12g088380.1,wgd,TE-like,Solyc04g077960.1,0.291485,1.24858,0.233453,7.81329e-16
6432,Solyc12g088390.1,wgd,TE-like,Solyc04g077980.1,0.249691,2.15489,0.115872,8.20781e-25
6433,Solyc12g088410.2,wgd,Unclassified,Solyc04g078010.3,0.263506,0.6706,0.39294,0.00170145
6434,Solyc12g088420.2,wgd,TE-like,Solyc04g078040.3,0.224539,0.76625,0.293036,1.82174e-10
6435,Solyc12g088430.1,wgd,Unmethylated,Solyc04g078060.1,0.241635,1.72989,0.139682,5.84507e-15
6436,Solyc12g088440.2,wgd,gbM,Solyc04g078130.3,0.192649,1.0226,0.18839,1.79805e-17
6437,Solyc12g088450.2,wgd,TE-like,Solyc04g078160.3,0.166444,0.705398,0.235957,6.47092e-20
6438,Solyc12g088460.2,wgd,TE-like,Solyc04g078290.3,0.293195,4.3794,0.0669486,9.2049e-80
6439,Solyc12g088470.2,wgd,gbM,Solyc04g078310.3,0.15489,1.05286,0.147114,1.03367e-29
6440,Solyc12g088510.1,wgd,TE-like,Solyc04g078370.3,0.461056,4.36654,0.105588,1.08325e-56
6441,Solyc12g088610.1,wgd,TE-like,Solyc04g078420.1,0.427421,1.83837,0.2325,1.99133e-07
6442,Solyc12g088650.2,wgd,gbM,Solyc04g078470.3,0.207014,1.17803,0.17573,4.98677e-23
6443,Solyc12g088670.2,wgd,Unclassified,Solyc04g078540.3,0.179993,1.76558,0.101946,5.26485e-51
6444,Solyc12g088680.2,wgd,TE-like,Solyc04g078620.3,0.0771451,0.966085,0.0798533,1.13582e-22
6445,Solyc12g088740.2,wgd,TE-like,Solyc04g078680.3,0.231761,1.03079,0.224839,3.41898e-34
6446,Solyc12g088750.2,wgd,gbM,Solyc04g078700.3,0.115939,1.02799,0.112782,5.53671e-52
6447,Solyc12g088760.1,wgd,gbM,Solyc04g078710.2,0.415309,4.62413,0.0898135,2.92746e-82
6448,Solyc12g088790.2,wgd,TE-like,Solyc04g078790.3,0.192745,1.7511,0.110071,5.07809e-26
6449,Solyc12g088800.2,wgd,TE-like,Solyc04g078800.3,0.193942,2.27352,0.0853047,8.40141e-56
6450,Solyc12g088820.2,wgd,TE-like,Solyc04g078870.3,0.0807281,0.86822,0.0929812,1.01052e-55
6451,Solyc12g088830.2,wgd,TE-like,Solyc04g078950.1,0.19714,0.855266,0.230501,6.67074e-12
6452,Solyc12g088840.1,wgd,TE-like,Solyc04g079080.2,0.389106,2.85368,0.136352,0
6453,Solyc12g088895.1,wgd,Unclassified,Solyc04g079170.3,0.20599,1.1691,0.176195,1.55702e-14
6454,Solyc12g088900.2,wgd,gbM,Solyc04g079180.3,0.12193,0.573163,0.212731,8.8575e-14
6455,Solyc12g088920.2,wgd,TE-like,Solyc04g079300.3,0.0762025,0.848506,0.0898078,1.32076e-102
6456,Solyc12g088940.2,wgd,TE-like,Solyc04g079400.3,0.201908,1.18509,0.170374,1.99244e-43
6457,Solyc12g088970.1,wgd,TE-like,Solyc04g079603.1,0.354614,3.5747,0.0992011,1.23586e-28
6458,Solyc12g088980.2,wgd,TE-like,Solyc04g079700.3,0.164108,4.07499,0.040272,3.49518e-81
6459,Solyc12g089000.2,wgd,TE-like,Solyc04g079780.3,0.237894,1.13788,0.209068,8.90694e-25
6460,Solyc12g089030.2,wgd,TE-like,Solyc04g079970.3,0.0493869,0.538067,0.0917857,6.64377e-19
6461,Solyc12g089040.2,wgd,gbM,Solyc04g079980.3,0.0730937,1.04337,0.0700554,3.91084e-38
6462,Solyc12g089060.2,wgd,TE-like,Solyc04g080030.3,0.117445,0.624033,0.188203,8.61835e-17
6463,Solyc12g089080.2,wgd,TE-like,Solyc04g080080.3,0.227,1.06937,0.212275,5.40457e-18
6464,Solyc12g089090.2,wgd,TE-like,Solyc04g080090.3,0.154659,0.913715,0.169264,2.21933e-24
6465,Solyc12g089100.2,wgd,TE-like,Solyc04g080190.3,0.189285,0.676378,0.279851,4.59506e-10
6466,Solyc12g089140.2,wgd,TE-like,Solyc04g080300.3,0.103632,1.47303,0.0703531,1.36749e-28
6467,Solyc12g089170.2,wgd,Unclassified,Solyc04g080435.1,0.263458,2.63645,0.099929,1.26022e-16
6468,Solyc12g089180.2,wgd,TE-like,Solyc04g080460.3,0.0716163,0.691876,0.10351,1.63062e-49
6469,Solyc12g089190.1,wgd,NA,Solyc04g080500.3,0.146196,0.999866,0.146216,2.58107e-09
6470,Solyc12g089210.2,wgd,TE-like,Solyc04g080610.3,0.0672738,1.22698,0.0548289,2.89546e-49
6471,Solyc12g089220.2,wgd,TE-like,Solyc04g080700.3,0.225536,0.799377,0.28214,1.16941e-08
6472,Solyc12g089230.2,wgd,TE-like,Solyc04g080750.3,0.136014,0.93875,0.144889,7.53926e-19
6473,Solyc12g089240.2,wgd,TE-like,Solyc04g081020.3,0.241698,1.33828,0.180603,1.87999e-24
6474,Solyc12g089250.1,wgd,TE-like,Solyc04g081110.1,0.1691,1.45946,0.115864,5.76194e-72
6475,Solyc12g089270.1,wgd,TE-like,Solyc04g081250.1,0.23039,2.99139,0.0770177,7.80352e-23
6476,Solyc12g089280.2,wgd,TE-like,Solyc04g081280.3,0.142773,0.937815,0.15224,1.66256e-82
6477,Solyc12g089290.2,wgd,gbM,Solyc04g081340.3,0.186869,0.611451,0.305616,1.07463e-10
6478,Solyc12g089310.2,wgd,gbM,Solyc04g081490.3,0.0282931,4.07176,0.00694862,1.38576e-136
6479,Solyc12g089350.2,wgd,TE-like,Solyc04g081755.1,0.217951,2.25918,0.0964733,7.06962e-34
6480,Solyc12g089360.1,wgd,TE-like,Solyc04g081860.3,0.135121,1.24705,0.108352,5.19511e-40
6481,Solyc12g089380.2,wgd,TE-like,Solyc04g081870.3,0.11976,1.38638,0.0863834,2.97335e-25
6482,Solyc12g094390.1,wgd,TE-like,Solyc04g081960.1,0.307438,3.4984,0.0878795,3.85535e-41
6483,Solyc12g094400.2,wgd,TE-like,Solyc04g081990.3,0.134638,0.77832,0.172986,1.12974e-30
6484,Solyc12g094420.2,wgd,TE-like,Solyc04g082040.3,0.149629,1.02146,0.146485,2.66466e-64
6485,Solyc12g094460.2,wgd,TE-like,Solyc04g082140.3,0.141912,1.65592,0.0857001,1.52795e-62
6486,Solyc12g094500.2,wgd,TE-like,Solyc04g082170.3,0.132929,0.785266,0.169279,9.48804e-30
6487,Solyc12g094510.2,wgd,Unclassified,Solyc04g082210.3,0.0816928,0.712272,0.114693,5.74501e-13
6488,Solyc12g094530.1,wgd,TE-like,Solyc04g082240.1,0.155005,2.14777,0.0721703,7.38962e-30
6489,Solyc12g094550.2,wgd,TE-like,Solyc04g082280.3,0.217354,1.60614,0.135326,6.42938e-53
6490,Solyc12g094600.2,wgd,TE-like,Solyc04g082430.3,0.186256,0.611932,0.304374,1.01526e-16
6491,Solyc12g094610.2,wgd,TE-like,Solyc04g082440.3,0.181574,1.70238,0.106659,6.33183e-69
6492,Solyc12g094620.2,wgd,gbM,Solyc04g082460.3,0.123026,1.26801,0.0970231,1.40742e-68
6493,Solyc12g094640.2,wgd,TE-like,Solyc04g082630.3,0.0369922,0.56013,0.0660422,1.20992e-54
6494,Solyc12g094690.1,wgd,Unmethylated,Solyc04g082690.1,0.208293,2.16468,0.0962234,6.76095e-18
6495,Solyc12g094700.2,wgd,TE-like,Solyc04g082710.3,0.117775,1.37639,0.0855677,2.30077e-34
6496,Solyc12g094730.2,wgd,TE-like,Solyc04g082825.1,0.216693,0.885543,0.244701,6.54547e-10
6497,Solyc12g095750.2,wgd,TE-like,Solyc04g082830.3,0.155218,0.781737,0.198556,1.92158e-26
6498,Solyc12g095760.2,wgd,TE-like,Solyc04g082880.3,0.0432128,0.835077,0.051747,3.23224e-76
6499,Solyc12g095830.2,wgd,TE-like,Solyc08g066410.2,0.1549,1.97537,0.078416,1.95522e-37
6500,Solyc12g095860.2,wgd,TE-like,Solyc08g066330.2,0.0229859,0.662948,0.0346723,8.03432e-44
6501,Solyc12g095880.2,wgd,TE-like,Solyc08g066100.3,0.0778137,0.832,0.0935261,5.91201e-52
6502,Solyc12g095900.2,wgd,TE-like,Solyc08g065870.3,0.38853,1.01807,0.381632,2.16589e-16
6503,Solyc12g095910.2,wgd,gbM,Solyc08g065690.1,0.284839,1.59366,0.178733,2.21199e-39
6504,Solyc12g095930.2,wgd,TE-like,Solyc08g065490.3,0.0636793,0.78688,0.0809263,3.41926e-61
6505,Solyc12g095970.2,wgd,TE-like,Solyc08g065410.2,0.0417143,3.54288,0.0117741,1.36633e-35
6506,Solyc12g095980.2,wgd,Unmethylated,Solyc08g065140.1,0.15329,1.03304,0.148387,2.84467e-27
6507,Solyc12g096060.2,wgd,TE-like,Solyc08g075960.3,0.0100759,0.787643,0.0127925,1.84792e-41
6508,Solyc12g096070.2,wgd,TE-like,Solyc08g075950.2,0.129149,0.556182,0.232206,8.30927e-19
6509,Solyc12g096110.2,wgd,TE-like,Solyc08g075920.3,0.17679,1.62947,0.108495,3.57356e-26
6510,Solyc12g096120.2,wgd,Unclassified,Solyc08g075780.3,0.0344371,0.613783,0.0561062,2.68408e-13
6511,Solyc12g096150.2,wgd,gbM,Solyc08g075700.3,0.0328352,0.826824,0.0397124,1.14264e-29
6512,Solyc12g096160.2,wgd,TE-like,Solyc08g075450.3,0.158867,0.517647,0.306902,1.26929e-13
6513,Solyc12g096180.1,wgd,TE-like,Solyc08g075230.1,0.196388,1.85523,0.105856,2.19405e-17
6514,Solyc12g096200.2,wgd,TE-like,Solyc08g005870.2,0.154935,3.18639,0.0486241,2.14453e-32
6515,Solyc12g096220.2,wgd,TE-like,Solyc08g075090.3,0.0457608,0.689954,0.0663245,1.95286e-33
6516,Solyc12g096250.2,wgd,TE-like,Solyc08g005890.3,0.237832,1.41548,0.168023,2.09297e-41
6517,Solyc12g096260.2,wgd,Unclassified,Solyc08g005910.3,0.112372,1.28203,0.087651,7.15672e-18
6518,Solyc12g096300.2,wgd,gbM,Solyc08g006040.3,0.0204781,1.48281,0.0138103,8.66343e-55
6519,Solyc12g096310.2,wgd,Unclassified,Solyc08g006100.3,0.127251,1.60763,0.0791543,3.58665e-29
6520,Solyc12g096320.2,wgd,TE-like,Solyc08g006150.3,0.107995,0.707807,0.152577,1.11661e-19
6521,Solyc12g096350.2,wgd,Unmethylated,Solyc08g006320.3,0.261288,2.597,0.100612,5.93997e-30
6522,Solyc12g096400.2,wgd,TE-like,Solyc08g006440.3,0.783576,1.60765,0.487404,0.000269058
6523,Solyc12g096420.2,wgd,TE-like,Solyc08g006460.3,0.235624,0.786993,0.299397,1.55387e-20
6524,Solyc12g096450.2,wgd,gbM,Solyc08g006470.3,0.199445,2.63674,0.0756409,1.37289e-29
6525,Solyc12g096480.1,wgd,Unmethylated,Solyc08g006520.1,0.293868,0.753383,0.390065,4.99566e-05
6526,Solyc12g096500.2,wgd,Unmethylated,Solyc08g006530.3,0.18898,1.42064,0.133025,1.49651e-33
6527,Solyc12g096580.2,wgd,TE-like,Solyc12g017900.2,0.133349,1.15039,0.115916,6.32823e-10
6528,Solyc12g096590.2,wgd,gbM,Solyc08g015660.3,0.160949,1.33709,0.120373,3.56457e-22
6529,Solyc12g096600.2,wgd,Unclassified,Solyc12g017923.1,0.20762,1.41555,0.146671,2.88402e-16
6530,Solyc12g096630.2,wgd,TE-like,Solyc12g018990.2,0.132997,0.861416,0.154393,9.80217e-15
6531,Solyc12g096640.2,wgd,TE-like,Solyc12g019000.2,0.256561,1.22399,0.20961,2.10013e-29
6532,Solyc12g096660.2,wgd,TE-like,Solyc12g019080.2,0.201937,0.855118,0.236151,3.2932e-48
6533,Solyc12g096670.2,wgd,TE-like,Solyc08g014570.3,0.0928833,0.763306,0.121686,2.34982e-49
6534,Solyc12g096700.2,wgd,Unclassified,Solyc08g014550.3,0.0142199,0.76582,0.0185681,1.31715e-39
6535,Solyc12g096730.3,wgd,TE-like,Solyc12g019180.2,0.241273,4.10975,0.0587074,2.79029e-73
6536,Solyc12g096740.1,wgd,TE-like,Solyc12g019220.1,0.23847,4.16112,0.057309,4.10629e-60
6537,Solyc12g096860.2,wgd,TE-like,Solyc12g019490.2,0.240984,1.53468,0.157026,6.85336e-43
6538,Solyc12g096930.2,wgd,TE-like,Solyc09g090590.3,0.158781,1.1119,0.142802,9.74455e-24
6539,Solyc12g096940.2,wgd,gbM,Solyc09g090650.3,0.240973,3.97184,0.0606703,1.9537e-53
6540,Solyc12g096950.2,wgd,TE-like,Solyc09g090670.3,0.166563,1.51787,0.109734,1.0422e-24
6541,Solyc12g096980.2,wgd,TE-like,Solyc09g090910.2,0.149077,0.712517,0.209225,6.29202e-09
6542,Solyc12g097060.1,wgd,NA,Solyc09g091060.3,0.218768,1.03478,0.211415,1.4034e-11
6543,Solyc12g097070.2,wgd,gbM,Solyc09g091120.3,0.163789,0.531319,0.308269,1.61959e-09
6544,Solyc12g097080.2,wgd,TE-like,Solyc09g091130.3,0.338517,2.15706,0.156934,7.50797e-19
6545,Solyc12g097095.1,wgd,TE-like,Solyc09g091210.3,0.109682,1.36813,0.0801691,1.46195e-29
6546,Solyc12g098090.1,wgd,TE-like,Solyc05g053550.3,0.161583,1.65382,0.0977027,4.65002e-58
6547,Solyc12g098100.2,wgd,TE-like,Solyc09g091260.3,0.148015,1.41336,0.104725,4.57167e-86
6548,Solyc12g098110.1,wgd,Unclassified,Solyc09g091360.1,0.213323,1.47065,0.145053,9.64924e-16
6549,Solyc12g098180.2,wgd,TE-like,Solyc09g091610.3,0.0863686,1.79762,0.048046,2.0737e-34
6550,Solyc12g098190.2,wgd,TE-like,Solyc05g053620.3,0.438838,3.47747,0.126195,1.14256e-20
6551,Solyc12g098210.2,wgd,TE-like,Solyc09g091660.3,0.0855392,0.834204,0.10254,9.40669e-123
6552,Solyc12g098310.2,wgd,gbM,Solyc09g091780.3,0.326744,1.39003,0.235062,1.58929e-10
6553,Solyc12g098330.2,wgd,TE-like,Solyc05g053670.3,0.00671865,1.06072,0.00633404,4.31813e-39
6554,Solyc12g098340.2,wgd,TE-like,Solyc05g053680.1,0.225583,0.954669,0.236295,1.71901e-15
6555,Solyc12g098370.2,wgd,TE-like,Solyc09g091880.3,0.225306,1.65452,0.136176,1.34006e-25
6556,Solyc12g098410.2,wgd,TE-like,Solyc09g091920.3,0.326617,3.4019,0.0960103,3.39283e-21
6557,Solyc12g098420.2,wgd,TE-like,Solyc09g092040.3,0.494673,1.51795,0.325881,4.8643e-12
6558,Solyc12g098450.2,wgd,TE-like,Solyc09g092220.3,0.150428,0.809743,0.185772,3.43857e-24
6559,Solyc12g098470.2,wgd,TE-like,Solyc05g053770.3,0.455566,0.9885,0.460866,5.37086e-08
6560,Solyc12g098490.2,wgd,Unclassified,Solyc05g053810.3,0.0335937,1.17682,0.0285462,2.21384e-92
6561,Solyc12g098500.2,wgd,TE-like,Solyc09g092380.3,0.0262218,1.28432,0.0204169,8.76055e-93
6562,Solyc12g098540.2,wgd,TE-like,Solyc09g092400.2,0.2531,3.1136,0.0812885,1.28963e-51
6563,Solyc12g098570.2,wgd,TE-like,Solyc09g092460.3,0.116601,2.24505,0.0519372,5.18027e-110
6564,Solyc12g098580.1,wgd,TE-like,Solyc05g053820.3,0.244534,1.02032,0.239663,1.08891e-24
6565,Solyc12g098590.2,wgd,TE-like,Solyc09g092480.1,0.398095,4.11984,0.0966288,7.14619e-61
6566,Solyc12g098610.2,wgd,TE-like,Solyc09g092520.3,0.0780287,1.5249,0.0511698,1.59345e-35
6567,Solyc12g098670.2,wgd,TE-like,Solyc09g098190.3,0.218399,0.687534,0.317656,6.61349e-07
6568,Solyc12g098675.1,wgd,TE-like,Solyc09g098280.3,0.0283993,0.623018,0.0455835,1.28932e-45
6569,Solyc12g098690.2,wgd,TE-like,Solyc09g098330.3,0.117337,0.776685,0.151073,3.07702e-36
6570,Solyc12g098720.2,wgd,Unclassified,Solyc09g098445.1,0.0499771,0.786764,0.0635223,7.46825e-11
6571,Solyc12g098730.2,wgd,TE-like,Solyc09g098460.1,0.137052,1.64464,0.0833326,1.51421e-43
6572,Solyc12g098740.2,wgd,TE-like,Solyc09g098490.3,0.243087,1.14669,0.21199,5.31922e-36
6573,Solyc12g098810.2,wgd,TE-like,Solyc09g098540.3,0.127453,1.5606,0.0816696,1.84087e-37
6574,Solyc12g098880.2,wgd,Unclassified,Solyc05g053180.3,0.169763,0.675663,0.251253,0.0013473
6575,Solyc12g098910.2,wgd,TE-like,Solyc05g053210.3,0.122705,1.72502,0.0711326,1.0334e-59
6576,Solyc12g098920.2,wgd,TE-like,Solyc09g098590.3,0.911529,4.41706,0.206366,1.99138e-30
6577,Solyc12g098980.2,wgd,gbM,Solyc05g053230.3,0.0299023,0.67551,0.0442662,1.88323e-47
6578,Solyc12g099100.2,wgd,gbM,Solyc05g053300.3,0.0401979,1.18944,0.0337955,2.9663e-80
6579,Solyc12g099120.2,wgd,TE-like,Solyc05g053330.3,0.271477,3.63092,0.074768,6.86103e-40
6580,Solyc12g099220.1,wgd,TE-like,Solyc05g053420.1,0.358602,1.56136,0.229673,2.13182e-32
6581,Solyc12g099250.2,wgd,gbM,Solyc01g059860.3,0.120813,0.841182,0.143623,1.01416e-61
6582,Solyc12g099260.2,wgd,TE-like,Solyc01g059880.3,0.0180027,0.799692,0.022512,1.91091e-108
6583,Solyc12g099320.2,wgd,TE-like,Solyc01g060080.3,0.136508,0.673593,0.202656,1.66124e-48
6584,Solyc12g099340.2,wgd,gbM,Solyc01g060140.3,0.172968,0.723979,0.238913,4.72502e-33
6585,Solyc12g099345.1,wgd,TE-like,Solyc01g060170.3,0.108651,0.534405,0.203312,1.19852e-08
6586,Solyc12g099360.2,wgd,TE-like,Solyc01g060180.3,0.0735578,1.3446,0.054706,1.13322e-91
6587,Solyc12g099370.2,wgd,Unclassified,Solyc05g054400.3,0.263319,2.10399,0.125152,1.00125e-14
6588,Solyc12g099380.2,wgd,TE-like,Solyc05g054390.3,0.325786,1.19333,0.273007,6.79968e-18
6589,Solyc12g099410.2,wgd,TE-like,Solyc05g054360.3,0.339386,1.86956,0.181533,3.22781e-48
6590,Solyc12g099430.2,wgd,TE-like,Solyc05g054320.3,0.252471,3.90283,0.0646893,1.19579e-54
6591,Solyc12g099440.2,wgd,TE-like,Solyc01g066620.3,0.149,1.16507,0.12789,1.07147e-57
6592,Solyc12g099450.2,wgd,Unclassified,Solyc01g066640.2,0.218895,1.57384,0.139084,3.09235e-23
6593,Solyc12g099470.2,wgd,gbM,Solyc05g054310.3,0.0199882,0.613633,0.0325736,5.26206e-66
6594,Solyc12g099480.2,wgd,TE-like,Solyc01g066700.3,0.0280258,1.85235,0.0151299,1.36846e-47
6595,Solyc12g099510.2,wgd,TE-like,Solyc05g054295.1,0.36607,2.98265,0.122733,1.67963e-13
6596,Solyc12g099520.2,wgd,TE-like,Solyc05g054270.2,0.199628,1.42671,0.139922,2.5583e-10
6597,Solyc12g099540.2,wgd,gbM,Solyc05g054260.3,0.0926005,0.707652,0.130856,6.07084e-63
6598,Solyc12g099560.2,wgd,TE-like,Solyc05g054240.3,0.113284,0.486667,0.232776,4.02851e-24
6599,Solyc12g099580.2,wgd,TE-like,Solyc01g066850.3,0.124429,1.36606,0.0910861,6.5048e-36
6600,Solyc12g099590.1,wgd,TE-like,Solyc01g066860.3,0.194965,0.78701,0.247728,2.99331e-06
6601,Solyc12g099600.2,wgd,TE-like,Solyc01g066870.3,0.115574,0.936779,0.123374,1.23949e-44
6602,Solyc12g099610.1,wgd,gbM,Solyc01g066950.1,0.122415,3.06791,0.0399018,1.02741e-24
6603,Solyc12g099630.2,wgd,TE-like,Solyc01g067070.3,0.13252,0.906769,0.146145,1.12931e-19
6604,Solyc12g099710.2,wgd,Unmethylated,Solyc11g065135.1,0.335223,2.0122,0.166595,1.71314e-08
6605,Solyc12g099740.2,wgd,TE-like,Solyc11g065120.2,0.0445199,0.920454,0.0483674,1.32146e-97
6606,Solyc12g099760.2,wgd,TE-like,Solyc11g065110.2,0.275553,0.599234,0.459841,1.53789e-08
6607,Solyc12g099770.2,wgd,Unclassified,Solyc11g065100.2,0.0731085,0.673765,0.108507,1.5868e-11
6608,Solyc12g099780.2,wgd,TE-like,Solyc11g064930.2,0.651883,3.83435,0.170011,1.2885e-26
6609,Solyc12g099790.2,wgd,gbM,Solyc11g064900.2,0.102265,3.57155,0.0286331,5.3286e-72
6610,Solyc12g099830.2,wgd,TE-like,Solyc11g064890.2,0.0655808,1.12313,0.0583909,1.1181e-55
6611,Solyc12g099980.2,wgd,TE-like,Solyc12g049200.1,0.268502,1.08719,0.246968,1.30046e-25
6612,Solyc12g100080.1,wgd,TE-like,Solyc12g049150.1,0.15179,0.257716,0.588984,0.00413203
6613,Solyc12g100090.1,wgd,TE-like,Solyc12g049040.1,0.137856,0.206341,0.668098,0.0388888
6614,Solyc12g100220.2,wgd,TE-like,Solyc12g045030.2,0.166139,0.600299,0.276761,1.57288e-11
6615,Solyc12g100240.1,wgd,NA,Solyc12g044950.2,0.0814316,0.764345,0.106538,2.50402e-05
6616,Solyc12g100280.2,wgd,gbM,Solyc12g044940.2,0.171362,0.943766,0.181573,3.6065e-16
6617,Solyc00g005440.2,proximal,TE-like,Solyc00g005460.2,0.193664,0.291965,0.663313,0.398726
6618,Solyc00g005460.2,proximal,TE-like,Solyc00g005440.2,0.193664,0.291965,0.663313,0.398726
6619,Solyc00g007330.2,proximal,TE-like,Solyc00g007450.1,0.0845805,0.077448,1.09209,0.833051
6620,Solyc00g007920.1,proximal,TE-like,Solyc00g008000.1,0.373367,0.699311,0.533907,0.0147969
6621,Solyc00g007950.1,proximal,TE-like,Solyc00g007980.1,0.0501916,0.0260443,1.92716,0.355338
6622,Solyc00g007960.1,proximal,TE-like,Solyc00g007980.1,0.420464,0.702491,0.598533,0.113426
6623,Solyc00g007970.1,proximal,TE-like,Solyc00g008020.1,0.128596,0.11,1.16906,0.703782
6624,Solyc00g007980.1,proximal,Unclassified,Solyc00g007950.1,0.0501916,0.0260443,1.92716,0.355338
6625,Solyc00g008020.1,proximal,TE-like,Solyc00g007970.1,0.128596,0.11,1.16906,0.703782
6626,Solyc00g008040.1,proximal,TE-like,Solyc00g008000.1,0.34261,0.619527,0.553019,0.253757
6627,Solyc00g008050.1,proximal,TE-like,Solyc00g008090.2,0.308256,0.317774,0.970047,0.897817
6628,Solyc00g008055.1,proximal,TE-like,Solyc00g008120.1,0.386442,0.447055,0.864417,0.693365
6629,Solyc00g008060.1,proximal,TE-like,Solyc00g008090.2,0.0911988,0.188883,0.482833,0.0464342
6630,Solyc00g008120.1,proximal,TE-like,Solyc00g008055.1,0.386442,0.447055,0.864417,0.693365
6631,Solyc00g008130.1,proximal,TE-like,Solyc00g008090.2,0.177023,0.21739,0.814311,0.560219
6632,Solyc00g008160.1,proximal,TE-like,Solyc00g008090.2,0.262294,0.254274,1.03154,0.789297
6633,Solyc00g009142.1,proximal,TE-like,Solyc00g009148.1,0.249229,0.237061,1.05133,0.819385
6634,Solyc00g009146.1,proximal,TE-like,Solyc00g009148.1,0.403442,0.409516,0.985167,0.752796
6635,Solyc00g010420.1,proximal,TE-like,Solyc00g009148.1,0.170741,0.321368,0.531294,0.122026
6636,Solyc00g010520.1,proximal,NA,Solyc00g010930.1,0.186166,0.375227,0.496141,0.0814674
6637,Solyc00g010530.1,proximal,NA,Solyc00g011150.1,0.0691247,0.0416062,1.66141,0.696123
6638,Solyc00g010930.1,proximal,TE-like,Solyc00g010520.1,0.186166,0.375227,0.496141,0.0814674
6639,Solyc00g011150.1,proximal,NA,Solyc00g010530.1,0.0691247,0.0416062,1.66141,0.696123
6640,Solyc00g012708.1,proximal,TE-like,Solyc00g012704.1,0.269047,0.291263,0.923723,0.697957
6641,Solyc00g013188.1,proximal,TE-like,Solyc00g014190.1,0.135634,0.218469,0.62084,0.204285
6642,Solyc00g014190.1,proximal,TE-like,Solyc00g013188.1,0.135634,0.218469,0.62084,0.204285
6643,Solyc00g084760.1,proximal,TE-like,Solyc00g084650.2,0.19155,0.366356,0.522853,0.0170607
6644,Solyc00g090630.2,proximal,NA,Solyc00g090115.1,0.492548,1.36478,0.360899,9.27672e-07
6645,Solyc00g134620.2,proximal,Unclassified,Solyc00g135260.2,0.01409,0.00773978,1.82046,0.843999
6646,Solyc00g135260.2,proximal,Unclassified,Solyc00g134620.2,0.01409,0.00773978,1.82046,0.843999
6647,Solyc00g226760.1,proximal,Unclassified,Solyc00g227960.1,0.0117548,0.00870704,1.35003,0.946229
6648,Solyc00g227960.1,proximal,Unclassified,Solyc00g226760.1,0.0117548,0.00870704,1.35003,0.946229
6649,Solyc00g269810.2,proximal,TE-like,Solyc00g275310.2,0.0898263,0.0995987,0.901882,0.686381
6650,Solyc00g275310.2,proximal,TE-like,Solyc00g269810.2,0.0898263,0.0995987,0.901882,0.686381
6651,Solyc01g005295.1,proximal,NA,Solyc01g005280.3,0.0697131,0.410077,0.17,0.000471142
6652,Solyc01g005710.2,proximal,Unclassified,Solyc01g005760.3,0.120567,0.235882,0.511134,0.0463676
6653,Solyc01g005730.3,proximal,NA,Solyc01g005720.3,0.113709,0.255872,0.444397,4.13541e-08
6654,Solyc01g005775.1,proximal,TE-like,Solyc01g005730.3,0.160264,0.475233,0.337232,5.03003e-13
6655,Solyc01g005920.2,proximal,TE-like,Solyc01g005900.2,0.587196,4.30018,0.136551,3.61842e-14
6656,Solyc01g006050.2,proximal,Unclassified,Solyc01g006070.2,0.2164,0.926473,0.233574,5.0602e-15
6657,Solyc01g006070.2,proximal,NA,Solyc01g006050.2,0.2164,0.926473,0.233574,5.0602e-15
6658,Solyc01g006090.3,proximal,TE-like,Solyc01g006170.3,0.0227901,0.149279,0.152668,3.99551e-10
6659,Solyc01g006170.3,proximal,TE-like,Solyc01g006090.3,0.0227901,0.149279,0.152668,3.99551e-10
6660,Solyc01g006350.3,proximal,TE-like,Solyc01g006370.3,0.311525,4.67798,0.0665939,6.49288e-147
6661,Solyc01g006540.3,proximal,TE-like,Solyc01g006565.1,0.145656,0.225403,0.646203,0.163297
6662,Solyc01g006560.3,proximal,TE-like,Solyc01g006570.1,0.162191,0.212242,0.764179,0.623665
6663,Solyc01g006565.1,proximal,Unclassified,Solyc01g006540.3,0.145656,0.225403,0.646203,0.163297
6664,Solyc01g006570.1,proximal,TE-like,Solyc01g006560.3,0.162191,0.212242,0.764179,0.623665
6665,Solyc01g006580.3,proximal,TE-like,Solyc01g006610.2,0.0449181,0.164832,0.272508,7.82034e-05
6666,Solyc01g006590.2,proximal,TE-like,Solyc01g006530.1,0.415219,4.30959,0.0963478,1.51418e-96
6667,Solyc01g006600.2,proximal,TE-like,Solyc01g006640.1,0.279945,2.76035,0.101417,9.32911e-174
6668,Solyc01g006610.2,proximal,TE-like,Solyc01g006580.3,0.0449181,0.164832,0.272508,7.82034e-05
6669,Solyc01g006640.1,proximal,TE-like,Solyc01g006600.2,0.279945,2.76035,0.101417,9.32911e-174
6670,Solyc01g006735.1,proximal,Unclassified,Solyc01g006755.1,0.500436,2.86906,0.174425,8.52078e-07
6671,Solyc01g006755.1,proximal,gbM,Solyc01g006735.1,0.500436,2.86906,0.174425,8.52078e-07
6672,Solyc01g007025.1,proximal,NA,Solyc01g007040.3,0.0618426,0.329701,0.187572,3.86062e-07
6673,Solyc01g007030.3,proximal,TE-like,Solyc01g007020.3,0.030014,0.121754,0.246513,0.000125064
6674,Solyc01g007040.3,proximal,TE-like,Solyc01g007025.1,0.0618426,0.329701,0.187572,3.86062e-07
6675,Solyc01g007050.2,proximal,TE-like,Solyc01g007000.3,0.606668,4.20619,0.144232,2.6243e-24
6676,Solyc01g008470.3,proximal,TE-like,Solyc01g008485.1,0.229008,0.528664,0.433183,0.00686004
6677,Solyc01g008471.1,proximal,TE-like,Solyc01g008478.1,0.0567749,0.0604899,0.938585,0.999977
6678,Solyc01g008472.1,proximal,NA,Solyc01g008478.1,0.166242,0.290007,0.573236,0.0788806
6679,Solyc01g008474.1,proximal,NA,Solyc01g008478.1,0.072402,0.0905066,0.799963,0.462389
6680,Solyc01g008478.1,proximal,Unclassified,Solyc01g008471.1,0.0567749,0.0604899,0.938585,0.999977
6681,Solyc01g008480.3,proximal,TE-like,Solyc01g008470.3,0.278328,1.34696,0.206634,7.2217e-09
6682,Solyc01g008485.1,proximal,gbM,Solyc01g008470.3,0.229008,0.528664,0.433183,0.00686004
6683,Solyc01g008500.3,proximal,TE-like,Solyc01g008570.1,0.178502,0.255662,0.698194,0.0948255
6684,Solyc01g008570.1,proximal,TE-like,Solyc01g008500.3,0.178502,0.255662,0.698194,0.0948255
6685,Solyc01g008670.3,proximal,TE-like,Solyc01g008650.3,0.151066,0.768458,0.196584,1.53189e-28
6686,Solyc01g009480.3,proximal,TE-like,Solyc01g009500.3,0.263901,2.20728,0.119559,1.57521e-38
6687,Solyc01g009500.3,proximal,TE-like,Solyc01g009480.3,0.263901,2.20728,0.119559,1.57521e-38
6688,Solyc01g009580.2,proximal,TE-like,Solyc01g009560.1,0.0330759,0.217065,0.152378,1.72968e-07
6689,Solyc01g009680.3,proximal,TE-like,Solyc01g009700.2,0.0642856,0.154239,0.416793,9.99614e-05
6690,Solyc01g009695.1,proximal,TE-like,Solyc01g009680.3,0.174771,1.07444,0.162663,0.000252071
6691,Solyc01g009700.2,proximal,TE-like,Solyc01g009680.3,0.0642856,0.154239,0.416793,9.99614e-05
6692,Solyc01g010220.3,proximal,Unmethylated,Solyc01g010200.3,0.527695,1.31595,0.400998,0.00123868
6693,Solyc01g010397.1,proximal,Unmethylated,Solyc01g010390.3,0.151214,0.280494,0.539099,0.104564
6694,Solyc01g010497.1,proximal,TE-like,Solyc01g010504.1,0.488412,0.540743,0.903223,0.903078
6695,Solyc01g010504.1,proximal,TE-like,Solyc01g010497.1,0.488412,0.540743,0.903223,0.903078
6696,Solyc01g010580.3,proximal,gbM,Solyc01g010540.3,NA,0.0425806,-2.60734e-14,NA
6697,Solyc01g010790.1,proximal,TE-like,Solyc01g010797.1,0.543021,1.75044,0.31022,2.87631e-05
6698,Solyc01g010797.1,proximal,TE-like,Solyc01g010790.1,0.543021,1.75044,0.31022,2.87631e-05
6699,Solyc01g011096.1,proximal,TE-like,Solyc01g011200.3,0.190365,0.302673,0.628948,0.276486
6700,Solyc01g011097.1,proximal,Unclassified,Solyc01g011195.1,0.473522,3.0973,0.152882,7.27693e-05
6701,Solyc01g011195.1,proximal,Unclassified,Solyc01g011097.1,0.473522,3.0973,0.152882,7.27693e-05
6702,Solyc01g011200.3,proximal,TE-like,Solyc01g011096.1,0.190365,0.302673,0.628948,0.276486
6703,Solyc01g011220.2,proximal,TE-like,Solyc01g011270.2,0.14564,0.268483,0.542456,0.272224
6704,Solyc01g011225.1,proximal,TE-like,Solyc01g011310.1,0.120746,0.0589679,2.04766,0.223668
6705,Solyc01g011230.3,proximal,TE-like,Solyc01g011333.1,0.339042,0.46225,0.73346,0.358695
6706,Solyc01g011330.2,proximal,TE-like,Solyc01g011300.1,0.119726,0.534487,0.224002,1.4408e-06
6707,Solyc01g011333.1,proximal,TE-like,Solyc01g011230.3,0.339042,0.46225,0.73346,0.358695
6708,Solyc01g011430.3,proximal,TE-like,Solyc01g011490.1,0.187378,0.398944,0.469686,0.00639807
6709,Solyc01g011490.1,proximal,TE-like,Solyc01g011430.3,0.187378,0.398944,0.469686,0.00639807
6710,Solyc01g012550.1,proximal,TE-like,Solyc01g012610.1,0.146871,0.138981,1.05676,0.998538
6711,Solyc01g012570.1,proximal,TE-like,Solyc01g012600.1,0.11341,0.140538,0.806973,0.699998
6712,Solyc01g012580.1,proximal,TE-like,Solyc01g012650.1,0.0501603,0.111935,0.448122,0.0842358
6713,Solyc01g012600.1,proximal,TE-like,Solyc01g012570.1,0.11341,0.140538,0.806973,0.699998
6714,Solyc01g012610.1,proximal,TE-like,Solyc01g012550.1,0.146871,0.138981,1.05676,0.998538
6715,Solyc01g012630.1,proximal,TE-like,Solyc01g012570.1,0.225512,0.421847,0.534583,0.0410537
6716,Solyc01g012640.2,proximal,TE-like,Solyc01g012740.1,0.086703,0.0879785,0.985501,0.997807
6717,Solyc01g012650.1,proximal,TE-like,Solyc01g012580.1,0.0501603,0.111935,0.448122,0.0842358
6718,Solyc01g012680.1,proximal,TE-like,Solyc01g012610.1,0.0736997,0.028601,2.57682,0.624469
6719,Solyc01g012700.3,proximal,TE-like,Solyc01g012760.1,0.0394132,0.0816035,0.482984,0.0435289
6720,Solyc01g012760.1,proximal,TE-like,Solyc01g012700.3,0.0394132,0.0816035,0.482984,0.0435289
6721,Solyc01g013770.1,proximal,TE-like,Solyc01g013830.1,0.206881,0.422552,0.489599,0.0837686
6722,Solyc01g013780.1,proximal,TE-like,Solyc01g012740.1,0.0878431,0.0572026,1.53565,0.391366
6723,Solyc01g013790.1,proximal,TE-like,Solyc01g013810.1,0.074842,0.11497,0.650972,0.306525
6724,Solyc01g013800.1,proximal,TE-like,Solyc01g013830.1,0.137019,0.341488,0.401241,0.00456661
6725,Solyc01g013810.1,proximal,TE-like,Solyc01g013860.1,0.0878627,0.0928818,0.945963,0.729094
6726,Solyc01g013830.1,proximal,TE-like,Solyc01g013770.1,0.206881,0.422552,0.489599,0.0837686
6727,Solyc01g013840.1,proximal,TE-like,Solyc01g013780.1,0.067558,0.0865906,0.780201,0.737651
6728,Solyc01g013860.1,proximal,TE-like,Solyc01g013930.1,0.13572,0.203862,0.665744,0.454375
6729,Solyc01g013930.1,proximal,TE-like,Solyc01g013860.1,0.13572,0.203862,0.665744,0.454375
6730,Solyc01g014400.1,proximal,TE-like,Solyc01g014440.1,0.110595,0.271975,0.406636,0.00234663
6731,Solyc01g014420.1,proximal,TE-like,Solyc01g014440.1,0.138281,0.335186,0.412551,0.00296536
6732,Solyc01g014430.1,proximal,TE-like,Solyc01g014450.1,0.15933,0.162165,0.982513,0.999545
6733,Solyc01g014440.1,proximal,TE-like,Solyc01g014420.1,0.138281,0.335186,0.412551,0.00296536
6734,Solyc01g014450.1,proximal,TE-like,Solyc01g014430.1,0.15933,0.162165,0.982513,0.999545
6735,Solyc01g014460.1,proximal,TE-like,Solyc01g014440.1,0.337478,1.06037,0.318264,6.23091e-05
6736,Solyc01g014510.1,proximal,TE-like,NA,NA,NA,NA,NA
6737,Solyc01g014535.1,proximal,TE-like,Solyc01g014537.1,0.215127,0.235091,0.91508,0.840158
6738,Solyc01g014561.1,proximal,TE-like,Solyc01g014568.1,0.401727,0.590574,0.68023,0.634316
6739,Solyc01g014562.1,proximal,TE-like,Solyc01g014566.1,0.131778,0.164685,0.800179,0.671245
6740,Solyc01g014566.1,proximal,TE-like,Solyc01g014623.1,0.163916,0.194045,0.844733,0.666593
6741,Solyc01g014568.1,proximal,TE-like,Solyc01g014561.1,0.401727,0.590574,0.68023,0.634316
6742,Solyc01g014623.1,proximal,TE-like,Solyc01g014566.1,0.163916,0.194045,0.844733,0.666593
6743,Solyc01g014660.1,proximal,TE-like,Solyc01g014700.2,0.178783,0.402084,0.44464,0.00583347
6744,Solyc01g014700.2,proximal,TE-like,Solyc01g014660.1,0.178783,0.402084,0.44464,0.00583347
6745,Solyc01g014705.1,proximal,TE-like,Solyc01g014720.2,0.125745,0.342106,0.367563,0.00930404
6746,Solyc01g014720.2,proximal,TE-like,Solyc01g014705.1,0.125745,0.342106,0.367563,0.00930404
6747,Solyc01g014910.2,proximal,TE-like,Solyc01g014960.1,0.165672,0.421751,0.392819,2.62794e-05
6748,Solyc01g014960.1,proximal,TE-like,Solyc01g014910.2,0.165672,0.421751,0.392819,2.62794e-05
6749,Solyc01g016410.3,proximal,Unmethylated,Solyc01g016450.1,0.100596,0.196774,0.511228,0.199182
6750,Solyc01g016450.1,proximal,TE-like,Solyc01g016410.3,0.100596,0.196774,0.511228,0.199182
6751,Solyc01g016633.1,proximal,TE-like,Solyc01g016640.2,0.0587383,0.0329507,1.78261,0.541477
6752,Solyc01g016637.1,proximal,TE-like,Solyc01g016645.1,0.128343,0.26274,0.488479,0.142756
6753,Solyc01g016640.2,proximal,TE-like,Solyc01g016633.1,0.0587383,0.0329507,1.78261,0.541477
6754,Solyc01g016645.1,proximal,TE-like,Solyc01g016680.2,0.181533,0.632994,0.286785,0.0172148
6755,Solyc01g016680.2,proximal,TE-like,Solyc01g016645.1,0.181533,0.632994,0.286785,0.0172148
6756,Solyc01g016880.1,proximal,TE-like,Solyc01g016940.1,0.490475,0.801495,0.61195,0.154858
6757,Solyc01g016940.1,proximal,TE-like,Solyc01g016880.1,0.490475,0.801495,0.61195,0.154858
6758,Solyc01g016985.1,proximal,TE-like,Solyc01g017030.1,0.100897,0.291185,0.346503,0.00618657
6759,Solyc01g017030.1,proximal,TE-like,Solyc01g016985.1,0.100897,0.291185,0.346503,0.00618657
6760,Solyc01g017080.1,proximal,TE-like,Solyc01g017150.1,0.0759702,0.120281,0.631605,0.271229
6761,Solyc01g017380.1,proximal,TE-like,Solyc01g017460.2,0.109925,0.0951242,1.15559,0.787288
6762,Solyc01g017390.1,proximal,TE-like,Solyc01g017470.2,0.175965,0.0904026,1.94646,0.232041
6763,Solyc01g017470.2,proximal,TE-like,Solyc01g017390.1,0.175965,0.0904026,1.94646,0.232041
6764,Solyc01g017793.1,proximal,TE-like,Solyc01g017823.1,0.0676207,0.129946,0.520377,0.20957
6765,Solyc01g017823.1,proximal,TE-like,Solyc01g017793.1,0.0676207,0.129946,0.520377,0.20957
6766,Solyc01g020404.1,proximal,TE-like,Solyc01g020401.1,0.361772,0.880247,0.410989,0.0474313
6767,Solyc01g020406.1,proximal,TE-like,Solyc01g020401.1,0.121057,0.190373,0.635892,0.266011
6768,Solyc01g021600.3,proximal,TE-like,Solyc01g021620.2,0.196154,0.139958,1.40152,0.400995
6769,Solyc01g021620.2,proximal,TE-like,Solyc01g021600.3,0.196154,0.139958,1.40152,0.400995
6770,Solyc01g055160.1,proximal,TE-like,Solyc01g056280.3,0.734339,4.00752,0.18324,2.29574e-15
6771,Solyc01g056220.2,proximal,Unclassified,Solyc01g056250.2,0.389838,1.86606,0.20891,7.9304e-12
6772,Solyc01g056250.2,proximal,TE-like,Solyc01g056220.2,0.389838,1.86606,0.20891,7.9304e-12
6773,Solyc01g056280.3,proximal,TE-like,Solyc01g055160.1,0.734339,4.00752,0.18324,2.29574e-15
6774,Solyc01g056380.1,proximal,TE-like,Solyc01g056430.1,0.197309,0.297631,0.662933,0.238984
6775,Solyc01g056390.1,proximal,TE-like,Solyc01g056430.1,0.0602043,0.204664,0.294162,0.00718326
6776,Solyc01g056400.1,proximal,TE-like,Solyc01g056430.1,0.0951148,0.168582,0.564206,0.170189
6777,Solyc01g056410.1,proximal,TE-like,Solyc01g056440.1,0.23128,0.389601,0.593634,0.222086
6778,Solyc01g056430.1,proximal,TE-like,Solyc01g056380.1,0.197309,0.297631,0.662933,0.238984
6779,Solyc01g056440.1,proximal,TE-like,Solyc01g056410.1,0.23128,0.389601,0.593634,0.222086
6780,Solyc01g056760.3,proximal,TE-like,Solyc01g056730.2,0.0283947,0.0655649,0.433077,0.0374605
6781,Solyc01g057370.2,proximal,TE-like,Solyc01g057360.1,0.296385,0.835308,0.354821,1.87231e-05
6782,Solyc01g058250.2,proximal,TE-like,Solyc01g058323.1,0.139523,0.412584,0.338168,9.56157e-05
6783,Solyc01g058323.1,proximal,TE-like,Solyc01g058250.2,0.139523,0.412584,0.338168,9.56157e-05
6784,Solyc01g058327.1,proximal,TE-like,Solyc01g058250.2,0.133691,0.133099,1.00445,0.999923
6785,Solyc01g059740.1,proximal,TE-like,Solyc01g059780.1,0.0707044,0.105656,0.669195,0.44055
6786,Solyc01g059780.1,proximal,TE-like,Solyc01g059740.1,0.0707044,0.105656,0.669195,0.44055
6787,Solyc01g060281.1,proximal,Unclassified,Solyc01g060284.1,0.0275881,0.0427035,0.646038,0.405726
6788,Solyc01g060282.1,proximal,TE-like,Solyc01g060286.1,0.0682448,0.0688389,0.991371,0.969731
6789,Solyc01g060284.1,proximal,Unclassified,Solyc01g060281.1,0.0275881,0.0427035,0.646038,0.405726
6790,Solyc01g060286.1,proximal,TE-like,Solyc01g060282.1,0.0682448,0.0688389,0.991371,0.969731
6791,Solyc01g060314.1,proximal,TE-like,Solyc01g060286.1,0.0676127,0.081976,0.824787,0.576514
6792,Solyc01g060316.1,proximal,TE-like,Solyc01g060312.1,0.231733,0.429842,0.539113,0.0113517
6793,Solyc01g065630.1,proximal,TE-like,Solyc01g065610.1,0.250111,0.452251,0.553035,0.113844
6794,Solyc01g066140.1,proximal,TE-like,Solyc01g066100.1,0.0265068,0.054102,0.489941,0.134865
6795,Solyc01g066150.1,proximal,TE-like,Solyc01g066110.1,0.061886,0.0846487,0.731092,0.469573
6796,Solyc01g066350.1,proximal,Unclassified,Solyc01g066330.1,0.0164298,0.0272099,0.603817,0.412103
6797,Solyc01g067010.3,proximal,Unclassified,Solyc01g067030.2,0.576107,3.92664,0.146717,6.37359e-26
6798,Solyc01g067030.2,proximal,TE-like,Solyc01g067010.3,0.576107,3.92664,0.146717,6.37359e-26
6799,Solyc01g067100.3,proximal,TE-like,Solyc01g067140.2,0.121899,0.254947,0.478136,6.95498e-05
6800,Solyc01g067140.2,proximal,TE-like,Solyc01g067100.3,0.121899,0.254947,0.478136,6.95498e-05
6801,Solyc01g067170.1,proximal,Unclassified,Solyc01g067210.3,0.229643,0.310404,0.739819,0.261388
6802,Solyc01g067180.3,proximal,TE-like,Solyc01g067140.2,0.376217,0.253085,1.48652,0.152733
6803,Solyc01g067215.1,proximal,gbM,Solyc01g067210.3,0.363203,0.759729,0.478069,0.00239773
6804,Solyc01g067230.3,proximal,Unclassified,Solyc01g067275.1,0.22049,1.98124,0.111289,5.10173e-05
6805,Solyc01g067250.3,proximal,Unclassified,Solyc01g067210.3,0.12795,0.297405,0.430222,0.0864341
6806,Solyc01g067273.1,proximal,TE-like,Solyc01g067210.3,0.188347,0.260391,0.723323,0.205472
6807,Solyc01g067275.1,proximal,TE-like,Solyc01g067230.3,0.22049,1.98124,0.111289,5.10173e-05
6808,Solyc01g067300.3,proximal,TE-like,Solyc01g067330.3,0.71501,2.08923,0.342236,1.20976e-07
6809,Solyc01g067410.2,proximal,TE-like,Solyc01g067420.3,0.0331312,0.0514744,0.643644,0.430208
6810,Solyc01g067420.3,proximal,TE-like,Solyc01g067410.2,0.0331312,0.0514744,0.643644,0.430208
6811,Solyc01g067980.1,proximal,TE-like,Solyc01g068000.3,0.174192,0.496539,0.350812,5.48238e-05
6812,Solyc01g068000.3,proximal,gbM,Solyc01g067980.1,0.174192,0.496539,0.350812,5.48238e-05
6813,Solyc01g068630.3,proximal,TE-like,Solyc01g068590.3,0.0294856,0.177383,0.166226,3.93206e-08
6814,Solyc01g073880.2,proximal,Unmethylated,Solyc01g073860.3,0.535082,3.42309,0.156316,1.17053e-16
6815,Solyc01g073890.3,proximal,Unclassified,Solyc01g073820.3,0.671489,3.61999,0.185495,1.03622e-39
6816,Solyc01g073970.3,proximal,TE-like,Solyc01g074000.3,NA,0.347816,0,NA
6817,Solyc01g074050.2,proximal,Unmethylated,Solyc01g074030.3,0.345331,2.85269,0.121055,3.41365e-11
6818,Solyc01g074060.1,proximal,Unclassified,Solyc01g074040.1,0.175079,1.64977,0.106124,5.01421e-21
6819,Solyc01g079380.1,proximal,Unclassified,Solyc01g079370.3,0.431292,2.67812,0.161043,4.4113e-40
6820,Solyc01g079900.1,proximal,Unmethylated,Solyc01g079920.3,0.171749,0.809215,0.212242,3.54403e-11
6821,Solyc01g080970.3,proximal,Unclassified,Solyc01g080990.3,0.0817815,0.171369,0.477225,0.00144654
6822,Solyc01g080990.3,proximal,Unclassified,Solyc01g080970.3,0.0817815,0.171369,0.477225,0.00144654
6823,Solyc01g081310.3,proximal,TE-like,Solyc01g081270.2,0.410687,2.58718,0.158739,7.05046e-20
6824,Solyc01g081580.2,proximal,Unclassified,Solyc01g081600.3,0.814047,3.26469,0.249349,1.33005e-07
6825,Solyc01g081600.3,proximal,NA,Solyc01g081580.2,0.814047,3.26469,0.249349,1.33005e-07
6826,Solyc01g086720.3,proximal,gbM,Solyc01g086700.3,0.277068,4.64703,0.0596225,5.84445e-125
6827,Solyc01g086760.3,proximal,TE-like,Solyc01g086800.3,0.061645,0.434023,0.142032,1.23555e-08
6828,Solyc01g086800.3,proximal,TE-like,Solyc01g086760.3,0.061645,0.434023,0.142032,1.23555e-08
6829,Solyc01g086995.1,proximal,TE-like,Solyc01g087010.3,0.137525,0.207636,0.662338,0.101694
6830,Solyc01g087010.3,proximal,TE-like,Solyc01g086995.1,0.137525,0.207636,0.662338,0.101694
6831,Solyc01g087320.3,proximal,TE-like,Solyc01g087340.3,0.148603,0.433657,0.342674,0.0663958
6832,Solyc01g087330.3,proximal,TE-like,Solyc01g087360.2,0.25021,0.427817,0.584854,0.25378
6833,Solyc01g087332.1,proximal,TE-like,Solyc01g087385.1,0.152063,0.277936,0.547116,0.132073
6834,Solyc01g087336.1,proximal,TE-like,Solyc01g087300.3,0.406222,1.28041,0.317259,0.000514996
6835,Solyc01g087340.3,proximal,TE-like,Solyc01g087415.1,0.182054,0.118063,1.54201,0.568358
6836,Solyc01g087360.2,proximal,Unclassified,Solyc01g087330.3,0.25021,0.427817,0.584854,0.25378
6837,Solyc01g087380.3,proximal,Unclassified,Solyc01g087400.3,0.149127,0.258182,0.577603,0.0184494
6838,Solyc01g087385.1,proximal,TE-like,Solyc01g087410.3,0.356981,0.953035,0.374572,5.47818e-05
6839,Solyc01g087400.3,proximal,TE-like,Solyc01g087360.2,0.14951,0.160807,0.929746,0.82581
6840,Solyc01g087410.3,proximal,TE-like,Solyc01g087420.3,0.161639,0.372813,0.433566,0.000548184
6841,Solyc01g087415.1,proximal,TE-like,Solyc01g087340.3,0.182054,0.118063,1.54201,0.568358
6842,Solyc01g087680.3,proximal,Unclassified,Solyc01g087710.2,0.0877597,0.529071,0.165875,1.22631e-14
6843,Solyc01g087740.1,proximal,gbM,Solyc01g087760.2,0.207582,2.73385,0.0759301,1.61604e-18
6844,Solyc01g087775.1,proximal,gbM,Solyc01g087740.1,0.351777,2.76217,0.127355,1.68752e-17
6845,Solyc01g087780.2,proximal,gbM,Solyc01g087790.2,0.0314039,0.0699048,0.449239,0.000343481
6846,Solyc01g087785.1,proximal,Unclassified,Solyc01g087820.2,0.61329,3.24432,0.189035,1.21085e-07
6847,Solyc01g087840.3,proximal,gbM,Solyc01g087820.2,0.0677172,0.309611,0.218717,8.52714e-19
6848,Solyc01g087850.2,proximal,gbM,Solyc01g087830.1,0.12246,0.400746,0.305581,3.42887e-08
6849,Solyc01g088260.3,proximal,Unclassified,Solyc01g088280.2,0.104468,0.258285,0.404468,0.00512687
6850,Solyc01g088270.3,proximal,Unclassified,Solyc01g088300.3,0.196744,0.358398,0.548953,0.204314
6851,Solyc01g088280.2,proximal,TE-like,Solyc01g088260.3,0.104468,0.258285,0.404468,0.00512687
6852,Solyc01g088810.3,proximal,gbM,Solyc01g088830.2,0.541446,2.29788,0.235629,5.01857e-24
6853,Solyc01g088830.2,proximal,gbM,Solyc01g088810.3,0.541446,2.29788,0.235629,5.01857e-24
6854,Solyc01g089920.3,proximal,Unclassified,Solyc01g090010.2,0.20715,0.271985,0.761623,0.262914
6855,Solyc01g089940.1,proximal,TE-like,Solyc01g090030.2,0.243613,0.247487,0.984344,1
6856,Solyc01g090020.2,proximal,Unclassified,Solyc01g090110.2,0.469153,0.847448,0.553607,0.373654
6857,Solyc01g090030.2,proximal,gbM,Solyc01g089940.1,0.243613,0.247487,0.984344,1
6858,Solyc01g090050.3,proximal,Unclassified,Solyc01g090070.2,0.0112701,0.0141689,0.79541,0.431812
6859,Solyc01g090070.2,proximal,Unclassified,Solyc01g090050.3,0.0112701,0.0141689,0.79541,0.431812
6860,Solyc01g090140.2,proximal,TE-like,Solyc01g090170.3,0.234334,0.640992,0.36558,4.10273e-11
6861,Solyc01g091350.3,proximal,TE-like,Solyc01g091430.2,0.0550692,0.134633,0.409031,0.0611998
6862,Solyc01g091400.3,proximal,Unclassified,Solyc01g091420.2,0.379596,6.87703,0.0551976,5.8169e-19
6863,Solyc01g091420.2,proximal,Unclassified,Solyc01g091400.3,0.379596,6.87703,0.0551976,5.8169e-19
6864,Solyc01g091430.2,proximal,Unclassified,Solyc01g091350.3,0.0550692,0.134633,0.409031,0.0611998
6865,Solyc01g091720.3,proximal,gbM,Solyc01g091710.3,0.203981,0.487301,0.418594,4.81804e-06
6866,Solyc01g093965.1,proximal,TE-like,Solyc01g092950.3,0.270562,1.27831,0.211656,4.39762e-11
6867,Solyc01g094080.3,proximal,gbM,Solyc01g094100.2,0.117539,0.270555,0.434438,7.70656e-08
6868,Solyc01g094100.2,proximal,gbM,Solyc01g094120.3,0.103985,0.24807,0.419175,1.40318e-07
6869,Solyc01g094530.3,proximal,TE-like,Solyc01g094550.3,0.0751649,0.152868,0.491698,0.00111704
6870,Solyc01g094550.3,proximal,TE-like,Solyc01g094530.3,0.0751649,0.152868,0.491698,0.00111704
6871,Solyc01g095310.1,proximal,Unclassified,Solyc01g095260.1,0.214181,3.93453,0.0544363,7.52124e-54
6872,Solyc01g095820.2,proximal,TE-like,Solyc01g095810.3,0.446543,1.4701,0.30375,1.02064e-07
6873,Solyc01g095960.3,proximal,Unclassified,Solyc01g095930.3,0.218015,0.741375,0.294069,7.98768e-15
6874,Solyc01g096420.3,proximal,Unclassified,Solyc01g096435.1,0.125919,0.382539,0.329167,5.74452e-06
6875,Solyc01g096435.1,proximal,Unclassified,Solyc01g096420.3,0.125919,0.382539,0.329167,5.74452e-06
6876,Solyc01g096960.3,proximal,TE-like,Solyc01g096980.2,0.30363,0.549871,0.552184,0.000368306
6877,Solyc01g096980.2,proximal,Unclassified,Solyc01g096960.3,0.30363,0.549871,0.552184,0.000368306
6878,Solyc01g097080.1,proximal,Unclassified,Solyc01g097100.1,0.387957,0.387838,1.00031,0.705598
6879,Solyc01g097100.1,proximal,gbM,Solyc01g097080.1,0.387957,0.387838,1.00031,0.705598
6880,Solyc01g097220.2,proximal,Unclassified,Solyc01g097210.3,0.241794,0.373905,0.646671,0.079324
6881,Solyc01g097240.3,proximal,TE-like,Solyc01g097270.3,0.242056,1.97975,0.122266,1.36799e-19
6882,Solyc01g097510.3,proximal,TE-like,Solyc01g097540.3,0.0565099,0.251383,0.224796,1.07931e-10
6883,Solyc01g097520.3,proximal,TE-like,Solyc01g097550.3,0.0960039,0.490454,0.195745,1.02503e-16
6884,Solyc01g097540.3,proximal,gbM,Solyc01g097510.3,0.0565099,0.251383,0.224796,1.07931e-10
6885,Solyc01g097610.3,proximal,TE-like,Solyc01g097630.2,0.657242,3.84956,0.170731,4.34808e-24
6886,Solyc01g097630.2,proximal,TE-like,Solyc01g097610.3,0.657242,3.84956,0.170731,4.34808e-24
6887,Solyc01g097790.3,proximal,gbM,Solyc01g097830.2,0.692686,3.8892,0.178105,4.04395e-17
6888,Solyc01g097830.2,proximal,Unclassified,Solyc01g097790.3,0.692686,3.8892,0.178105,4.04395e-17
6889,Solyc01g097990.3,proximal,Unmethylated,Solyc01g098010.3,0.305662,2.2058,0.138572,1.8017e-10
6890,Solyc01g098070.1,proximal,TE-like,Solyc01g098060.1,0.165442,0.392256,0.421771,0.00370272
6891,Solyc01g098250.3,proximal,TE-like,Solyc01g098310.2,0.4226,1.27494,0.331467,5.35611e-13
6892,Solyc01g098270.1,proximal,Unclassified,Solyc01g098300.1,0.0394358,0.0652924,0.603988,0.179449
6893,Solyc01g098280.3,proximal,Unmethylated,Solyc01g098310.2,0.349703,1.68242,0.207858,1.03253e-13
6894,Solyc01g098560.3,proximal,TE-like,Solyc01g098500.3,0.344065,2.20069,0.156344,6.05924e-39
6895,Solyc01g098790.2,proximal,gbM,Solyc01g098810.3,0.609623,3.73592,0.163179,7.40415e-23
6896,Solyc01g098810.3,proximal,TE-like,Solyc01g098790.2,0.609623,3.73592,0.163179,7.40415e-23
6897,Solyc01g099080.3,proximal,Unclassified,Solyc01g099060.2,0.322402,1.11255,0.289786,7.17873e-10
6898,Solyc01g099167.1,proximal,Unclassified,Solyc01g099180.3,0.130302,0.643297,0.202553,1.31287e-06
6899,Solyc01g099200.3,proximal,gbM,Solyc01g099180.3,0.218287,1.53105,0.142574,6.5842e-96
6900,Solyc01g099210.3,proximal,gbM,Solyc01g099180.3,0.226356,2.26442,0.0999623,5.31928e-117
6901,Solyc01g099370.3,proximal,Unmethylated,Solyc01g099385.1,0.300376,2.04458,0.146913,1.21429e-25
6902,Solyc01g099385.1,proximal,TE-like,Solyc01g099370.3,0.300376,2.04458,0.146913,1.21429e-25
6903,Solyc01g099415.1,proximal,TE-like,Solyc01g099460.2,0.330329,1.20559,0.273998,3.83682e-08
6904,Solyc01g099480.3,proximal,TE-like,Solyc01g099500.1,0.140257,0.470307,0.298224,0.00294432
6905,Solyc01g099485.1,proximal,Unclassified,Solyc01g099460.2,0.239243,0.410233,0.583189,0.0981778
6906,Solyc01g099487.1,proximal,Unclassified,NA,NA,NA,NA,NA
6907,Solyc01g099530.3,proximal,TE-like,Solyc01g099570.3,0.267625,3.45057,0.0775596,4.39118e-31
6908,Solyc01g100630.2,proximal,TE-like,Solyc01g100650.3,0.551779,1.28841,0.428262,1.08112e-08
6909,Solyc01g100650.3,proximal,TE-like,Solyc01g100630.2,0.551779,1.28841,0.428262,1.08112e-08
6910,Solyc01g102570.3,proximal,TE-like,Solyc01g102590.3,0.107929,0.262236,0.411572,9.9109e-07
6911,Solyc01g102675.1,proximal,Unclassified,Solyc01g102700.3,0.373208,3.62326,0.103003,1.63953e-32
6912,Solyc01g102680.3,proximal,gbM,Solyc01g102700.3,0.484631,4.1825,0.115871,5.92166e-35
6913,Solyc01g102685.1,proximal,gbM,Solyc01g102700.3,0.29531,1.82691,0.161644,5.80659e-32
6914,Solyc01g102700.3,proximal,gbM,Solyc01g102675.1,0.373208,3.62326,0.103003,1.63953e-32
6915,Solyc01g102875.1,proximal,Unclassified,Solyc01g102890.3,0.119575,1.33077,0.0898537,2.13337e-31
6916,Solyc01g102880.2,proximal,TE-like,Solyc01g102920.2,0.399187,3.99632,0.0998887,1.25484e-34
6917,Solyc01g102920.2,proximal,TE-like,Solyc01g102880.2,0.399187,3.99632,0.0998887,1.25484e-34
6918,Solyc01g103335.1,proximal,Unclassified,Solyc01g103340.3,0.13865,0.274306,0.505456,0.0747578
6919,Solyc01g103590.3,proximal,Unmethylated,Solyc01g103630.3,0.128867,1.36933,0.0941094,3.24365e-11
6920,Solyc01g103630.3,proximal,Unmethylated,Solyc01g103590.3,0.128867,1.36933,0.0941094,3.24365e-11
6921,Solyc01g103803.1,proximal,TE-like,Solyc01g103830.1,0.0500435,0.0594112,0.842325,0.631274
6922,Solyc01g103807.1,proximal,Unclassified,Solyc01g103820.1,0.0890622,0.217174,0.410095,0.0302315
6923,Solyc01g103830.1,proximal,TE-like,Solyc01g103803.1,0.0500435,0.0594112,0.842325,0.631274
6924,Solyc01g103840.1,proximal,TE-like,Solyc01g103830.1,0.0709078,0.138936,0.510362,0.17207
6925,Solyc01g103860.3,proximal,NA,Solyc01g103866.1,NA,NA,NA,NA
6926,Solyc01g103862.1,proximal,TE-like,Solyc01g103868.1,0.0190286,0.0789183,0.241118,0.000266129
6927,Solyc01g103864.1,proximal,Unclassified,Solyc01g103890.3,0.372336,0.521132,0.714475,0.117171
6928,Solyc01g103866.1,proximal,Unclassified,Solyc01g103860.3,NA,NA,NA,NA
6929,Solyc01g103868.1,proximal,NA,Solyc01g103862.1,0.0190286,0.0789183,0.241118,0.000266129
6930,Solyc01g103890.3,proximal,TE-like,Solyc01g103864.1,0.372336,0.521132,0.714475,0.117171
6931,Solyc01g104180.2,proximal,gbM,Solyc01g104210.2,0.0730939,0.22244,0.3286,7.09472e-06
6932,Solyc01g104210.2,proximal,Unclassified,Solyc01g104180.2,0.0730939,0.22244,0.3286,7.09472e-06
6933,Solyc01g104413.1,proximal,TE-like,Solyc01g104432.1,0.223881,0.255197,0.87729,0.630197
6934,Solyc01g104430.2,proximal,TE-like,Solyc01g104432.1,0.233668,1.08795,0.214778,1.7012e-09
6935,Solyc01g104432.1,proximal,TE-like,Solyc01g104435.1,0.56981,1.16189,0.490419,0.00325771
6936,Solyc01g104434.1,proximal,TE-like,Solyc01g104432.1,0.385526,0.909318,0.423972,3.53652e-05
6937,Solyc01g104435.1,proximal,TE-like,Solyc01g104432.1,0.56981,1.16189,0.490419,0.00325771
6938,Solyc01g104436.1,proximal,TE-like,Solyc01g104439.1,0.197445,0.346219,0.57029,0.0900968
6939,Solyc01g104438.1,proximal,TE-like,Solyc01g104446.1,0.104087,0.190605,0.546089,0.0510467
6940,Solyc01g104439.1,proximal,TE-like,Solyc01g104436.1,0.197445,0.346219,0.57029,0.0900968
6941,Solyc01g104446.1,proximal,TE-like,Solyc01g104438.1,0.104087,0.190605,0.546089,0.0510467
6942,Solyc01g104448.1,proximal,TE-like,Solyc01g104438.1,0.251855,2.15195,0.117036,1.46719e-06
6943,Solyc01g104480.3,proximal,TE-like,Solyc01g104540.3,0.0339714,0.0485209,0.70014,0.209892
6944,Solyc01g104525.1,proximal,Unclassified,Solyc01g104570.3,0.288677,0.854186,0.337956,0.00072864
6945,Solyc01g104540.3,proximal,gbM,Solyc01g104480.3,0.0339714,0.0485209,0.70014,0.209892
6946,Solyc01g104570.3,proximal,Unclassified,Solyc01g104525.1,0.288677,0.854186,0.337956,0.00072864
6947,Solyc01g104780.3,proximal,Unclassified,Solyc01g104800.2,0.299959,3.72455,0.0805358,1.97037e-29
6948,Solyc01g104935.1,proximal,TE-like,Solyc01g104920.3,0.0766763,0.202489,0.378669,0.0380157
6949,Solyc01g105180.3,proximal,gbM,Solyc01g105225.1,0.240002,0.564733,0.424984,1.10637e-05
6950,Solyc01g105225.1,proximal,Unclassified,Solyc01g105180.3,0.240002,0.564733,0.424984,1.10637e-05
6951,Solyc01g105450.3,proximal,Unclassified,Solyc01g105435.1,0.243839,1.57512,0.154807,5.47125e-46
6952,Solyc01g105550.1,proximal,Unclassified,Solyc01g105580.1,0.14596,0.263532,0.553859,0.000485998
6953,Solyc01g105850.3,proximal,TE-like,Solyc01g105870.3,0.142086,0.712781,0.19934,4.01454e-16
6954,Solyc01g105910.2,proximal,Unclassified,Solyc01g105920.3,0.693917,0.598337,1.15974,0.19547
6955,Solyc01g105940.3,proximal,Unclassified,Solyc01g105920.3,0.175038,0.737753,0.237258,7.06538e-06
6956,Solyc01g105950.3,proximal,TE-like,Solyc01g105920.3,0.307013,1.29116,0.23778,1.0362e-08
6957,Solyc01g105960.2,proximal,Unclassified,Solyc01g105920.3,0.400648,3.99654,0.100249,1.37531e-33
6958,Solyc01g106105.1,proximal,Unmethylated,Solyc01g106130.1,0.323053,1.20074,0.269045,3.57057e-07
6959,Solyc01g106210.3,proximal,gbM,Solyc01g106260.3,0.0299455,0.402139,0.0744654,2.98876e-56
6960,Solyc01g106220.3,proximal,NA,Solyc01g106253.1,NA,NA,NA,NA
6961,Solyc01g106253.1,proximal,NA,Solyc01g106220.3,NA,NA,NA,NA
6962,Solyc01g106257.1,proximal,NA,Solyc01g106250.3,NA,NA,NA,NA
6963,Solyc01g106260.3,proximal,TE-like,Solyc01g106210.3,0.0299455,0.402139,0.0744654,2.98876e-56
6964,Solyc01g106270.1,proximal,Unclassified,Solyc01g106253.1,0.239448,0.540735,0.442819,0.000865228
6965,Solyc01g106530.1,proximal,gbM,Solyc01g106520.1,0.58087,3.92672,0.147928,4.28764e-21
6966,Solyc01g106600.2,proximal,Unmethylated,Solyc01g106620.2,0.396222,3.48498,0.113694,2.44877e-24
6967,Solyc01g106620.2,proximal,Unclassified,Solyc01g106640.2,0.30568,3.30064,0.0926125,1.84332e-35
6968,Solyc01g106640.2,proximal,Unclassified,Solyc01g106620.2,0.30568,3.30064,0.0926125,1.84332e-35
6969,Solyc01g106770.3,proximal,TE-like,Solyc01g106860.3,0.432308,1.04508,0.41366,5.96978e-06
6970,Solyc01g106840.2,proximal,Unmethylated,Solyc01g106770.3,0.100779,0.325701,0.309421,0.00211986
6971,Solyc01g106860.3,proximal,Unclassified,Solyc01g106770.3,0.432308,1.04508,0.41366,5.96978e-06
6972,Solyc01g107050.3,proximal,Unclassified,Solyc01g107070.3,0.169229,0.614904,0.275213,2.57858e-06
6973,Solyc01g107520.3,proximal,Unmethylated,Solyc01g107540.3,0.297223,3.74472,0.0793712,1.40253e-33
6974,Solyc01g107540.3,proximal,TE-like,Solyc01g107520.3,0.297223,3.74472,0.0793712,1.40253e-33
6975,Solyc01g107850.3,proximal,Unmethylated,Solyc01g107820.2,0.207641,0.739139,0.280922,0.00126153
6976,Solyc01g107853.1,proximal,Unmethylated,Solyc01g107830.3,0.371767,2.54945,0.145822,2.10983e-07
6977,Solyc01g107857.1,proximal,Unclassified,Solyc01g107830.3,0.356755,2.32257,0.153603,4.67338e-11
6978,Solyc01g107940.3,proximal,TE-like,Solyc01g107930.3,0.11546,0.160779,0.718131,0.0288136
6979,Solyc01g107950.2,proximal,TE-like,Solyc01g107962.1,0.314856,0.651561,0.483234,0.000913965
6980,Solyc01g107960.3,proximal,TE-like,Solyc01g107970.1,0.112035,0.134145,0.83518,0.577087
6981,Solyc01g107961.1,proximal,TE-like,Solyc01g107964.1,0.0543923,0.144151,0.377329,0.0495775
6982,Solyc01g107962.1,proximal,TE-like,Solyc01g107950.2,0.314856,0.651561,0.483234,0.000913965
6983,Solyc01g107964.1,proximal,TE-like,Solyc01g107961.1,0.0543923,0.144151,0.377329,0.0495775
6984,Solyc01g108030.3,proximal,gbM,Solyc01g108060.2,0.20565,0.747458,0.275133,0.000947962
6985,Solyc01g108060.2,proximal,NA,Solyc01g108030.3,0.20565,0.747458,0.275133,0.000947962
6986,Solyc01g108140.3,proximal,TE-like,Solyc01g108120.3,0.464384,3.47343,0.133696,4.06902e-19
6987,Solyc01g108490.3,proximal,Unclassified,Solyc01g108470.2,0.454352,4.22442,0.107554,1.7311e-64
6988,Solyc01g108540.3,proximal,Unmethylated,Solyc01g108560.4,0.0658377,0.105063,0.626648,0.0765822
6989,Solyc01g108765.1,proximal,Unclassified,Solyc01g108810.3,0.212394,0.351487,0.604273,0.0258143
6990,Solyc01g108780.3,proximal,Unmethylated,Solyc01g108810.3,0.129757,0.417217,0.311007,6.88771e-07
6991,Solyc01g108830.2,proximal,Unmethylated,Solyc01g108810.3,0.106142,0.282674,0.375494,0.00661394
6992,Solyc01g108940.2,proximal,TE-like,Solyc01g108935.1,0.0797913,0.0512498,1.55691,0.230815
6993,Solyc01g108970.3,proximal,TE-like,Solyc01g108930.3,0.324123,0.634657,0.510706,0.0148599
6994,Solyc01g108977.1,proximal,TE-like,Solyc01g108950.2,0.420325,0.556513,0.755284,0.428285
6995,Solyc01g108990.3,proximal,TE-like,Solyc01g108950.2,0.220849,0.88487,0.249584,0.00833419
6996,Solyc01g109030.3,proximal,TE-like,Solyc01g108950.2,0.247363,0.333834,0.740976,0.331057
6997,Solyc01g109320.3,proximal,gbM,Solyc01g109310.3,0.308221,1.77807,0.173346,1.14835e-36
6998,Solyc01g109470.3,proximal,Unclassified,Solyc01g109495.1,0.423751,3.15398,0.134354,9.32917e-11
6999,Solyc01g109550.2,proximal,Unclassified,Solyc01g109630.3,0.849047,3.81116,0.222779,2.12786e-15
7000,Solyc01g109630.3,proximal,Unclassified,Solyc01g109550.2,0.849047,3.81116,0.222779,2.12786e-15
7001,Solyc01g110605.1,proximal,Unclassified,Solyc01g110580.2,0.0899005,0.687663,0.130733,6.4737e-09
7002,Solyc01g110610.3,proximal,TE-like,Solyc01g110620.1,0.0856635,0.329844,0.259709,0.00030196
7003,Solyc01g110620.1,proximal,Unclassified,Solyc01g110610.3,0.0856635,0.329844,0.259709,0.00030196
7004,Solyc01g110640.2,proximal,Unclassified,Solyc01g110680.3,0.176464,0.525661,0.335699,0.00724939
7005,Solyc01g110643.1,proximal,TE-like,Solyc01g110684.1,0.568054,2.37988,0.23869,5.24835e-07
7006,Solyc01g110682.1,proximal,Unclassified,NA,NA,NA,NA,NA
7007,Solyc01g110684.1,proximal,TE-like,Solyc01g110643.1,0.568054,2.37988,0.23869,5.24835e-07
7008,Solyc01g110735.1,proximal,TE-like,Solyc01g110770.2,0.296503,1.61586,0.183495,4.29244e-09
7009,Solyc01g110770.2,proximal,Unclassified,Solyc01g110735.1,0.296503,1.61586,0.183495,4.29244e-09
7010,Solyc01g110830.3,proximal,TE-like,Solyc01g110843.1,0.0858651,0.625747,0.13722,4.49465e-08
7011,Solyc01g110900.1,proximal,Unmethylated,Solyc01g110930.1,0.200299,2.92678,0.0684365,7.88171e-27
7012,Solyc01g110930.1,proximal,Unclassified,Solyc01g110900.1,0.200299,2.92678,0.0684365,7.88171e-27
7013,Solyc01g110940.3,proximal,Unclassified,Solyc01g110920.3,0.0894675,0.837127,0.106874,6.88766e-10
7014,Solyc01g110970.3,proximal,Unclassified,Solyc01g110920.3,0.120857,0.589526,0.205008,1.64729e-05
7015,Solyc01g110980.3,proximal,Unmethylated,Solyc01g110920.3,0.0455968,0.361578,0.126105,0.000678002
7016,Solyc01g111450.3,proximal,Unclassified,Solyc01g111460.3,0.138282,0.284207,0.486555,0.0157354
7017,Solyc01g111460.3,proximal,Unclassified,Solyc01g111450.3,0.138282,0.284207,0.486555,0.0157354
7018,Solyc01g150003.1,proximal,TE-like,Solyc01g014537.1,0.343453,1.16154,0.295688,0.00809527
7019,Solyc01g150007.1,proximal,TE-like,NA,NA,NA,NA,NA
7020,Solyc02g005390.1,proximal,TE-like,Solyc02g005410.2,0.2061,0.34837,0.591613,0.207089
7021,Solyc02g005395.1,proximal,TE-like,Solyc02g005410.2,0.318823,0.450027,0.708453,0.396643
7022,Solyc02g005410.2,proximal,TE-like,Solyc02g005395.1,0.318823,0.450027,0.708453,0.396643
7023,Solyc02g014030.2,proximal,gbM,Solyc02g014073.1,0.262277,0.41815,0.627232,0.0887534
7024,Solyc02g014040.1,proximal,Unmethylated,Solyc02g014070.2,0.193549,0.269398,0.718449,0.177724
7025,Solyc02g014073.1,proximal,Unclassified,Solyc02g014030.2,0.262277,0.41815,0.627232,0.0887534
7026,Solyc02g014255.1,proximal,TE-like,NA,NA,NA,NA,NA
7027,Solyc02g014280.1,proximal,TE-like,NA,NA,NA,NA,NA
7028,Solyc02g014490.3,proximal,gbM,Solyc02g014530.3,0.121081,0.346899,0.349039,3.66978e-17
7029,Solyc02g014530.3,proximal,TE-like,Solyc02g014490.3,0.121081,0.346899,0.349039,3.66978e-17
7030,Solyc02g014600.1,proximal,TE-like,Solyc02g014620.1,0.284767,0.57746,0.493137,0.0650984
7031,Solyc02g014620.1,proximal,TE-like,Solyc02g014600.1,0.284767,0.57746,0.493137,0.0650984
7032,Solyc02g022910.3,proximal,TE-like,Solyc02g022890.2,0.336447,2.3006,0.146243,5.16532e-18
7033,Solyc02g024060.2,proximal,TE-like,Solyc01g102700.3,0.238858,1.93521,0.123428,2.98535e-30
7034,Solyc02g024065.1,proximal,gbM,Solyc01g102700.3,0.239246,3.62752,0.0659532,2.15532e-51
7035,Solyc02g030300.3,proximal,TE-like,Solyc02g030383.1,0.0595056,0.0634849,0.937319,0.720749
7036,Solyc02g030340.1,proximal,TE-like,Solyc02g030300.3,0.125474,0.182458,0.687687,0.330066
7037,Solyc02g030360.2,proximal,TE-like,Solyc02g030410.2,0.388853,1.84682,0.210552,2.28081e-06
7038,Solyc02g030380.2,proximal,Unclassified,Solyc02g030300.3,0.140242,0.233497,0.600615,0.0195963
7039,Solyc02g030383.1,proximal,Unclassified,Solyc02g030300.3,0.0595056,0.0634849,0.937319,0.720749
7040,Solyc02g030387.1,proximal,TE-like,Solyc02g030300.3,0.140279,0.161912,0.866391,0.651007
7041,Solyc02g030410.2,proximal,TE-like,Solyc02g030360.2,0.388853,1.84682,0.210552,2.28081e-06
7042,Solyc02g030490.2,proximal,TE-like,Solyc02g030530.1,0.255069,0.243108,1.0492,0.83295
7043,Solyc02g030530.1,proximal,TE-like,Solyc02g030490.2,0.255069,0.243108,1.0492,0.83295
7044,Solyc02g030540.2,proximal,TE-like,Solyc02g030580.1,0.070835,0.0816067,0.868005,0.748552
7045,Solyc02g030580.1,proximal,TE-like,Solyc02g030540.2,0.070835,0.0816067,0.868005,0.748552
7046,Solyc02g030600.1,proximal,TE-like,Solyc02g030630.1,0.0704345,0.109849,0.641191,0.326085
7047,Solyc02g030640.1,proximal,TE-like,Solyc02g030630.1,0.243489,0.617578,0.394264,0.00558739
7048,Solyc02g030650.1,proximal,TE-like,Solyc02g030630.1,0.052171,0.0318258,1.63927,0.439977
7049,Solyc02g030655.1,proximal,TE-like,Solyc02g030610.2,0.0967973,0.11506,0.841275,0.715753
7050,Solyc02g031840.3,proximal,TE-like,Solyc02g031890.2,0.132452,0.299261,0.442599,0.0286883
7051,Solyc02g031850.1,proximal,Unclassified,Solyc02g031900.2,0.0236776,0.0883453,0.268012,0.0375751
7052,Solyc02g031860.3,proximal,TE-like,Solyc02g031900.2,0.0235912,0.0670119,0.352044,0.00053267
7053,Solyc02g031890.2,proximal,Unclassified,Solyc02g031840.3,0.132452,0.299261,0.442599,0.0286883
7054,Solyc02g031900.2,proximal,TE-like,Solyc02g031850.1,0.0236776,0.0883453,0.268012,0.0375751
7055,Solyc02g031920.3,proximal,TE-like,Solyc02g031940.2,0.0306015,0.0996239,0.30717,0.0430137
7056,Solyc02g032160.1,proximal,TE-like,Solyc02g032173.1,0.407512,0.709483,0.574379,0.0691161
7057,Solyc02g032173.1,proximal,TE-like,Solyc02g032160.1,0.407512,0.709483,0.574379,0.0691161
7058,Solyc02g032200.3,proximal,TE-like,Solyc02g032230.1,0.581482,3.8115,0.15256,4.54504e-17
7059,Solyc02g032210.1,proximal,Unclassified,Solyc02g032270.1,0.114405,0.234231,0.488426,0.00134951
7060,Solyc02g032230.1,proximal,Unclassified,Solyc02g032200.3,0.581482,3.8115,0.15256,4.54504e-17
7061,Solyc02g032370.2,proximal,TE-like,Solyc02g032430.1,0.102462,0.139055,0.736845,0.394639
7062,Solyc02g032380.2,proximal,TE-like,Solyc02g032460.2,0.0511689,0.0716857,0.713795,0.259248
7063,Solyc02g032400.2,proximal,Unclassified,Solyc02g032480.2,0.078967,0.189968,0.415685,0.00470953
7064,Solyc02g032430.1,proximal,TE-like,Solyc02g032370.2,0.102462,0.139055,0.736845,0.394639
7065,Solyc02g032460.2,proximal,TE-like,Solyc02g032380.2,0.0511689,0.0716857,0.713795,0.259248
7066,Solyc02g032480.2,proximal,TE-like,Solyc02g032400.2,0.078967,0.189968,0.415685,0.00470953
7067,Solyc02g032520.1,proximal,TE-like,Solyc02g032550.2,0.210815,0.725399,0.29062,0.000178763
7068,Solyc02g032550.2,proximal,TE-like,Solyc02g032520.1,0.210815,0.725399,0.29062,0.000178763
7069,Solyc02g032570.1,proximal,TE-like,Solyc02g032560.2,0.0684591,0.113986,0.600591,0.179325
7070,Solyc02g032580.2,proximal,Unclassified,Solyc02g032560.2,0.0112781,0.010548,1.06922,0.699959
7071,Solyc02g032730.1,proximal,TE-like,Solyc02g032790.2,0.40219,0.793104,0.507109,0.0322724
7072,Solyc02g032790.2,proximal,TE-like,Solyc02g032730.1,0.40219,0.793104,0.507109,0.0322724
7073,Solyc02g033100.2,proximal,TE-like,Solyc02g033115.1,0.0835955,0.162789,0.513521,0.0520201
7074,Solyc02g036130.2,proximal,TE-like,Solyc02g036140.1,0.166258,0.402724,0.412834,0.0026754
7075,Solyc02g036140.1,proximal,TE-like,Solyc02g036130.2,0.166258,0.402724,0.412834,0.0026754
7076,Solyc02g036170.2,proximal,TE-like,Solyc02g036230.2,0.0235338,0.0680874,0.345641,0.0577394
7077,Solyc02g036230.2,proximal,TE-like,Solyc02g036170.2,0.0235338,0.0680874,0.345641,0.0577394
7078,Solyc02g036260.3,proximal,gbM,Solyc02g036210.1,0.046836,0.0220759,2.12159,0.29985
7079,Solyc02g038700.2,proximal,TE-like,Solyc02g038680.1,0.246653,0.235761,1.0462,0.700871
7080,Solyc02g049102.1,proximal,TE-like,Solyc02g049104.1,0.223229,0.22188,1.00608,0.884948
7081,Solyc02g049104.1,proximal,TE-like,Solyc02g049102.1,0.223229,0.22188,1.00608,0.884948
7082,Solyc02g060590.2,proximal,TE-like,Solyc02g060570.1,0.0465672,0.0889517,0.523511,0.11193
7083,Solyc02g060595.1,proximal,TE-like,Solyc02g061610.1,0.24846,0.659252,0.376881,0.0175613
7084,Solyc02g060600.1,proximal,TE-like,Solyc02g061610.1,0.0527455,0.0446154,1.18223,0.722743
7085,Solyc02g061600.1,proximal,TE-like,Solyc02g061660.1,0.0230656,0.0409004,0.563945,0.327488
7086,Solyc02g061640.2,proximal,TE-like,Solyc02g061610.1,0.0737797,0.096616,0.763638,0.536133
7087,Solyc02g061660.1,proximal,TE-like,Solyc02g061600.1,0.0230656,0.0409004,0.563945,0.327488
7088,Solyc02g061665.1,proximal,TE-like,Solyc02g061610.1,0.2823,0.24874,1.13492,0.851124
7089,Solyc02g061690.2,proximal,Unclassified,Solyc02g061650.2,0.100482,0.466594,0.215352,0.00023121
7090,Solyc02g061700.1,proximal,TE-like,Solyc02g061660.1,0.0346072,0.0496952,0.696389,0.416069
7091,Solyc02g061705.1,proximal,TE-like,Solyc02g061715.1,0.0757444,NA,NA,NA
7092,Solyc02g061710.2,proximal,TE-like,Solyc02g061680.2,0.148214,0.152524,0.971742,0.890547
7093,Solyc02g061715.1,proximal,TE-like,Solyc02g061705.1,0.0757444,NA,NA,NA
7094,Solyc02g061720.2,proximal,TE-like,Solyc02g061680.2,0.0398285,0.0862783,0.461629,0.011008
7095,Solyc02g061870.1,proximal,Unclassified,Solyc02g061900.1,0.306404,0.317018,0.96652,0.911248
7096,Solyc02g061900.1,proximal,Unclassified,Solyc02g061910.1,0.255891,0.512296,0.499498,0.000800018
7097,Solyc02g061910.1,proximal,TE-like,Solyc02g061900.1,0.255891,0.512296,0.499498,0.000800018
7098,Solyc02g061960.3,proximal,TE-like,Solyc02g061980.3,0.122361,0.301593,0.405715,9.20675e-09
7099,Solyc02g061980.3,proximal,TE-like,Solyc02g061960.3,0.122361,0.301593,0.405715,9.20675e-09
7100,Solyc02g062100.3,proximal,Unclassified,Solyc02g062050.2,0.7591,3.27978,0.231449,3.38713e-10
7101,Solyc02g062130.3,proximal,Unclassified,Solyc02g062110.3,0.0332503,0.0590115,0.563455,0.105055
7102,Solyc02g062460.3,proximal,NA,Solyc02g062470.1,0.0619528,0.164972,0.375537,0.0244834
7103,Solyc02g062470.1,proximal,TE-like,Solyc02g062460.3,0.0619528,0.164972,0.375537,0.0244834
7104,Solyc02g062980.2,proximal,Unmethylated,Solyc02g063000.3,0.10005,0.328,0.305029,0.00538567
7105,Solyc02g063185.1,proximal,Unclassified,Solyc02g063160.3,0.165459,0.747731,0.221282,0.000923104
7106,Solyc02g063200.2,proximal,gbM,Solyc02g063160.3,0.103206,0.250487,0.412022,0.000258234
7107,Solyc02g063400.2,proximal,gbM,Solyc02g063470.1,0.0313168,0.0362564,0.863761,0.681744
7108,Solyc02g063470.1,proximal,Unclassified,Solyc02g063400.2,0.0313168,0.0362564,0.863761,0.681744
7109,Solyc02g063542.1,proximal,NA,Solyc02g063546.1,NA,NA,NA,NA
7110,Solyc02g063544.1,proximal,NA,Solyc02g063541.1,NA,NA,NA,NA
7111,Solyc02g063546.1,proximal,NA,Solyc02g063542.1,NA,NA,NA,NA
7112,Solyc02g064830.3,proximal,Unclassified,Solyc02g064810.1,0.105469,0.302142,0.349072,0.00340007
7113,Solyc02g064890.1,proximal,NA,Solyc02g064920.1,0.0228838,NA,NA,NA
7114,Solyc02g064900.2,proximal,NA,Solyc02g064910.2,0.0119959,NA,NA,NA
7115,Solyc02g064910.2,proximal,TE-like,Solyc02g064900.2,0.0119959,NA,NA,NA
7116,Solyc02g065310.1,proximal,gbM,Solyc02g065350.3,0.497991,2.10014,0.237123,2.19846e-07
7117,Solyc02g065340.2,proximal,Unclassified,Solyc02g094758.1,0.395116,2.03398,0.194258,1.40481e-09
7118,Solyc02g066840.1,proximal,TE-like,Solyc02g066880.1,0.264443,0.586715,0.450718,0.00942677
7119,Solyc02g066850.1,proximal,TE-like,Solyc02g066890.1,0.0580768,0.314603,0.184603,0.00443797
7120,Solyc02g067280.1,proximal,TE-like,Solyc02g067270.2,0.324782,0.513404,0.632605,0.117095
7121,Solyc02g067300.2,proximal,Unmethylated,Solyc02g067285.1,0.159594,0.488681,0.326582,0.0104777
7122,Solyc02g068600.3,proximal,TE-like,Solyc02g068670.2,0.551799,4.26071,0.129509,4.28159e-30
7123,Solyc02g068610.2,proximal,Unmethylated,Solyc02g068670.2,0.848248,2.97993,0.284654,6.35291e-07
7124,Solyc02g068670.2,proximal,gbM,Solyc02g068600.3,0.551799,4.26071,0.129509,4.28159e-30
7125,Solyc02g068820.2,proximal,TE-like,Solyc02g068830.2,0.153842,0.343657,0.447663,7.1863e-13
7126,Solyc02g068830.2,proximal,TE-like,Solyc02g068820.2,0.153842,0.343657,0.447663,7.1863e-13
7127,Solyc02g068863.1,proximal,TE-like,Solyc02g068830.2,0.130412,0.246276,0.529535,0.000192479
7128,Solyc02g069280.2,proximal,Unclassified,Solyc02g069270.2,0.287616,0.406619,0.707335,0.00160058
7129,Solyc02g069450.3,proximal,Unclassified,Solyc02g069460.3,0.00968191,0.317497,0.0304945,4.93817e-21
7130,Solyc02g069460.3,proximal,Unclassified,Solyc02g069450.3,0.00968191,0.317497,0.0304945,4.93817e-21
7131,Solyc02g070600.2,proximal,Unclassified,Solyc02g070620.3,0.343939,0.664129,0.51788,1.97639e-05
7132,Solyc02g070620.3,proximal,Unclassified,Solyc02g070600.2,0.343939,0.664129,0.51788,1.97639e-05
7133,Solyc02g070935.1,proximal,Unclassified,Solyc02g071020.3,0.193999,0.250464,0.774559,0.459017
7134,Solyc02g070990.1,proximal,Unclassified,Solyc02g070970.1,0.00328901,0.819583,0.00401303,4.05016e-36
7135,Solyc02g071000.1,proximal,gbM,Solyc02g070970.1,0.00848776,0.286654,0.0296098,4.48667e-24
7136,Solyc02g071010.1,proximal,Unclassified,Solyc02g071030.2,NA,0.220775,0,NA
7137,Solyc02g071020.3,proximal,Unmethylated,Solyc02g070935.1,0.193999,0.250464,0.774559,0.459017
7138,Solyc02g071400.3,proximal,Unclassified,Solyc02g071365.1,0.0608076,0.1269,0.479177,0.0110978
7139,Solyc02g071410.3,proximal,Unclassified,Solyc02g071440.3,0.0733432,0.275526,0.266193,6.89265e-10
7140,Solyc02g071430.3,proximal,Unclassified,Solyc02g071400.3,0.0865373,0.307241,0.281659,1.21001e-09
7141,Solyc02g071490.3,proximal,Unclassified,Solyc02g071475.1,0.222413,1.05833,0.210156,2.64536e-27
7142,Solyc02g071560.3,proximal,Unclassified,Solyc02g071580.3,0.331048,4.50519,0.0734816,1.12659e-78
7143,Solyc02g071580.3,proximal,gbM,Solyc02g071560.3,0.331048,4.50519,0.0734816,1.12659e-78
7144,Solyc02g071630.1,proximal,NA,Solyc02g071660.3,0.114296,0.196922,0.58041,0.0884425
7145,Solyc02g071640.2,proximal,Unclassified,Solyc02g071680.1,0.246376,0.369929,0.666008,0.331813
7146,Solyc02g071645.1,proximal,Unmethylated,Solyc02g071620.3,0.237359,1.20753,0.196565,6.23568e-07
7147,Solyc02g071680.1,proximal,TE-like,Solyc02g071640.2,0.246376,0.369929,0.666008,0.331813
7148,Solyc02g071800.3,proximal,gbM,Solyc02g071820.3,0.558878,4.77182,0.11712,4.24436e-85
7149,Solyc02g071810.3,proximal,gbM,Solyc02g071820.3,0.111795,0.326244,0.342673,3.38658e-13
7150,Solyc02g072330.2,proximal,gbM,Solyc02g072340.1,0.280328,0.716705,0.391135,0.00280126
7151,Solyc02g072335.1,proximal,gbM,Solyc02g072370.1,0.253393,1.72815,0.146627,7.08613e-38
7152,Solyc02g072340.1,proximal,Unclassified,Solyc02g072330.2,0.280328,0.716705,0.391135,0.00280126
7153,Solyc02g072380.1,proximal,Unclassified,Solyc02g072393.1,0.0889953,0.855469,0.104031,2.78287e-08
7154,Solyc02g072393.1,proximal,gbM,Solyc02g072380.1,0.0889953,0.855469,0.104031,2.78287e-08
7155,Solyc02g072447.1,proximal,TE-like,Solyc02g072470.3,0.351753,4.85138,0.0725058,1.63499e-148
7156,Solyc02g072450.3,proximal,TE-like,Solyc02g072440.3,0.131919,0.596369,0.221203,4.64121e-05
7157,Solyc02g072540.3,proximal,Unclassified,Solyc02g072530.2,0.293477,4.19798,0.0699089,1.84239e-91
7158,Solyc02g072550.1,proximal,Unmethylated,Solyc02g072570.2,0.0347294,0.218544,0.158912,0.00118802
7159,Solyc02g076690.3,proximal,Unmethylated,Solyc02g076710.3,0.188737,0.550012,0.343151,1.09995e-12
7160,Solyc02g076710.3,proximal,gbM,Solyc02g076750.2,0.209935,0.610483,0.343883,5.9015e-07
7161,Solyc02g076730.2,proximal,TE-like,Solyc02g076710.3,0.229691,0.768526,0.298872,4.74779e-05
7162,Solyc02g076750.2,proximal,TE-like,Solyc02g076710.3,0.209935,0.610483,0.343883,5.9015e-07
7163,Solyc02g076980.4,proximal,Unclassified,Solyc02g077040.4,0.374895,4.05081,0.0925482,5.3169e-38
7164,Solyc02g077100.3,proximal,Unclassified,Solyc02g077140.3,0.152729,0.49032,0.311489,6.7483e-11
7165,Solyc02g077110.3,proximal,Unclassified,Solyc02g077140.3,0.352724,2.38923,0.147631,2.4764e-32
7166,Solyc02g077140.3,proximal,Unclassified,Solyc02g077100.3,0.152729,0.49032,0.311489,6.7483e-11
7167,Solyc02g077530.2,proximal,TE-like,Solyc02g077520.3,0.147363,0.624512,0.235966,1.59644e-18
7168,Solyc02g077790.1,proximal,TE-like,Solyc02g077810.1,0.142822,0.373939,0.38194,0.0328937
7169,Solyc02g078100.3,proximal,Unclassified,Solyc02g078060.1,0.479722,1.78244,0.269137,5.07799e-09
7170,Solyc02g078280.3,proximal,TE-like,Solyc02g078290.3,0.200575,0.162831,1.2318,0.414901
7171,Solyc02g078285.1,proximal,TE-like,Solyc02g078300.3,0.0139093,NA,NA,NA
7172,Solyc02g078290.3,proximal,Unclassified,Solyc02g078280.3,0.200575,0.162831,1.2318,0.414901
7173,Solyc02g078300.3,proximal,Unclassified,Solyc02g078285.1,0.0139093,NA,NA,NA
7174,Solyc02g078350.3,proximal,gbM,Solyc02g078330.3,0.815509,2.24259,0.363645,8.13961e-13
7175,Solyc02g079250.3,proximal,TE-like,Solyc02g079270.3,0.162091,0.820015,0.197668,4.99071e-08
7176,Solyc02g079270.3,proximal,Unclassified,Solyc02g079250.3,0.162091,0.820015,0.197668,4.99071e-08
7177,Solyc02g079273.1,proximal,TE-like,Solyc02g079250.3,0.220871,1.26128,0.175117,1.03176e-23
7178,Solyc02g079310.2,proximal,gbM,Solyc02g079330.3,0.0180275,0.0118402,1.52257,0.598757
7179,Solyc02g079320.3,proximal,TE-like,Solyc02g079340.3,0.0158158,0.014994,1.05481,0.696194
7180,Solyc02g079330.3,proximal,Unclassified,Solyc02g079350.3,0.00725927,0.0138354,0.52469,0.239178
7181,Solyc02g079340.3,proximal,Unclassified,Solyc02g079320.3,0.0158158,0.014994,1.05481,0.696194
7182,Solyc02g079350.3,proximal,Unclassified,Solyc02g079330.3,0.00725927,0.0138354,0.52469,0.239178
7183,Solyc02g079533.1,proximal,gbM,Solyc02g079540.2,0.153081,0.360888,0.424179,3.84356e-13
7184,Solyc02g079580.3,proximal,gbM,Solyc02g079550.2,0.474765,4.6491,0.10212,1.1275e-85
7185,Solyc02g079640.3,proximal,gbM,Solyc02g079590.3,0.488819,4.43854,0.11013,1.23394e-53
7186,Solyc02g079660.1,proximal,TE-like,Solyc02g079700.1,0.152847,0.296118,0.51617,0.0632671
7187,Solyc02g079670.1,proximal,Unclassified,Solyc02g079710.3,0.0744193,0.34021,0.218745,5.42586e-05
7188,Solyc02g079680.1,proximal,Unmethylated,Solyc02g079710.3,0.120567,0.166828,0.722706,0.374033
7189,Solyc02g079690.1,proximal,TE-like,Solyc02g079710.3,0.21464,0.520799,0.412136,9.07015e-05
7190,Solyc02g079840.2,proximal,gbM,Solyc02g079890.2,0.562837,2.41496,0.233063,6.6227e-28
7191,Solyc02g079900.1,proximal,Unclassified,Solyc02g079890.2,0.168183,0.382194,0.440047,0.0381156
7192,Solyc02g079910.2,proximal,Unmethylated,Solyc02g079890.2,0.488285,2.0879,0.233864,2.48629e-12
7193,Solyc02g080030.1,proximal,TE-like,Solyc02g080050.1,0.301583,0.670741,0.449626,0.00206712
7194,Solyc02g080040.3,proximal,gbM,Solyc02g080020.1,0.181895,0.522571,0.348077,1.70714e-05
7195,Solyc02g080050.1,proximal,Unclassified,Solyc02g080070.3,0.327562,2.19534,0.149208,3.0288e-15
7196,Solyc02g080340.3,proximal,TE-like,Solyc02g080355.1,0.129662,1.78427,0.0726695,6.52847e-09
7197,Solyc02g080355.1,proximal,Unclassified,Solyc02g080340.3,0.129662,1.78427,0.0726695,6.52847e-09
7198,Solyc02g080670.3,proximal,gbM,Solyc02g080700.2,0.0183764,0.032257,0.569686,0.416582
7199,Solyc02g080680.2,proximal,TE-like,Solyc02g080710.2,0.0575734,0.281719,0.204365,7.88572e-06
7200,Solyc02g080690.1,proximal,TE-like,Solyc02g080760.1,0.148924,0.108213,1.37621,0.585585
7201,Solyc02g080700.2,proximal,Unmethylated,Solyc02g080670.3,0.0183764,0.032257,0.569686,0.416582
7202,Solyc02g080750.2,proximal,TE-like,Solyc02g080720.1,0.188847,0.477186,0.395751,0.00856478
7203,Solyc02g080755.1,proximal,TE-like,Solyc02g080740.2,0.339051,0.491201,0.690249,0.355842
7204,Solyc02g080760.1,proximal,TE-like,Solyc02g080690.1,0.148924,0.108213,1.37621,0.585585
7205,Solyc02g080830.1,proximal,Unclassified,Solyc02g080840.1,0.117161,0.660339,0.177426,2.06534e-25
7206,Solyc02g081470.3,proximal,Unclassified,Solyc02g081510.2,0.0565349,0.167783,0.336952,0.00150964
7207,Solyc02g081480.3,proximal,Unclassified,Solyc02g081500.3,0.412219,0.553437,0.744834,0.34052
7208,Solyc02g081510.2,proximal,Unclassified,Solyc02g081470.3,0.0565349,0.167783,0.336952,0.00150964
7209,Solyc02g081800.1,proximal,Unclassified,Solyc02g081760.2,0.359592,1.67547,0.214622,1.52049e-31
7210,Solyc02g082613.1,proximal,TE-like,Solyc02g082630.2,0.169851,0.235897,0.720022,0.151581
7211,Solyc02g082630.2,proximal,TE-like,Solyc02g082613.1,0.169851,0.235897,0.720022,0.151581
7212,Solyc02g082763.1,proximal,TE-like,Solyc02g082750.3,0.177502,0.561682,0.316019,0.000128101
7213,Solyc02g082770.3,proximal,gbM,Solyc02g082750.3,0.415508,0.808237,0.514091,0.0123107
7214,Solyc02g083070.2,proximal,Unclassified,Solyc02g083090.1,0.132489,0.291322,0.454784,0.000735652
7215,Solyc02g083120.2,proximal,Unclassified,Solyc02g083030.1,0.522746,2.33178,0.224183,1.75957e-18
7216,Solyc02g083500.3,proximal,Unclassified,Solyc02g083523.1,0.0710181,0.22321,0.318167,0.0509105
7217,Solyc02g083523.1,proximal,Unmethylated,Solyc02g083500.3,0.0710181,0.22321,0.318167,0.0509105
7218,Solyc02g084037.1,proximal,TE-like,Solyc02g084117.1,0.660639,1.69015,0.390877,0.00305012
7219,Solyc02g084070.1,proximal,TE-like,Solyc02g084100.2,0.625594,1.17192,0.533819,0.0334885
7220,Solyc02g084080.1,proximal,TE-like,Solyc02g084110.1,0.227075,0.23822,0.953219,1
7221,Solyc02g084090.2,proximal,TE-like,Solyc02g084120.2,0.390005,1.06776,0.365254,3.31672e-05
7222,Solyc02g084100.2,proximal,TE-like,Solyc02g084070.1,0.625594,1.17192,0.533819,0.0334885
7223,Solyc02g084110.1,proximal,TE-like,Solyc02g084080.1,0.227075,0.23822,0.953219,1
7224,Solyc02g084117.1,proximal,TE-like,Solyc02g084167.1,0.754722,0.550876,1.37004,0.056355
7225,Solyc02g084120.2,proximal,TE-like,Solyc02g084090.2,0.390005,1.06776,0.365254,3.31672e-05
7226,Solyc02g084200.2,proximal,gbM,Solyc02g084160.2,0.492997,0.786005,0.627218,0.00878884
7227,Solyc02g085550.2,proximal,TE-like,Solyc02g085530.2,0.0881577,0.301409,0.292485,0.0246501
7228,Solyc02g085655.1,proximal,gbM,Solyc02g085640.3,0.027609,0.0755146,0.365611,0.00650999
7229,Solyc02g085690.3,proximal,TE-like,Solyc02g085672.1,0.384103,0.619739,0.619781,0.126381
7230,Solyc02g085960.1,proximal,TE-like,Solyc02g085980.1,0.402348,1.35705,0.296488,3.07792e-05
7231,Solyc02g086040.2,proximal,Unclassified,Solyc02g086010.2,0.172158,0.375857,0.458042,0.00186516
7232,Solyc02g087680.1,proximal,Unclassified,Solyc02g087710.3,0.238691,0.430466,0.554495,0.0360796
7233,Solyc02g087700.3,proximal,Unclassified,Solyc02g087710.3,0.257855,0.679143,0.379677,0.00933275
7234,Solyc02g087705.1,proximal,Unmethylated,Solyc02g087670.3,0.228611,0.685773,0.333363,0.00205898
7235,Solyc02g087710.3,proximal,TE-like,Solyc02g087680.1,0.238691,0.430466,0.554495,0.0360796
7236,Solyc02g087820.1,proximal,TE-like,Solyc02g087800.3,0.155116,0.641517,0.241796,7.28738e-11
7237,Solyc02g087990.3,proximal,Unclassified,Solyc02g087950.3,0.863184,4.36938,0.197553,3.7872e-24
7238,Solyc02g088425.1,proximal,TE-like,Solyc02g088430.1,0.164722,0.311898,0.528129,0.0213742
7239,Solyc02g088490.3,proximal,Unclassified,Solyc02g088510.3,0.0825008,0.54233,0.152123,1.01767e-32
7240,Solyc02g088500.1,proximal,Unclassified,Solyc02g088517.1,0.443535,2.73986,0.161883,5.19127e-18
7241,Solyc02g088517.1,proximal,TE-like,Solyc02g088500.1,0.443535,2.73986,0.161883,5.19127e-18
7242,Solyc02g088890.2,proximal,Unmethylated,Solyc02g088870.1,0.345495,2.62028,0.131854,8.71894e-11
7243,Solyc02g088945.1,proximal,Unclassified,Solyc02g088952.1,0.383727,0.825948,0.46459,0.000397715
7244,Solyc02g088950.2,proximal,TE-like,Solyc02g088980.2,0.0443703,0.0348191,1.27431,0.946379
7245,Solyc02g088952.1,proximal,TE-like,Solyc02g088945.1,0.383727,0.825948,0.46459,0.000397715
7246,Solyc02g088980.2,proximal,TE-like,Solyc02g088950.2,0.0443703,0.0348191,1.27431,0.946379
7247,Solyc02g089415.1,proximal,TE-like,Solyc02g089430.1,0.092543,0.285412,0.324244,0.0162596
7248,Solyc02g089430.1,proximal,Unclassified,Solyc02g089415.1,0.092543,0.285412,0.324244,0.0162596
7249,Solyc02g089480.1,proximal,Unclassified,Solyc02g089450.1,0.634061,3.09377,0.204948,8.98477e-09
7250,Solyc02g089520.2,proximal,TE-like,Solyc02g089500.3,0.164289,0.348479,0.471445,0.0108995
7251,Solyc02g089540.3,proximal,Unclassified,Solyc02g089520.2,0.067924,0.325837,0.20846,1.23138e-15
7252,Solyc02g089690.3,proximal,Unclassified,Solyc02g089680.3,0.104022,0.451232,0.230529,4.88211e-19
7253,Solyc02g089900.1,proximal,gbM,Solyc02g089920.1,0.522016,4.44634,0.117404,8.157e-76
7254,Solyc02g090265.1,proximal,TE-like,Solyc02g090290.3,0.199909,0.339091,0.589544,0.0282673
7255,Solyc02g090350.3,proximal,Unclassified,Solyc02g090290.3,0.291881,1.57535,0.18528,6.71537e-47
7256,Solyc02g090545.1,proximal,Unclassified,Solyc02g090560.3,0.108023,0.165833,0.651395,0.00251859
7257,Solyc02g090560.3,proximal,Unclassified,Solyc02g090545.1,0.108023,0.165833,0.651395,0.00251859
7258,Solyc02g090770.1,proximal,Unclassified,Solyc02g090790.1,0.200282,0.531081,0.377122,1.96234e-05
7259,Solyc02g091090.3,proximal,Unclassified,Solyc02g091080.2,0.602474,1.46159,0.412204,0.00249345
7260,Solyc02g091350.3,proximal,Unclassified,Solyc02g091370.2,0.0455927,0.146664,0.310865,1.53013e-07
7261,Solyc02g091370.2,proximal,Unclassified,Solyc02g091350.3,0.0455927,0.146664,0.310865,1.53013e-07
7262,Solyc02g091750.3,proximal,TE-like,Solyc02g091737.1,0.11194,0.143498,0.780078,0.602296
7263,Solyc02g092600.3,proximal,gbM,Solyc02g092560.3,0.116962,0.208424,0.561172,0.0216913
7264,Solyc02g092610.3,proximal,Unclassified,Solyc02g092560.3,0.223599,0.487228,0.45892,0.00390268
7265,Solyc02g092620.3,proximal,Unclassified,Solyc02g092560.3,0.0703931,0.209551,0.335924,0.000294561
7266,Solyc02g093270.3,proximal,Unclassified,Solyc02g093250.3,0.00536392,0.374581,0.0143198,4.65622e-28
7267,Solyc02g093447.1,proximal,Unclassified,Solyc02g093450.3,0.0582574,0.0456205,1.277,0.7907
7268,Solyc02g093450.3,proximal,Unclassified,Solyc02g093447.1,0.0582574,0.0456205,1.277,0.7907
7269,Solyc02g094758.1,proximal,TE-like,Solyc02g065340.2,0.395116,2.03398,0.194258,1.40481e-09
7270,Solyc03g005537.1,proximal,Unclassified,Solyc03g005530.1,NA,NA,NA,NA
7271,Solyc03g005650.1,proximal,TE-like,Solyc03g005670.3,0.612274,1.64886,0.371331,9.74093e-27
7272,Solyc03g005670.3,proximal,gbM,Solyc03g005650.1,0.612274,1.64886,0.371331,9.74093e-27
7273,Solyc03g006030.3,proximal,TE-like,Solyc03g006080.3,0.131909,0.404037,0.326477,1.03407e-29
7274,Solyc03g006080.3,proximal,TE-like,Solyc03g006100.3,0.108782,0.298149,0.364859,9.2651e-21
7275,Solyc03g006380.3,proximal,TE-like,Solyc03g006390.2,0.352848,0.352716,1.00037,0.903751
7276,Solyc03g006390.2,proximal,TE-like,Solyc03g006380.3,0.352848,0.352716,1.00037,0.903751
7277,Solyc03g007440.3,proximal,Unclassified,Solyc03g007500.3,0.018662,0.0775722,0.240576,0.000856848
7278,Solyc03g007500.3,proximal,Unclassified,Solyc03g007440.3,0.018662,0.0775722,0.240576,0.000856848
7279,Solyc03g007900.3,proximal,TE-like,Solyc03g007920.3,0.25371,2.37617,0.106773,2.7646e-25
7280,Solyc03g007920.3,proximal,gbM,Solyc03g007900.3,0.25371,2.37617,0.106773,2.7646e-25
7281,Solyc03g007950.3,proximal,Unclassified,Solyc03g007940.3,0.0380654,0.103704,0.367059,0.000191162
7282,Solyc03g013040.1,proximal,TE-like,Solyc03g013090.1,0.136518,0.292163,0.467267,0.0522585
7283,Solyc03g013060.2,proximal,TE-like,Solyc03g013110.2,0.0668935,0.122632,0.545483,0.192709
7284,Solyc03g013090.1,proximal,TE-like,Solyc03g013040.1,0.136518,0.292163,0.467267,0.0522585
7285,Solyc03g013100.1,proximal,TE-like,Solyc03g013140.1,0.291248,1.36067,0.214047,0.000140362
7286,Solyc03g013110.2,proximal,TE-like,Solyc03g013060.2,0.0668935,0.122632,0.545483,0.192709
7287,Solyc03g013140.1,proximal,TE-like,Solyc03g013100.1,0.291248,1.36067,0.214047,0.000140362
7288,Solyc03g020080.3,proximal,TE-like,Solyc03g020060.3,0.0880584,0.110309,0.798292,0.595483
7289,Solyc03g025240.2,proximal,Unclassified,Solyc03g025255.1,0.130641,0.424221,0.307955,7.20458e-07
7290,Solyc03g025250.3,proximal,Unclassified,Solyc03g025230.3,0.0935831,0.318749,0.293595,6.85665e-09
7291,Solyc03g025255.1,proximal,Unclassified,Solyc03g025240.2,0.130641,0.424221,0.307955,7.20458e-07
7292,Solyc03g025580.1,proximal,TE-like,Solyc03g025600.3,0.0381997,0.121681,0.313934,0.0192089
7293,Solyc03g025585.1,proximal,TE-like,Solyc03g025613.1,0.0457644,0.0626625,0.730332,0.582075
7294,Solyc03g025600.3,proximal,TE-like,Solyc03g025580.1,0.0381997,0.121681,0.313934,0.0192089
7295,Solyc03g025613.1,proximal,TE-like,Solyc03g025585.1,0.0457644,0.0626625,0.730332,0.582075
7296,Solyc03g025617.1,proximal,TE-like,Solyc03g025585.1,0.159303,0.42792,0.372273,0.0110791
7297,Solyc03g025920.3,proximal,gbM,Solyc03g025930.3,0.165274,0.441224,0.374582,1.24058e-07
7298,Solyc03g025935.1,proximal,TE-like,Solyc03g025940.2,0.296187,0.809842,0.365734,0.00287451
7299,Solyc03g025940.2,proximal,TE-like,Solyc03g025935.1,0.296187,0.809842,0.365734,0.00287451
7300,Solyc03g026415.1,proximal,TE-like,Solyc03g026410.2,0.110504,0.0849405,1.30095,0.789038
7301,Solyc03g033250.1,proximal,Unclassified,Solyc03g033280.1,0.0288386,0.0347944,0.828827,0.677272
7302,Solyc03g033813.1,proximal,TE-like,Solyc03g033820.1,0.222949,0.204679,1.08926,0.826919
7303,Solyc03g033815.1,proximal,TE-like,Solyc03g033820.1,0.326805,0.214591,1.52292,0.157856
7304,Solyc03g034150.2,proximal,TE-like,Solyc03g034130.3,0.291871,0.516406,0.565196,0.0259659
7305,Solyc03g034450.3,proximal,TE-like,Solyc03g034457.1,0.114861,0.162859,0.705276,0.135201
7306,Solyc03g034457.1,proximal,TE-like,Solyc03g034450.3,0.114861,0.162859,0.705276,0.135201
7307,Solyc03g036473.1,proximal,NA,Solyc03g042560.2,0.0401765,0.0970275,0.414074,0.0620056
7308,Solyc03g036477.1,proximal,Unclassified,Solyc03g042524.1,0.0942698,0.105819,0.890863,0.674237
7309,Solyc03g042520.2,proximal,Unclassified,Solyc03g036460.2,0.0223577,0.0342121,0.653503,0.624274
7310,Solyc03g042524.1,proximal,TE-like,Solyc03g036477.1,0.0942698,0.105819,0.890863,0.674237
7311,Solyc03g042526.1,proximal,NA,Solyc03g043570.2,0.111225,0.311448,0.357123,0.0134952
7312,Solyc03g042560.2,proximal,TE-like,Solyc03g036473.1,0.0401765,0.0970275,0.414074,0.0620056
7313,Solyc03g043570.2,proximal,NA,Solyc03g042526.1,0.111225,0.311448,0.357123,0.0134952
7314,Solyc03g043600.2,proximal,gbM,Solyc03g036460.2,0.678766,3.83382,0.177047,3.68921e-17
7315,Solyc03g044040.1,proximal,TE-like,Solyc03g044022.1,0.370202,1.25715,0.294477,0.000128669
7316,Solyc03g044280.2,proximal,TE-like,Solyc03g044240.2,0.126607,0.302693,0.418268,0.00716557
7317,Solyc03g044740.3,proximal,Unmethylated,Solyc03g044790.3,0.453745,3.6781,0.123364,1.11365e-26
7318,Solyc03g044810.2,proximal,NA,Solyc03g044820.3,0.0243261,0.0586883,0.414497,0.156843
7319,Solyc03g044820.3,proximal,Unclassified,Solyc03g044810.2,0.0243261,0.0586883,0.414497,0.156843
7320,Solyc03g046360.2,proximal,TE-like,Solyc03g046370.2,0.0983675,0.214619,0.458335,0.0494468
7321,Solyc03g046493.1,proximal,TE-like,Solyc03g046515.1,0.268915,0.671669,0.400368,0.00627691
7322,Solyc03g046495.1,proximal,Unclassified,Solyc03g046515.1,0.12356,0.292616,0.42226,0.199624
7323,Solyc03g046515.1,proximal,TE-like,Solyc03g046495.1,0.12356,0.292616,0.42226,0.199624
7324,Solyc03g046596.1,proximal,TE-like,Solyc03g070435.1,0.255479,0.319957,0.798478,0.229986
7325,Solyc03g051645.1,proximal,TE-like,Solyc03g051693.1,0.143549,0.311372,0.461019,0.191984
7326,Solyc03g051693.1,proximal,TE-like,Solyc03g051723.1,0.174272,0.407862,0.427282,0.0107001
7327,Solyc03g051705.1,proximal,TE-like,Solyc03g051720.1,0.0449304,0.0634567,0.708048,0.499103
7328,Solyc03g051720.1,proximal,TE-like,Solyc03g051705.1,0.0449304,0.0634567,0.708048,0.499103
7329,Solyc03g051723.1,proximal,TE-like,Solyc03g051693.1,0.174272,0.407862,0.427282,0.0107001
7330,Solyc03g058350.3,proximal,TE-like,Solyc03g058390.2,0.0564524,0.0981441,0.5752,0.0251402
7331,Solyc03g058380.3,proximal,TE-like,Solyc03g058350.3,0.0163401,0.0905283,0.180498,1.99365e-13
7332,Solyc03g058390.2,proximal,TE-like,Solyc03g058350.3,0.0564524,0.0981441,0.5752,0.0251402
7333,Solyc03g058890.3,proximal,TE-like,Solyc03g058910.3,0.31708,4.03516,0.0785793,7.38555e-79
7334,Solyc03g058910.3,proximal,Unclassified,Solyc03g058890.3,0.31708,4.03516,0.0785793,7.38555e-79
7335,Solyc03g062670.1,proximal,TE-like,Solyc03g062750.1,0.0415399,0.343296,0.121003,8.24952e-06
7336,Solyc03g062750.1,proximal,gbM,Solyc03g062670.1,0.0415399,0.343296,0.121003,8.24952e-06
7337,Solyc03g063030.3,proximal,TE-like,Solyc03g063050.1,0.200986,0.386284,0.520306,0.00233097
7338,Solyc03g063050.1,proximal,TE-like,Solyc03g063030.3,0.200986,0.386284,0.520306,0.00233097
7339,Solyc03g070435.1,proximal,TE-like,Solyc03g046596.1,0.255479,0.319957,0.798478,0.229986
7340,Solyc03g070460.1,proximal,TE-like,Solyc03g070440.3,0.309762,3.23586,0.095728,3.05722e-18
7341,Solyc03g071790.1,proximal,TE-like,Solyc03g071800.2,0.104399,0.13498,0.773445,0.593173
7342,Solyc03g071795.1,proximal,TE-like,NA,NA,NA,NA,NA
7343,Solyc03g071800.2,proximal,TE-like,Solyc03g071790.1,0.104399,0.13498,0.773445,0.593173
7344,Solyc03g071820.2,proximal,TE-like,Solyc03g071800.2,0.213674,0.214106,0.997982,1
7345,Solyc03g071830.1,proximal,TE-like,NA,NA,NA,NA,NA
7346,Solyc03g078430.2,proximal,TE-like,Solyc03g078440.3,0.145905,0.318824,0.457633,0.00378795
7347,Solyc03g078433.1,proximal,TE-like,Solyc03g078440.3,0.0761863,0.16277,0.468062,0.283496
7348,Solyc03g078440.3,proximal,gbM,Solyc03g078430.2,0.145905,0.318824,0.457633,0.00378795
7349,Solyc03g078530.1,proximal,gbM,Solyc03g078560.1,0.276833,2.72994,0.101406,2.53975e-12
7350,Solyc03g078560.1,proximal,gbM,Solyc03g078530.1,0.276833,2.72994,0.101406,2.53975e-12
7351,Solyc03g078710.2,proximal,Unmethylated,Solyc03g078720.3,0.400012,3.92415,0.101936,8.40762e-39
7352,Solyc03g078720.3,proximal,Unmethylated,Solyc03g078710.2,0.400012,3.92415,0.101936,8.40762e-39
7353,Solyc03g078780.2,proximal,Unclassified,Solyc03g078790.1,0.0598939,0.0986199,0.607321,0.200774
7354,Solyc03g078790.1,proximal,TE-like,Solyc03g078810.3,0.127882,0.349889,0.365494,6.98544e-05
7355,Solyc03g078800.2,proximal,TE-like,Solyc03g078770.3,0.121808,0.246622,0.493905,0.00113691
7356,Solyc03g078810.3,proximal,TE-like,Solyc03g078790.1,0.127882,0.349889,0.365494,6.98544e-05
7357,Solyc03g081200.2,proximal,Unclassified,Solyc03g081210.1,0.172,0.434193,0.396136,0.000968242
7358,Solyc03g081210.1,proximal,TE-like,Solyc03g081200.2,0.172,0.434193,0.396136,0.000968242
7359,Solyc03g081240.3,proximal,gbM,Solyc03g081260.3,0.0673232,0.168995,0.398373,0.000740646
7360,Solyc03g081250.2,proximal,Unmethylated,Solyc03g081260.3,0.373173,0.786761,0.474315,0.00821749
7361,Solyc03g081253.1,proximal,gbM,Solyc03g081260.3,0.217224,0.664679,0.326811,2.0305e-12
7362,Solyc03g081330.1,proximal,Unmethylated,Solyc03g082350.2,0.230686,0.283328,0.814203,0.509244
7363,Solyc03g082350.2,proximal,TE-like,Solyc03g081330.1,0.230686,0.283328,0.814203,0.509244
7364,Solyc03g082367.1,proximal,TE-like,Solyc03g082380.3,0.0384439,0.0768022,0.500558,0.110207
7365,Solyc03g082380.3,proximal,TE-like,Solyc03g082367.1,0.0384439,0.0768022,0.500558,0.110207
7366,Solyc03g082450.3,proximal,gbM,Solyc03g082470.3,0.108878,0.307971,0.353532,1.60132e-22
7367,Solyc03g082470.3,proximal,gbM,Solyc03g082450.3,0.108878,0.307971,0.353532,1.60132e-22
7368,Solyc03g082720.3,proximal,Unclassified,Solyc03g082740.3,0.331678,1.80732,0.183519,4.31416e-10
7369,Solyc03g082810.1,proximal,Unmethylated,Solyc03g082760.1,0.224975,0.33613,0.66931,0.166623
7370,Solyc03g083130.2,proximal,gbM,Solyc03g083160.2,0.133743,0.34907,0.38314,1.23931e-05
7371,Solyc03g083160.2,proximal,TE-like,Solyc03g083130.2,0.133743,0.34907,0.38314,1.23931e-05
7372,Solyc03g083190.2,proximal,TE-like,Solyc03g083160.2,0.156384,0.234431,0.667079,0.113681
7373,Solyc03g083195.1,proximal,TE-like,Solyc03g083210.3,0.389272,0.688305,0.565552,0.015575
7374,Solyc03g083200.3,proximal,Unclassified,Solyc03g083180.1,0.354098,0.627787,0.564042,0.173352
7375,Solyc03g083210.3,proximal,TE-like,Solyc03g083195.1,0.389272,0.688305,0.565552,0.015575
7376,Solyc03g083660.1,proximal,Unclassified,Solyc03g083700.1,0.360061,0.621467,0.579372,0.00558329
7377,Solyc03g083870.3,proximal,Unclassified,Solyc03g083840.3,0.283407,4.33336,0.0654012,3.53128e-91
7378,Solyc03g083990.1,proximal,TE-like,Solyc03g091000.1,0.179784,0.268147,0.67047,0.147292
7379,Solyc03g093040.3,proximal,TE-like,Solyc03g093060.1,0.0161339,0.0323063,0.499403,0.371756
7380,Solyc03g093530.2,proximal,Unmethylated,Solyc03g093540.1,0.335635,3.17464,0.105724,0
7381,Solyc03g093720.2,proximal,TE-like,Solyc03g093710.1,0.227333,0.486146,0.467624,2.48315e-05
7382,Solyc03g093730.1,proximal,TE-like,Solyc03g093760.1,0.0605539,0.23479,0.257906,0.00724927
7383,Solyc03g093740.1,proximal,TE-like,Solyc03g093760.1,0.217296,0.674417,0.322198,1.55466e-09
7384,Solyc03g094030.3,proximal,TE-like,Solyc03g094070.3,0.098143,0.201796,0.486347,0.0711799
7385,Solyc03g094040.3,proximal,gbM,Solyc03g094060.3,0.0546803,0.13638,0.400941,0.026034
7386,Solyc03g094060.3,proximal,TE-like,Solyc03g094080.3,0.179242,0.732825,0.24459,1.78959e-09
7387,Solyc03g094070.3,proximal,TE-like,Solyc03g094030.3,0.098143,0.201796,0.486347,0.0711799
7388,Solyc03g094080.3,proximal,TE-like,Solyc03g094060.3,0.179242,0.732825,0.24459,1.78959e-09
7389,Solyc03g094150.1,proximal,TE-like,Solyc03g094140.1,0.0177229,0.0509112,0.348114,0.110163
7390,Solyc03g095920.2,proximal,TE-like,Solyc03g095900.3,0.14588,0.348368,0.418752,0.000357546
7391,Solyc03g096080.3,proximal,Unclassified,Solyc03g096100.2,0.0740162,0.044349,1.66895,0.567337
7392,Solyc03g096120.1,proximal,TE-like,Solyc03g096097.1,0.0662085,0.021539,3.07389,0.14554
7393,Solyc03g096130.2,proximal,TE-like,Solyc03g096100.2,0.0895363,0.0717097,1.24859,0.657389
7394,Solyc03g096140.2,proximal,TE-like,Solyc03g096150.2,0.0242346,0.103402,0.234373,0.00899571
7395,Solyc03g096460.3,proximal,Unmethylated,Solyc03g096540.3,0.203753,1.03765,0.196359,5.18172e-13
7396,Solyc03g096500.1,proximal,TE-like,Solyc03g096530.1,0.270876,0.136718,1.98127,0.0119371
7397,Solyc03g096530.1,proximal,TE-like,Solyc03g096600.1,0.180195,0.111312,1.61883,0.115683
7398,Solyc03g096600.1,proximal,TE-like,Solyc03g096530.1,0.180195,0.111312,1.61883,0.115683
7399,Solyc03g096640.3,proximal,gbM,Solyc03g096660.2,0.148847,0.978661,0.152092,1.59834e-18
7400,Solyc03g096650.2,proximal,TE-like,Solyc03g096640.3,0.162932,1.09706,0.148517,2.68318e-11
7401,Solyc03g096660.2,proximal,Unclassified,Solyc03g096640.3,0.148847,0.978661,0.152092,1.59834e-18
7402,Solyc03g097875.1,proximal,TE-like,Solyc03g097886.1,0.487931,0.666689,0.731871,0.00744399
7403,Solyc03g097881.1,proximal,TE-like,Solyc03g097888.1,0.254381,0.367195,0.692767,0.140378
7404,Solyc03g097886.1,proximal,TE-like,Solyc03g097875.1,0.487931,0.666689,0.731871,0.00744399
7405,Solyc03g097888.1,proximal,TE-like,Solyc03g097881.1,0.254381,0.367195,0.692767,0.140378
7406,Solyc03g098350.1,proximal,TE-like,Solyc03g098370.1,0.385253,0.645395,0.596927,0.00312009
7407,Solyc03g098360.2,proximal,TE-like,Solyc03g098400.2,0.0364378,0.0591865,0.615643,0.0986283
7408,Solyc03g098400.2,proximal,TE-like,Solyc03g098360.2,0.0364378,0.0591865,0.615643,0.0986283
7409,Solyc03g098680.3,proximal,TE-like,Solyc03g098720.3,0.37106,1.12839,0.328841,2.94525e-06
7410,Solyc03g098720.3,proximal,Unclassified,Solyc03g098680.3,0.37106,1.12839,0.328841,2.94525e-06
7411,Solyc03g098760.2,proximal,Unclassified,Solyc03g098780.2,0.368685,0.660404,0.558272,0.00380176
7412,Solyc03g111450.2,proximal,Unmethylated,Solyc03g111460.2,0.452988,1.36596,0.331625,3.5079e-06
7413,Solyc03g111455.1,proximal,TE-like,Solyc03g111500.3,0.479288,0.618083,0.775442,0.286981
7414,Solyc03g111475.1,proximal,TE-like,Solyc03g111460.2,0.0696122,0.210403,0.330851,0.00807333
7415,Solyc03g111500.3,proximal,gbM,Solyc03g111455.1,0.479288,0.618083,0.775442,0.286981
7416,Solyc03g111880.3,proximal,TE-like,Solyc03g111935.1,0.361697,4.35009,0.0831469,3.09387e-59
7417,Solyc03g111990.3,proximal,TE-like,Solyc03g112010.3,0.199451,0.685371,0.291011,2.5872e-21
7418,Solyc03g112090.3,proximal,gbM,Solyc03g112100.3,0.503941,3.10804,0.162141,6.20026e-11
7419,Solyc03g112100.3,proximal,Unclassified,Solyc03g112090.3,0.503941,3.10804,0.162141,6.20026e-11
7420,Solyc03g112170.1,proximal,Unmethylated,Solyc03g112180.1,0.334345,0.820402,0.407539,6.58633e-05
7421,Solyc03g112180.1,proximal,Unmethylated,Solyc03g112170.1,0.334345,0.820402,0.407539,6.58633e-05
7422,Solyc03g113060.3,proximal,gbM,Solyc03g113040.3,0.0822841,0.288959,0.284761,5.13266e-23
7423,Solyc03g113490.3,proximal,gbM,Solyc03g113470.2,0.37711,4.38521,0.085996,1.62745e-63
7424,Solyc03g113820.2,proximal,gbM,Solyc03g113845.1,0.0582141,0.221814,0.262446,0.0022723
7425,Solyc03g113840.2,proximal,gbM,Solyc03g113820.2,0.703198,1.72882,0.406751,0.000427579
7426,Solyc03g113845.1,proximal,Unclassified,Solyc03g113820.2,0.0582141,0.221814,0.262446,0.0022723
7427,Solyc03g113920.3,proximal,gbM,Solyc03g113940.3,0.579972,4.02007,0.144269,2.65655e-29
7428,Solyc03g114220.1,proximal,gbM,Solyc03g114260.1,0.169034,0.214759,0.787086,0.396489
7429,Solyc03g114260.1,proximal,TE-like,Solyc03g114220.1,0.169034,0.214759,0.787086,0.396489
7430,Solyc03g114495.1,proximal,Unclassified,Solyc03g114480.3,0.377503,0.932338,0.404899,0.00559673
7431,Solyc03g114890.3,proximal,gbM,Solyc03g114875.1,0.182413,0.411587,0.443195,0.0224495
7432,Solyc03g115120.1,proximal,Unmethylated,Solyc03g115140.3,0.142902,0.465467,0.307008,5.86098e-09
7433,Solyc03g115140.3,proximal,TE-like,Solyc03g115120.1,0.142902,0.465467,0.307008,5.86098e-09
7434,Solyc03g115160.3,proximal,TE-like,Solyc03g115180.2,0.252601,0.445412,0.567119,0.00118624
7435,Solyc03g115167.1,proximal,TE-like,Solyc03g115220.3,0.36855,4.78652,0.0769974,1.25282e-08
7436,Solyc03g115180.2,proximal,TE-like,Solyc03g115160.3,0.252601,0.445412,0.567119,0.00118624
7437,Solyc03g115255.1,proximal,TE-like,Solyc03g115290.3,0.273079,0.687288,0.397328,0.000625371
7438,Solyc03g115270.2,proximal,TE-like,Solyc03g115300.2,0.102869,0.179975,0.571576,0.0894731
7439,Solyc03g115280.1,proximal,TE-like,Solyc03g115250.3,0.27231,0.262117,1.03889,0.844326
7440,Solyc03g115290.3,proximal,TE-like,Solyc03g115330.2,0.0167525,0.099194,0.168886,0.000324072
7441,Solyc03g115330.2,proximal,TE-like,Solyc03g115290.3,0.0167525,0.099194,0.168886,0.000324072
7442,Solyc03g115340.2,proximal,TE-like,Solyc03g115320.2,0.0988064,0.13017,0.759056,0.350696
7443,Solyc03g115350.2,proximal,Unmethylated,Solyc03g115320.2,0.127369,0.291064,0.437598,0.00323359
7444,Solyc03g116930.3,proximal,TE-like,Solyc03g116940.2,0.191587,0.277463,0.690494,0.0416347
7445,Solyc03g116970.2,proximal,TE-like,Solyc03g117010.3,0.163116,0.371901,0.438602,7.42224e-08
7446,Solyc03g117310.1,proximal,Unclassified,Solyc03g117340.1,0.356108,3.41726,0.104209,1.48879e-24
7447,Solyc03g117340.1,proximal,Unmethylated,Solyc03g117310.1,0.356108,3.41726,0.104209,1.48879e-24
7448,Solyc03g117360.3,proximal,TE-like,Solyc03g117370.3,0.101383,0.328225,0.308881,6.27766e-10
7449,Solyc03g117370.3,proximal,TE-like,Solyc03g117360.3,0.101383,0.328225,0.308881,6.27766e-10
7450,Solyc03g117400.3,proximal,Unclassified,Solyc03g117370.3,0.329371,0.94037,0.350257,0.00366259
7451,Solyc03g117425.1,proximal,NA,NA,NA,NA,NA,NA
7452,Solyc03g118360.2,proximal,Unmethylated,Solyc03g118340.3,0.213347,0.322124,0.662313,0.0852317
7453,Solyc03g118945.1,proximal,Unclassified,Solyc03g118970.3,0.147588,0.407437,0.362234,0.0231505
7454,Solyc03g119500.1,proximal,Unclassified,Solyc03g119510.3,0.497412,1.95075,0.254985,0.000208466
7455,Solyc03g119510.3,proximal,Unmethylated,Solyc03g119500.1,0.497412,1.95075,0.254985,0.000208466
7456,Solyc03g119850.2,proximal,Unclassified,Solyc03g119830.3,0.00978505,0.00766375,1.2768,0.96344
7457,Solyc03g120430.3,proximal,gbM,Solyc03g120440.2,0.0858439,0.17133,0.501043,0.000454934
7458,Solyc03g120440.2,proximal,gbM,Solyc03g120430.3,0.0858439,0.17133,0.501043,0.000454934
7459,Solyc03g120590.3,proximal,gbM,Solyc03g120570.3,0.0707453,0.13516,0.523417,0.0428407
7460,Solyc03g122120.3,proximal,gbM,Solyc03g122100.2,0.570395,1.5334,0.371982,2.73707e-06
7461,Solyc04g005740.1,proximal,Unmethylated,Solyc04g005760.1,0.087632,0.165669,0.528958,0.0172997
7462,Solyc04g005760.1,proximal,Unmethylated,Solyc04g005740.1,0.087632,0.165669,0.528958,0.0172997
7463,Solyc04g007030.3,proximal,Unclassified,Solyc04g007050.3,0.482139,0.973947,0.495036,6.89225e-09
7464,Solyc04g007050.3,proximal,gbM,Solyc04g007030.3,0.482139,0.973947,0.495036,6.89225e-09
7465,Solyc04g007260.3,proximal,gbM,Solyc04g007200.3,0.144133,0.378572,0.380729,3.31731e-05
7466,Solyc04g007680.3,proximal,TE-like,Solyc04g007750.3,0.279081,0.700466,0.398422,0.00600968
7467,Solyc04g007795.1,proximal,NA,Solyc04g007830.3,0.176168,0.744739,0.23655,2.28865e-05
7468,Solyc04g007820.3,proximal,Unclassified,Solyc04g007767.1,0.6305,1.96652,0.320618,0.112293
7469,Solyc04g008160.2,proximal,TE-like,Solyc04g008180.2,0.0894956,0.158912,0.563177,0.00240915
7470,Solyc04g008170.1,proximal,Unclassified,Solyc04g008190.1,0.167804,0.166743,1.00636,0.909509
7471,Solyc04g008180.2,proximal,TE-like,Solyc04g008200.3,0.10867,0.118344,0.918252,0.639228
7472,Solyc04g008190.1,proximal,gbM,Solyc04g008170.1,0.167804,0.166743,1.00636,0.909509
7473,Solyc04g008200.3,proximal,TE-like,Solyc04g008180.2,0.10867,0.118344,0.918252,0.639228
7474,Solyc04g008310.2,proximal,gbM,Solyc04g008330.1,0.140281,0.500185,0.280459,4.88497e-15
7475,Solyc04g008370.2,proximal,gbM,Solyc04g008390.2,0.14097,0.250065,0.563735,0.000142136
7476,Solyc04g009080.1,proximal,TE-like,Solyc04g009130.3,0.158669,0.374257,0.423957,0.00482245
7477,Solyc04g009100.1,proximal,TE-like,Solyc04g009130.3,0.19755,0.283227,0.697497,0.113948
7478,Solyc04g009135.1,proximal,TE-like,Solyc04g009120.2,0.27027,1.84066,0.146834,1.07864e-08
7479,Solyc04g009150.1,proximal,TE-like,Solyc04g009157.1,0.285194,0.341706,0.834617,0.433735
7480,Solyc04g009153.1,proximal,TE-like,Solyc04g009130.3,0.242889,0.558833,0.434637,1.16441e-06
7481,Solyc04g009155.1,proximal,TE-like,Solyc04g009120.2,0.222801,0.649829,0.342861,0.000249188
7482,Solyc04g009157.1,proximal,TE-like,Solyc04g009150.1,0.285194,0.341706,0.834617,0.433735
7483,Solyc04g009240.2,proximal,TE-like,Solyc04g009250.1,0.124143,0.284141,0.436905,3.58573e-10
7484,Solyc04g009250.1,proximal,TE-like,Solyc04g009290.1,0.122387,0.253237,0.48329,3.18804e-08
7485,Solyc04g009280.1,proximal,Unclassified,Solyc04g009300.3,0.0331285,0.0472529,0.70109,0.639472
7486,Solyc04g009290.1,proximal,TE-like,Solyc04g009250.1,0.122387,0.253237,0.48329,3.18804e-08
7487,Solyc04g009300.3,proximal,TE-like,Solyc04g009280.1,0.0331285,0.0472529,0.70109,0.639472
7488,Solyc04g009470.3,proximal,TE-like,Solyc04g009500.3,0.545779,1.1636,0.469042,0.0044168
7489,Solyc04g009473.1,proximal,gbM,Solyc04g009500.3,0.459402,1.06752,0.430343,0.000258001
7490,Solyc04g009500.3,proximal,TE-like,Solyc04g009473.1,0.459402,1.06752,0.430343,0.000258001
7491,Solyc04g009660.2,proximal,TE-like,Solyc04g009690.2,0.0907501,0.215769,0.420589,3.47888e-09
7492,Solyc04g009690.2,proximal,TE-like,Solyc04g009660.2,0.0907501,0.215769,0.420589,3.47888e-09
7493,Solyc04g010030.1,proximal,TE-like,Solyc04g010010.2,0.260748,0.37194,0.70105,0.00862985
7494,Solyc04g010040.3,proximal,TE-like,Solyc04g010020.3,0.193153,0.595373,0.324423,2.03386e-09
7495,Solyc04g010050.3,proximal,TE-like,Solyc04g010055.1,0.707604,4.23717,0.166999,1.7205e-25
7496,Solyc04g010130.1,proximal,TE-like,Solyc04g010155.1,0.252154,0.249198,1.01186,0.854739
7497,Solyc04g011780.1,proximal,Unclassified,Solyc04g011800.1,0.0524059,0.290946,0.180122,5.66538e-05
7498,Solyc04g011790.1,proximal,TE-like,Solyc04g011830.1,0.0126779,0.25769,0.0491984,7.3111e-08
7499,Solyc04g012105.1,proximal,Unclassified,Solyc04g012100.2,0.183468,0.154153,1.19017,0.543172
7500,Solyc04g014300.1,proximal,Unclassified,Solyc04g014350.1,0.248857,0.138117,1.80178,0.125874
7501,Solyc04g014350.1,proximal,Unclassified,Solyc04g014300.1,0.248857,0.138117,1.80178,0.125874
7502,Solyc04g014440.3,proximal,TE-like,Solyc04g014400.3,0.0114033,0.0541527,0.210576,0.000350951
7503,Solyc04g015210.3,proximal,gbM,Solyc04g015250.1,0.140064,0.211089,0.663532,0.0482472
7504,Solyc04g015240.2,proximal,Unmethylated,Solyc04g015210.3,0.105662,0.194397,0.543536,0.135819
7505,Solyc04g015250.1,proximal,Unclassified,Solyc04g015210.3,0.140064,0.211089,0.663532,0.0482472
7506,Solyc04g015770.1,proximal,TE-like,Solyc04g015800.1,0.473703,1.51211,0.313274,4.06394e-08
7507,Solyc04g016177.1,proximal,TE-like,Solyc04g016210.3,0.209619,0.585468,0.358037,8.88365e-12
7508,Solyc04g016180.3,proximal,gbM,Solyc04g016160.3,0.00263398,0.00526106,0.500656,0.29295
7509,Solyc04g017753.1,proximal,TE-like,Solyc04g017805.1,0.363636,1.31615,0.276288,8.74398e-05
7510,Solyc04g017780.2,proximal,TE-like,Solyc04g017840.1,0.0877118,0.102723,0.853865,0.803506
7511,Solyc04g017800.1,proximal,TE-like,Solyc04g017880.1,0.127504,0.196013,0.650487,0.131354
7512,Solyc04g017805.1,proximal,TE-like,Solyc04g017753.1,0.363636,1.31615,0.276288,8.74398e-05
7513,Solyc04g017910.1,proximal,TE-like,Solyc04g018000.2,0.0881502,0.155415,0.567194,0.399823
7514,Solyc04g017920.1,proximal,TE-like,Solyc04g018030.1,0.106807,0.22509,0.474508,0.118075
7515,Solyc04g018000.2,proximal,TE-like,Solyc04g017910.1,0.0881502,0.155415,0.567194,0.399823
7516,Solyc04g018020.2,proximal,TE-like,Solyc04g018000.2,0.117697,0.141928,0.829267,0.53421
7517,Solyc04g018030.1,proximal,Unclassified,Solyc04g017920.1,0.106807,0.22509,0.474508,0.118075
7518,Solyc04g018197.1,proximal,TE-like,Solyc04g019310.2,0.237924,1.02841,0.231351,2.67964e-08
7519,Solyc04g019310.2,proximal,TE-like,Solyc04g018197.1,0.237924,1.02841,0.231351,2.67964e-08
7520,Solyc04g025370.2,proximal,TE-like,Solyc04g025400.3,0.13761,0.174042,0.79067,0.506644
7521,Solyc04g025400.3,proximal,Unclassified,Solyc04g025370.2,0.13761,0.174042,0.79067,0.506644
7522,Solyc04g025750.3,proximal,TE-like,Solyc04g025790.1,0.363108,0.521573,0.696178,0.228491
7523,Solyc04g025780.1,proximal,Unclassified,Solyc04g025750.3,0.0452195,0.140909,0.320914,0.00225603
7524,Solyc04g026053.1,proximal,Unclassified,Solyc04g026140.1,0.201255,1.55195,0.129679,1.4059e-11
7525,Solyc04g026140.1,proximal,Unmethylated,Solyc04g026053.1,0.201255,1.55195,0.129679,1.4059e-11
7526,Solyc04g026200.3,proximal,TE-like,Solyc04g026227.1,0.102469,0.196483,0.521517,0.0933284
7527,Solyc04g026210.3,proximal,Unclassified,Solyc04g026235.1,0.0878335,0.262872,0.334131,0.0023817
7528,Solyc04g026223.1,proximal,TE-like,Solyc04g026200.3,0.134497,0.123314,1.09069,0.998878
7529,Solyc04g026227.1,proximal,TE-like,Solyc04g026200.3,0.102469,0.196483,0.521517,0.0933284
7530,Solyc04g026235.1,proximal,Unclassified,Solyc04g026210.3,0.0878335,0.262872,0.334131,0.0023817
7531,Solyc04g039910.2,proximal,TE-like,Solyc04g039930.3,0.270159,0.790806,0.341625,0.00166629
7532,Solyc04g039930.3,proximal,TE-like,Solyc04g039910.2,0.270159,0.790806,0.341625,0.00166629
7533,Solyc04g039945.1,proximal,TE-like,Solyc04g039910.2,0.309968,1.39766,0.221777,7.9304e-05
7534,Solyc04g039980.3,proximal,Unclassified,Solyc04g039990.3,0.26015,0.530205,0.490659,0.000225184
7535,Solyc04g040010.3,proximal,TE-like,Solyc04g040095.1,0.34719,0.872653,0.397856,0.00530906
7536,Solyc04g050000.2,proximal,TE-like,Solyc04g050090.1,0.18812,0.333364,0.564309,0.125398
7537,Solyc04g050080.1,proximal,TE-like,Solyc04g050000.2,0.223114,0.219383,1.017,0.702697
7538,Solyc04g050090.1,proximal,TE-like,Solyc04g050000.2,0.18812,0.333364,0.564309,0.125398
7539,Solyc04g050330.2,proximal,TE-like,Solyc04g050345.1,0.108737,0.157952,0.688418,0.44487
7540,Solyc04g050340.2,proximal,TE-like,Solyc04g050400.1,0.153653,0.13628,1.12749,0.838126
7541,Solyc04g050345.1,proximal,TE-like,Solyc04g050330.2,0.108737,0.157952,0.688418,0.44487
7542,Solyc04g050360.2,proximal,TE-like,Solyc04g050380.2,0.114717,0.0929316,1.23442,0.957777
7543,Solyc04g050365.1,proximal,TE-like,Solyc04g050345.1,0.140248,0.132017,1.06235,0.828452
7544,Solyc04g050370.1,proximal,Unclassified,Solyc04g050330.2,0.0980537,0.153209,0.639999,0.452424
7545,Solyc04g050410.2,proximal,TE-like,Solyc04g050417.1,0.126875,0.220782,0.574662,0.138629
7546,Solyc04g050413.1,proximal,TE-like,Solyc04g050430.1,0.391522,1.31756,0.297156,0.000204487
7547,Solyc04g050417.1,proximal,TE-like,Solyc04g050410.2,0.126875,0.220782,0.574662,0.138629
7548,Solyc04g050430.1,proximal,Unclassified,Solyc04g050413.1,0.391522,1.31756,0.297156,0.000204487
7549,Solyc04g050574.1,proximal,TE-like,Solyc04g050620.3,0.0669462,0.129985,0.515029,0.00567197
7550,Solyc04g050620.3,proximal,gbM,Solyc04g050574.1,0.0669462,0.129985,0.515029,0.00567197
7551,Solyc04g050820.2,proximal,TE-like,Solyc04g050860.2,0.121276,0.157116,0.771888,0.404292
7552,Solyc04g050860.2,proximal,TE-like,Solyc04g050820.2,0.121276,0.157116,0.771888,0.404292
7553,Solyc04g050880.1,proximal,TE-like,Solyc04g050920.3,0.495797,2.26133,0.21925,8.86361e-09
7554,Solyc04g050890.1,proximal,TE-like,Solyc04g050910.1,0.437258,1.37497,0.318012,1.68756e-05
7555,Solyc04g050900.2,proximal,TE-like,Solyc04g050920.3,0.252947,0.383935,0.658827,0.260921
7556,Solyc04g051020.2,proximal,TE-like,Solyc04g051030.1,0.0738917,0.058043,1.27305,0.788059
7557,Solyc04g051030.1,proximal,TE-like,Solyc04g051020.2,0.0738917,0.058043,1.27305,0.788059
7558,Solyc04g051040.1,proximal,TE-like,Solyc04g051060.2,0.0884795,0.216985,0.407769,0.107711
7559,Solyc04g051060.2,proximal,TE-like,Solyc04g051040.1,0.0884795,0.216985,0.407769,0.107711
7560,Solyc04g051067.1,proximal,TE-like,Solyc04g051077.1,0.249514,0.287516,0.867826,0.709464
7561,Solyc04g051077.1,proximal,TE-like,Solyc04g051067.1,0.249514,0.287516,0.867826,0.709464
7562,Solyc04g051376.1,proximal,TE-like,Solyc04g051380.1,0.198608,0.284431,0.698266,0.518733
7563,Solyc04g051730.1,proximal,TE-like,Solyc04g051768.1,0.216103,2.12788,0.101558,3.87272e-59
7564,Solyc04g051768.1,proximal,TE-like,Solyc04g051730.1,0.216103,2.12788,0.101558,3.87272e-59
7565,Solyc04g052890.2,proximal,TE-like,Solyc04g052910.2,0.0570908,0.0342688,1.66597,0.720151
7566,Solyc04g052895.1,proximal,TE-like,Solyc04g052970.2,0.250993,0.509314,0.492805,0.177226
7567,Solyc04g052910.2,proximal,TE-like,Solyc04g052890.2,0.0570908,0.0342688,1.66597,0.720151
7568,Solyc04g052960.1,proximal,Unclassified,Solyc04g053020.2,0.0784482,0.527681,0.148666,2.09752e-10
7569,Solyc04g052970.2,proximal,gbM,Solyc04g053000.1,0.0526171,0.210569,0.249881,0.0013173
7570,Solyc04g052975.1,proximal,TE-like,Solyc04g053000.1,0.28087,1.56189,0.179827,6.61679e-07
7571,Solyc04g052980.1,proximal,Unclassified,Solyc04g053020.2,0.102415,0.798106,0.128323,8.07015e-11
7572,Solyc04g053000.1,proximal,Unclassified,Solyc04g052970.2,0.0526171,0.210569,0.249881,0.0013173
7573,Solyc04g053103.1,proximal,TE-like,Solyc04g053085.1,0.310301,0.327902,0.946322,0.873788
7574,Solyc04g053107.1,proximal,TE-like,Solyc04g053100.2,0.053576,0.241186,0.222136,0.00401854
7575,Solyc04g054220.3,proximal,TE-like,Solyc04g054250.3,0.271053,1.79903,0.150666,1.17746e-49
7576,Solyc04g054650.2,proximal,TE-like,Solyc04g054680.2,0.0771529,0.0923256,0.835661,0.667149
7577,Solyc04g054655.1,proximal,TE-like,Solyc04g054685.1,0.137077,0.183303,0.747816,0.283416
7578,Solyc04g054660.2,proximal,TE-like,Solyc04g054690.3,0.0441258,0.0899249,0.490696,0.0769605
7579,Solyc04g054680.2,proximal,TE-like,Solyc04g054650.2,0.0771529,0.0923256,0.835661,0.667149
7580,Solyc04g054685.1,proximal,TE-like,Solyc04g054655.1,0.137077,0.183303,0.747816,0.283416
7581,Solyc04g054690.3,proximal,TE-like,Solyc04g054660.2,0.0441258,0.0899249,0.490696,0.0769605
7582,Solyc04g055240.1,proximal,TE-like,Solyc04g055220.1,0.0370519,0.0707695,0.523557,0.0491468
7583,Solyc04g056490.2,proximal,TE-like,Solyc04g056460.1,0.142774,0.266137,0.536468,0.00210553
7584,Solyc04g056493.1,proximal,NA,Solyc04g056496.1,0.12249,0.103046,1.18869,0.830282
7585,Solyc04g056494.1,proximal,NA,Solyc04g056497.1,0.173883,0.270263,0.643383,0.164862
7586,Solyc04g056496.1,proximal,NA,Solyc04g056493.1,0.12249,0.103046,1.18869,0.830282
7587,Solyc04g056497.1,proximal,TE-like,Solyc04g056494.1,0.173883,0.270263,0.643383,0.164862
7588,Solyc04g056505.1,proximal,TE-like,Solyc04g056497.1,0.632267,2.57891,0.245168,1.54135e-05
7589,Solyc04g056680.2,proximal,TE-like,Solyc04g056710.2,0.269006,0.625607,0.429993,0.000483483
7590,Solyc04g056710.2,proximal,TE-like,Solyc04g056735.1,0.239566,0.412133,0.581283,0.0698623
7591,Solyc04g056735.1,proximal,NA,Solyc04g056710.2,0.239566,0.412133,0.581283,0.0698623
7592,Solyc04g056741.1,proximal,TE-like,Solyc04g083140.2,0.304816,1.11923,0.272345,0.000128849
7593,Solyc04g056742.1,proximal,Unclassified,Solyc04g056744.1,0.104029,0.0904838,1.14969,0.800705
7594,Solyc04g056743.1,proximal,NA,Solyc04g056741.1,0.0221549,0.0165904,1.33541,0.770167
7595,Solyc04g056744.1,proximal,Unclassified,Solyc04g056742.1,0.104029,0.0904838,1.14969,0.800705
7596,Solyc04g058000.2,proximal,TE-like,Solyc04g058040.2,0.121355,0.19395,0.625702,0.0180634
7597,Solyc04g058030.2,proximal,TE-like,Solyc04g058060.2,0.110129,0.732171,0.150414,6.67107e-05
7598,Solyc04g058040.2,proximal,TE-like,Solyc04g058000.2,0.121355,0.19395,0.625702,0.0180634
7599,Solyc04g058060.2,proximal,TE-like,Solyc04g058030.2,0.110129,0.732171,0.150414,6.67107e-05
7600,Solyc04g058100.3,proximal,Unclassified,Solyc04g058150.3,0.0555599,0.281152,0.197615,0.000620629
7601,Solyc04g058150.3,proximal,Unmethylated,Solyc04g058100.3,0.0555599,0.281152,0.197615,0.000620629
7602,Solyc04g058180.3,proximal,gbM,Solyc04g063230.3,0.54143,4.46593,0.121236,2.79738e-59
7603,Solyc04g063230.3,proximal,TE-like,Solyc04g058180.3,0.54143,4.46593,0.121236,2.79738e-59
7604,Solyc04g063400.2,proximal,TE-like,Solyc04g063430.2,0.112495,0.144041,0.780993,0.438213
7605,Solyc04g064650.1,proximal,TE-like,Solyc04g064660.1,0.562543,4.3,0.130824,1.35121e-62
7606,Solyc04g064660.1,proximal,gbM,Solyc04g064650.1,0.562543,4.3,0.130824,1.35121e-62
7607,Solyc04g064763.1,proximal,TE-like,Solyc04g064795.1,0.0871686,0.152987,0.569779,0.00748179
7608,Solyc04g064765.1,proximal,TE-like,Solyc04g064795.1,0.0771116,0.237513,0.324662,0.00478696
7609,Solyc04g071430.2,proximal,Unclassified,Solyc04g071400.3,0.339531,3.93399,0.0863069,4.47536e-24
7610,Solyc04g071710.3,proximal,TE-like,Solyc04g071760.3,0.343105,3.86129,0.0888577,4.27344e-47
7611,Solyc04g072030.1,proximal,TE-like,Solyc04g072065.1,0.0903783,0.499111,0.181078,9.14402e-12
7612,Solyc04g072065.1,proximal,Unclassified,Solyc04g072030.1,0.0903783,0.499111,0.181078,9.14402e-12
7613,Solyc04g072080.1,proximal,Unmethylated,Solyc04g072030.1,0.0551609,0.175797,0.313776,0.0411997
7614,Solyc04g072090.1,proximal,Unmethylated,Solyc04g072030.1,0.353403,0.362861,0.973936,1
7615,Solyc04g072100.1,proximal,Unclassified,Solyc04g072065.1,0.0237926,0.0472152,0.503918,0.24336
7616,Solyc04g072180.2,proximal,Unclassified,Solyc04g072190.3,0.057554,0.1317,0.437008,0.0960038
7617,Solyc04g072190.3,proximal,gbM,Solyc04g072180.2,0.057554,0.1317,0.437008,0.0960038
7618,Solyc04g072360.2,proximal,TE-like,Solyc04g072340.1,0.221562,0.430393,0.514791,0.0170405
7619,Solyc04g072420.1,proximal,TE-like,Solyc04g072430.1,0.0349024,0.0413217,0.844652,0.687879
7620,Solyc04g072425.1,proximal,TE-like,Solyc04g072465.1,0.458372,1.21357,0.377706,0.00387308
7621,Solyc04g072430.1,proximal,TE-like,Solyc04g072420.1,0.0349024,0.0413217,0.844652,0.687879
7622,Solyc04g072465.1,proximal,Unmethylated,Solyc04g072425.1,0.458372,1.21357,0.377706,0.00387308
7623,Solyc04g072580.1,proximal,TE-like,Solyc04g072605.1,0.0911193,0.163063,0.558797,0.00754062
7624,Solyc04g072605.1,proximal,TE-like,Solyc04g072580.1,0.0911193,0.163063,0.558797,0.00754062
7625,Solyc04g072760.3,proximal,gbM,Solyc04g072740.3,0.378398,4.58431,0.0825419,8.97964e-94
7626,Solyc04g074900.3,proximal,gbM,Solyc04g074910.3,0.00537416,0.234043,0.0229623,2.17957e-06
7627,Solyc04g074910.3,proximal,Unclassified,Solyc04g074900.3,0.00537416,0.234043,0.0229623,2.17957e-06
7628,Solyc04g076780.3,proximal,TE-like,Solyc04g076760.2,0.241072,4.68842,0.0514186,9.12338e-128
7629,Solyc04g076990.3,proximal,gbM,Solyc04g077010.3,0.503138,4.34985,0.115668,3.66705e-64
7630,Solyc04g077010.3,proximal,gbM,Solyc04g076990.3,0.503138,4.34985,0.115668,3.66705e-64
7631,Solyc04g077070.1,proximal,TE-like,Solyc04g077090.2,0.343958,0.882031,0.389961,4.121e-06
7632,Solyc04g077320.2,proximal,Unclassified,Solyc04g077360.3,0.126398,0.306187,0.412814,4.47014e-06
7633,Solyc04g077340.3,proximal,TE-like,Solyc04g077360.3,0.0858044,0.273521,0.313703,1.12515e-16
7634,Solyc04g077353.1,proximal,Unclassified,Solyc04g077333.1,0.617934,0.635063,0.973027,0.668545
7635,Solyc04g077357.1,proximal,TE-like,Solyc04g077337.1,0.226569,0.960862,0.235798,0.000365862
7636,Solyc04g077360.3,proximal,gbM,Solyc04g077320.2,0.126398,0.306187,0.412814,4.47014e-06
7637,Solyc04g077660.3,proximal,TE-like,Solyc04g077615.1,0.022827,0.0463042,0.49298,0.0196591
7638,Solyc04g077670.3,proximal,TE-like,Solyc04g077650.3,0.344777,4.13548,0.0833705,1.35084e-59
7639,Solyc04g078250.3,proximal,TE-like,Solyc04g078230.1,0.268491,2.1399,0.125469,1.04956e-20
7640,Solyc04g078340.3,proximal,gbM,Solyc04g078360.1,0.429309,4.30698,0.0996775,1.04041e-48
7641,Solyc04g078530.2,proximal,TE-like,Solyc04g078430.2,0.293023,3.54582,0.0826389,2.29222e-28
7642,Solyc04g079050.2,proximal,Unclassified,Solyc04g079030.2,0.00114882,0.00258195,0.444943,0.340833
7643,Solyc04g079210.3,proximal,Unclassified,Solyc04g079240.3,0.159483,0.850515,0.187513,9.89023e-08
7644,Solyc04g079370.3,proximal,Unclassified,Solyc04g079440.3,0.58929,3.80384,0.15492,6.36514e-17
7645,Solyc04g079475.1,proximal,Unclassified,Solyc04g079480.2,0.310847,0.865157,0.359295,0.00517175
7646,Solyc04g079505.1,proximal,TE-like,Solyc04g079490.1,0.569414,1.93888,0.293682,1.59231e-05
7647,Solyc04g079640.3,proximal,Unclassified,Solyc04g079603.1,0.359262,1.40879,0.255014,7.7548e-13
7648,Solyc04g079660.2,proximal,Unmethylated,Solyc04g079640.3,0.0660401,0.2604,0.25361,2.35113e-15
7649,Solyc04g079680.3,proximal,Unclassified,Solyc04g079660.2,0.0379375,0.107554,0.352728,6.1515e-06
7650,Solyc04g080060.3,proximal,TE-like,Solyc04g080110.3,0.292255,0.332025,0.880221,0.547247
7651,Solyc04g080110.3,proximal,Unclassified,Solyc04g080060.3,0.292255,0.332025,0.880221,0.547247
7652,Solyc04g080145.1,proximal,Unmethylated,Solyc04g080160.3,0.311527,0.804774,0.387098,0.0337977
7653,Solyc04g080160.3,proximal,TE-like,Solyc04g080145.1,0.311527,0.804774,0.387098,0.0337977
7654,Solyc04g081140.1,proximal,TE-like,Solyc04g081130.1,0.143794,1.22489,0.117394,9.66656e-54
7655,Solyc04g081570.3,proximal,gbM,Solyc04g081640.2,0.545385,3.18052,0.171477,1.85732e-11
7656,Solyc04g081630.2,proximal,gbM,Solyc04g081570.3,0.650554,1.79699,0.362024,0.000148748
7657,Solyc04g081640.2,proximal,Unclassified,Solyc04g081570.3,0.545385,3.18052,0.171477,1.85732e-11
7658,Solyc04g082720.3,proximal,gbM,Solyc04g082740.3,0.433324,3.36896,0.128623,1.21274e-14
7659,Solyc04g082740.3,proximal,gbM,Solyc04g082720.3,0.433324,3.36896,0.128623,1.21274e-14
7660,Solyc04g083140.2,proximal,TE-like,Solyc04g056741.1,0.304816,1.11923,0.272345,0.000128849
7661,Solyc05g005050.3,proximal,Unclassified,Solyc05g005070.2,0.643088,3.88695,0.165448,2.76906e-36
7662,Solyc05g005125.1,proximal,Unclassified,Solyc05g005140.3,0.0279763,0.0927469,0.301641,0.00971576
7663,Solyc05g005140.3,proximal,gbM,Solyc05g005125.1,0.0279763,0.0927469,0.301641,0.00971576
7664,Solyc05g005337.1,proximal,TE-like,Solyc05g005350.2,0.175999,0.286359,0.614609,0.0588619
7665,Solyc05g005380.2,proximal,TE-like,Solyc05g005390.2,0.204422,0.200445,1.01984,0.892338
7666,Solyc05g005390.2,proximal,TE-like,Solyc05g005440.2,0.222604,0.169421,1.31391,0.247148
7667,Solyc05g005440.2,proximal,gbM,Solyc05g005390.2,0.222604,0.169421,1.31391,0.247148
7668,Solyc05g005910.3,proximal,TE-like,Solyc05g005940.3,0.134244,0.355997,0.377093,2.92885e-11
7669,Solyc05g005970.3,proximal,Unclassified,Solyc05g005950.3,0.117408,0.317239,0.370093,4.41697e-11
7670,Solyc05g006040.3,proximal,Unclassified,Solyc05g006110.3,0.429143,3.44831,0.12445,5.84159e-15
7671,Solyc05g006110.3,proximal,Unclassified,Solyc05g006040.3,0.429143,3.44831,0.12445,5.84159e-15
7672,Solyc05g007390.1,proximal,TE-like,Solyc05g007410.1,0.0795848,0.259572,0.3066,0.00271868
7673,Solyc05g007400.1,proximal,TE-like,Solyc05g007380.2,0.317064,0.695013,0.456199,1.089e-06
7674,Solyc05g007410.1,proximal,TE-like,Solyc05g007390.1,0.0795848,0.259572,0.3066,0.00271868
7675,Solyc05g007520.1,proximal,TE-like,Solyc05g007540.2,0.0455508,0.0984342,0.462754,0.0235542
7676,Solyc05g007540.2,proximal,TE-like,Solyc05g007520.1,0.0455508,0.0984342,0.462754,0.0235542
7677,Solyc05g007710.3,proximal,TE-like,Solyc05g007690.2,0.0413473,0.339051,0.12195,6.88038e-17
7678,Solyc05g008700.2,proximal,Unclassified,Solyc05g008730.1,0.314583,0.643381,0.488954,0.0356891
7679,Solyc05g008730.1,proximal,Unclassified,Solyc05g008700.2,0.314583,0.643381,0.488954,0.0356891
7680,Solyc05g009000.3,proximal,TE-like,Solyc05g008980.2,0.513467,3.99381,0.128566,1.25186e-34
7681,Solyc05g009010.1,proximal,gbM,Solyc05g008990.3,0.207542,3.94118,0.0526598,2.69853e-51
7682,Solyc05g009075.1,proximal,TE-like,Solyc05g009090.2,0.224815,0.719024,0.312667,0.00034308
7683,Solyc05g009090.2,proximal,TE-like,Solyc05g009075.1,0.224815,0.719024,0.312667,0.00034308
7684,Solyc05g010190.1,proximal,TE-like,Solyc05g010203.1,0.147374,0.759793,0.193966,4.02031e-06
7685,Solyc05g010203.1,proximal,TE-like,Solyc05g010190.1,0.147374,0.759793,0.193966,4.02031e-06
7686,Solyc05g010350.3,proximal,TE-like,Solyc05g010367.1,0.37021,1.04984,0.352635,6.65813e-11
7687,Solyc05g010392.1,proximal,TE-like,Solyc05g010363.1,0.485269,1.36166,0.356382,1.02789e-05
7688,Solyc05g010460.3,proximal,TE-like,Solyc05g010475.1,0.138355,0.372928,0.370997,0.00639966
7689,Solyc05g010475.1,proximal,gbM,Solyc05g010460.3,0.138355,0.372928,0.370997,0.00639966
7690,Solyc05g011850.1,proximal,TE-like,Solyc05g011870.1,0.0948458,0.520684,0.182156,7.21428e-07
7691,Solyc05g011930.3,proximal,TE-like,Solyc05g011950.2,0.0953149,0.297421,0.320471,0.00230776
7692,Solyc05g011940.3,proximal,TE-like,Solyc05g011970.3,0.323997,3.3885,0.0956167,2.99546e-54
7693,Solyc05g011970.3,proximal,TE-like,Solyc05g011940.3,0.323997,3.3885,0.0956167,2.99546e-54
7694,Solyc05g012176.1,proximal,TE-like,NA,NA,NA,NA,NA
7695,Solyc05g012310.3,proximal,gbM,Solyc05g012320.1,0.0180164,0.0331787,0.543009,0.289143
7696,Solyc05g012320.1,proximal,Unclassified,Solyc05g012310.3,0.0180164,0.0331787,0.543009,0.289143
7697,Solyc05g012915.1,proximal,gbM,Solyc05g012900.3,0.0781429,0.146831,0.532195,0.00447807
7698,Solyc05g013253.1,proximal,TE-like,Solyc05g013280.3,0.146551,0.811628,0.180565,2.54788e-21
7699,Solyc05g013260.2,proximal,TE-like,Solyc05g013280.3,0.309823,0.499301,0.620513,8.58301e-07
7700,Solyc05g013270.1,proximal,TE-like,Solyc05g013300.1,0.159866,0.268617,0.595147,0.012975
7701,Solyc05g013280.3,proximal,TE-like,Solyc05g013253.1,0.146551,0.811628,0.180565,2.54788e-21
7702,Solyc05g013320.1,proximal,Unmethylated,Solyc05g013300.1,0.117093,0.25368,0.461577,0.0010795
7703,Solyc05g013345.1,proximal,gbM,Solyc05g013360.3,0.0386187,0.0462227,0.835493,0.569855
7704,Solyc05g013360.3,proximal,Unclassified,Solyc05g013345.1,0.0386187,0.0462227,0.835493,0.569855
7705,Solyc05g013470.3,proximal,gbM,Solyc05g013460.3,0.0847761,0.338184,0.25068,1.34004e-18
7706,Solyc05g013620.2,proximal,TE-like,Solyc05g013640.1,0.114942,0.235768,0.487521,0.0830135
7707,Solyc05g013640.1,proximal,Unclassified,Solyc05g013620.2,0.114942,0.235768,0.487521,0.0830135
7708,Solyc05g014250.3,proximal,TE-like,Solyc05g014230.3,0.431017,3.76532,0.11447,1.25637e-30
7709,Solyc05g014430.1,proximal,NA,Solyc05g014450.1,0.0369555,0.158444,0.23324,0.00614981
7710,Solyc05g014450.1,proximal,NA,Solyc05g014430.1,0.0369555,0.158444,0.23324,0.00614981
7711,Solyc05g014485.1,proximal,Unclassified,Solyc05g014470.3,0.153596,0.099418,1.54496,0.722759
7712,Solyc05g014820.1,proximal,NA,Solyc05g014835.1,0.381772,0.48464,0.787743,0.802242
7713,Solyc05g014870.2,proximal,NA,Solyc05g014890.1,0.0938413,0.133554,0.702645,0.382982
7714,Solyc05g014880.2,proximal,NA,Solyc05g014850.2,0.0888914,0.0637023,1.39542,0.61409
7715,Solyc05g014940.2,proximal,TE-like,Solyc05g014890.1,0.154328,0.206142,0.748648,0.371224
7716,Solyc05g015770.1,proximal,NA,Solyc05g015800.3,0.168127,0.283349,0.593357,0.132432
7717,Solyc05g016005.1,proximal,Unclassified,Solyc05g016020.1,0.246889,0.549737,0.449104,0.09575
7718,Solyc05g016020.1,proximal,NA,Solyc05g016005.1,0.246889,0.549737,0.449104,0.09575
7719,Solyc05g016257.1,proximal,Unclassified,Solyc05g016260.3,0.0302217,0.000144415,209.271,0.324609
7720,Solyc05g016260.3,proximal,TE-like,Solyc05g016257.1,0.0302217,0.000144415,209.271,0.324609
7721,Solyc05g016503.1,proximal,NA,Solyc05g016550.2,0.335306,0.509943,0.657537,0.130201
7722,Solyc05g016525.1,proximal,Unclassified,Solyc05g016550.2,0.666811,0.685532,0.972691,0.908791
7723,Solyc05g016540.1,proximal,Unclassified,Solyc05g016560.1,0.074085,0.127536,0.580894,0.214989
7724,Solyc05g016550.2,proximal,NA,Solyc05g016503.1,0.335306,0.509943,0.657537,0.130201
7725,Solyc05g016560.1,proximal,Unclassified,Solyc05g016540.1,0.074085,0.127536,0.580894,0.214989
7726,Solyc05g016622.1,proximal,TE-like,Solyc05g016690.3,0.0363845,0.0147871,2.46056,0.601887
7727,Solyc05g016690.3,proximal,TE-like,Solyc05g016622.1,0.0363845,0.0147871,2.46056,0.601887
7728,Solyc05g018640.3,proximal,TE-like,Solyc05g018615.1,0.315125,0.49342,0.638654,0.161541
7729,Solyc05g018748.1,proximal,TE-like,Solyc05g018742.1,0.119731,0.230155,0.52022,0.378539
7730,Solyc05g019985.1,proximal,TE-like,Solyc05g020000.1,0.17487,0.499048,0.350407,0.00992497
7731,Solyc05g021500.2,proximal,TE-like,Solyc05g021550.2,0.413588,0.451092,0.916859,0.872934
7732,Solyc05g021535.1,proximal,Unclassified,Solyc05g023605.1,0.454601,1.80391,0.252009,3.14139e-05
7733,Solyc05g021550.2,proximal,NA,Solyc05g021500.2,0.413588,0.451092,0.916859,0.872934
7734,Solyc05g023605.1,proximal,TE-like,Solyc05g021535.1,0.454601,1.80391,0.252009,3.14139e-05
7735,Solyc05g023860.1,proximal,TE-like,Solyc05g023870.1,0.233721,0.275664,0.847848,0.851032
7736,Solyc05g023870.1,proximal,Unclassified,Solyc05g023860.1,0.233721,0.275664,0.847848,0.851032
7737,Solyc05g023880.1,proximal,TE-like,Solyc05g023900.1,0.0970088,0.0528389,1.83593,0.518523
7738,Solyc05g024040.1,proximal,TE-like,NA,NA,NA,NA,NA
7739,Solyc05g024055.1,proximal,TE-like,NA,NA,NA,NA,NA
7740,Solyc05g024060.1,proximal,TE-like,Solyc05g024130.1,0.342875,0.418049,0.820178,0.592146
7741,Solyc05g024070.1,proximal,NA,Solyc05g024090.1,0.0369731,0.0943479,0.39188,0.102097
7742,Solyc05g024080.2,proximal,NA,Solyc05g024100.1,0.105184,0.181329,0.580071,0.162904
7743,Solyc05g024090.1,proximal,NA,Solyc05g024070.1,0.0369731,0.0943479,0.39188,0.102097
7744,Solyc05g024100.1,proximal,NA,Solyc05g024080.2,0.105184,0.181329,0.580071,0.162904
7745,Solyc05g024130.1,proximal,TE-like,Solyc05g024060.1,0.342875,0.418049,0.820178,0.592146
7746,Solyc05g024140.1,proximal,TE-like,Solyc05g024170.1,0.265771,0.283079,0.938856,0.864354
7747,Solyc05g024170.1,proximal,Unclassified,Solyc05g024140.1,0.265771,0.283079,0.938856,0.864354
7748,Solyc05g024360.1,proximal,Unclassified,Solyc05g024377.1,0.120426,0.19261,0.625234,0.447557
7749,Solyc05g024377.1,proximal,Unclassified,Solyc05g024360.1,0.120426,0.19261,0.625234,0.447557
7750,Solyc05g040055.1,proximal,TE-like,Solyc05g041120.2,0.127091,0.110745,1.14761,0.725458
7751,Solyc05g041120.2,proximal,NA,Solyc05g040055.1,0.127091,0.110745,1.14761,0.725458
7752,Solyc05g041260.1,proximal,NA,Solyc05g041320.1,0.105179,0.51575,0.203934,0.0029866
7753,Solyc05g041270.1,proximal,NA,Solyc05g041300.2,0.0718223,0.0480217,1.49562,0.504929
7754,Solyc05g041285.1,proximal,Unclassified,Solyc05g041320.1,0.335298,0.475018,0.705864,0.308684
7755,Solyc05g041300.2,proximal,TE-like,Solyc05g041270.1,0.0718223,0.0480217,1.49562,0.504929
7756,Solyc05g041320.1,proximal,Unclassified,Solyc05g041260.1,0.105179,0.51575,0.203934,0.0029866
7757,Solyc05g041330.1,proximal,NA,Solyc05g041440.3,0.4291,1.15219,0.372421,1.27461e-05
7758,Solyc05g041340.2,proximal,Unclassified,Solyc05g041440.3,0.237316,0.411509,0.576697,0.0036014
7759,Solyc05g041440.3,proximal,TE-like,Solyc05g041590.3,0.150673,0.332366,0.453335,1.21751e-05
7760,Solyc05g041570.2,proximal,Unclassified,Solyc05g041440.3,0.233021,0.251373,0.926993,1
7761,Solyc05g041590.3,proximal,TE-like,Solyc05g041440.3,0.150673,0.332366,0.453335,1.21751e-05
7762,Solyc05g041610.2,proximal,NA,Solyc05g041660.1,0.0233805,0.0741418,0.315348,0.163842
7763,Solyc05g041640.2,proximal,NA,Solyc05g041670.2,0.0650353,0.0551637,1.17895,0.995815
7764,Solyc05g041650.1,proximal,NA,Solyc05g041690.2,0.1629,0.0979755,1.66266,0.215114
7765,Solyc05g041660.1,proximal,Unclassified,Solyc05g041610.2,0.0233805,0.0741418,0.315348,0.163842
7766,Solyc05g041670.2,proximal,TE-like,Solyc05g041640.2,0.0650353,0.0551637,1.17895,0.995815
7767,Solyc05g041690.2,proximal,Unclassified,Solyc05g041660.1,0.0645739,0.0735872,0.877515,0.962385
7768,Solyc05g041870.1,proximal,Unclassified,Solyc05g041910.3,0.536756,3.54579,0.151378,1.25969e-23
7769,Solyc05g041910.3,proximal,Unclassified,Solyc05g041870.1,0.536756,3.54579,0.151378,1.25969e-23
7770,Solyc05g042180.2,proximal,TE-like,Solyc05g043200.1,0.2105,0.344411,0.611188,0.041048
7771,Solyc05g042186.1,proximal,NA,Solyc05g043210.2,0.0376438,0.0325968,1.15483,0.985162
7772,Solyc05g042188.1,proximal,NA,Solyc05g042184.1,0.129792,0.114525,1.1333,0.650294
7773,Solyc05g043210.2,proximal,NA,Solyc05g042186.1,0.0376438,0.0325968,1.15483,0.985162
7774,Solyc05g043217.1,proximal,Unclassified,Solyc05g043240.1,0.155026,0.189418,0.818435,0.648761
7775,Solyc05g043232.1,proximal,NA,Solyc05g043236.1,0.0777854,0.0592392,1.31307,0.558094
7776,Solyc05g043240.1,proximal,Unmethylated,Solyc05g043217.1,0.155026,0.189418,0.818435,0.648761
7777,Solyc05g043260.1,proximal,NA,Solyc05g043236.1,0.0794765,0.0203303,3.90927,0.256606
7778,Solyc05g043440.1,proximal,TE-like,Solyc05g044450.1,0.481191,0.414125,1.16195,0.416327
7779,Solyc05g044480.3,proximal,TE-like,Solyc05g044510.2,0.129455,0.36336,0.356272,1.56791e-15
7780,Solyc05g044510.2,proximal,TE-like,Solyc05g044480.3,0.129455,0.36336,0.356272,1.56791e-15
7781,Solyc05g044570.2,proximal,TE-like,Solyc05g044510.2,0.125105,0.161759,0.773406,0.486769
7782,Solyc05g045800.1,proximal,Unclassified,Solyc05g045880.1,0.0714603,0.0756812,0.944228,0.863308
7783,Solyc05g045820.1,proximal,NA,Solyc05g045900.1,0.271189,0.574439,0.472094,0.0642527
7784,Solyc05g045830.1,proximal,NA,Solyc05g045910.1,0.106839,0.142653,0.748945,0.453761
7785,Solyc05g045880.1,proximal,TE-like,Solyc05g045800.1,0.0714603,0.0756812,0.944228,0.863308
7786,Solyc05g045900.1,proximal,TE-like,Solyc05g045820.1,0.271189,0.574439,0.472094,0.0642527
7787,Solyc05g045910.1,proximal,TE-like,Solyc05g045830.1,0.106839,0.142653,0.748945,0.453761
7788,Solyc05g045923.1,proximal,Unclassified,Solyc05g045870.2,0.106996,0.0378478,2.82702,0.173651
7789,Solyc05g045927.1,proximal,TE-like,Solyc05g045880.1,0.0722928,0.121408,0.595455,0.0924367
7790,Solyc05g045930.1,proximal,TE-like,Solyc05g045870.2,0.365994,0.452112,0.809521,0.359547
7791,Solyc05g046010.3,proximal,TE-like,Solyc05g046020.3,0.0485434,0.34985,0.138755,1.106e-17
7792,Solyc05g046160.1,proximal,NA,Solyc05g046220.1,0.0198799,0.191791,0.103654,0.00244917
7793,Solyc05g046170.1,proximal,NA,Solyc05g046140.3,0.371845,0.439323,0.846405,0.855362
7794,Solyc05g046220.1,proximal,TE-like,Solyc05g046160.1,0.0198799,0.191791,0.103654,0.00244917
7795,Solyc05g046230.1,proximal,TE-like,Solyc05g046170.1,0.130903,0.324791,0.403037,0.0190452
7796,Solyc05g047470.1,proximal,TE-like,NA,NA,NA,NA,NA
7797,Solyc05g047495.1,proximal,TE-like,NA,NA,NA,NA,NA
7798,Solyc05g047714.1,proximal,TE-like,Solyc05g047718.1,0.134502,0.170176,0.790372,0.847739
7799,Solyc05g050300.2,proximal,TE-like,Solyc05g050330.3,0.352549,0.409605,0.860705,0.595782
7800,Solyc05g050310.1,proximal,TE-like,Solyc05g050330.3,0.186959,0.378114,0.494451,0.128195
7801,Solyc05g050330.3,proximal,gbM,Solyc05g050300.2,0.352549,0.409605,0.860705,0.595782
7802,Solyc05g050400.3,proximal,NA,Solyc05g050438.1,0.0255976,0.00950365,2.69345,0.395274
7803,Solyc05g050438.1,proximal,NA,Solyc05g050400.3,0.0255976,0.00950365,2.69345,0.395274
7804,Solyc05g051080.2,proximal,TE-like,Solyc05g051120.1,0.251383,0.395271,0.635977,0.102698
7805,Solyc05g051090.1,proximal,TE-like,Solyc05g051120.1,0.109183,0.232256,0.470099,0.0170722
7806,Solyc05g051110.2,proximal,TE-like,Solyc05g051145.1,0.180454,0.215344,0.837977,0.717467
7807,Solyc05g051120.1,proximal,NA,Solyc05g051080.2,0.251383,0.395271,0.635977,0.102698
7808,Solyc05g051130.2,proximal,NA,Solyc05g051145.1,0.18423,0.227184,0.810928,0.646221
7809,Solyc05g051160.1,proximal,TE-like,Solyc05g051120.1,0.0595807,0.0738316,0.806981,0.647016
7810,Solyc05g051200.1,proximal,Unmethylated,Solyc05g051180.2,0.460747,3.3178,0.138871,1.42694e-22
7811,Solyc05g051300.1,proximal,TE-like,Solyc05g051310.1,0.29584,0.583518,0.506993,0.0316041
7812,Solyc05g051310.1,proximal,TE-like,Solyc05g051300.1,0.29584,0.583518,0.506993,0.0316041
7813,Solyc05g051950.1,proximal,TE-like,Solyc05g051920.3,0.0890407,0.384498,0.231577,9.63521e-11
7814,Solyc05g051960.1,proximal,TE-like,Solyc05g051940.3,0.153179,0.511694,0.299356,1.09352e-07
7815,Solyc05g052340.3,proximal,TE-like,Solyc05g052360.2,0.0824107,0.63728,0.129316,4.67291e-15
7816,Solyc05g052355.1,proximal,gbM,Solyc05g052365.1,0.272331,0.622589,0.437417,0.0276585
7817,Solyc05g052360.2,proximal,Unclassified,Solyc05g052390.3,0.08561,0.47503,0.18022,1.28005e-10
7818,Solyc05g052365.1,proximal,TE-like,Solyc05g052355.1,0.272331,0.622589,0.437417,0.0276585
7819,Solyc05g052460.3,proximal,TE-like,Solyc05g052430.2,0.098222,0.12037,0.815998,0.464498
7820,Solyc05g052650.2,proximal,Unclassified,Solyc05g052670.1,0.0551683,0.360409,0.153071,8.45385e-07
7821,Solyc05g053990.3,proximal,TE-like,Solyc05g054010.3,0.068463,0.107922,0.634376,0.0126237
7822,Solyc05g054350.3,proximal,TE-like,Solyc05g054330.3,0.0409233,0.129443,0.316149,6.77149e-05
7823,Solyc05g054795.1,proximal,TE-like,Solyc05g054780.2,0.628605,3.70601,0.169618,1.54702e-15
7824,Solyc05g054900.3,proximal,TE-like,Solyc05g054890.3,0.0387864,0.0750805,0.516598,0.131867
7825,Solyc05g055590.2,proximal,TE-like,Solyc05g055567.1,0.198914,0.328858,0.604862,0.000224769
7826,Solyc05g055930.2,proximal,Unclassified,Solyc05g055910.3,NA,NA,NA,NA
7827,Solyc05g056050.3,proximal,Unclassified,Solyc05g056070.3,0.0374955,0.117909,0.318005,0.000687469
7828,Solyc05g056070.3,proximal,Unclassified,Solyc05g056050.3,0.0374955,0.117909,0.318005,0.000687469
7829,Solyc05g056400.3,proximal,gbM,Solyc05g056385.1,0.0469397,0.0642003,0.731145,0.227415
7830,Solyc06g005730.2,proximal,TE-like,Solyc06g005670.3,0.149307,1.50839,0.0989846,1.47521e-13
7831,Solyc06g005795.1,proximal,gbM,Solyc06g005780.1,0.343647,0.606281,0.566812,0.0288492
7832,Solyc06g006060.1,proximal,TE-like,Solyc06g006050.2,0.253766,0.490392,0.517477,0.0559629
7833,Solyc06g006070.1,proximal,TE-like,Solyc06g006050.2,0.0320814,0.0962471,0.333323,0.00580206
7834,Solyc06g007810.1,proximal,gbM,Solyc06g007850.3,0.118045,0.2749,0.429412,0.000179803
7835,Solyc06g007820.1,proximal,Unclassified,Solyc06g007740.1,0.1496,0.244224,0.612553,0.048708
7836,Solyc06g007850.3,proximal,TE-like,Solyc06g007810.1,0.118045,0.2749,0.429412,0.000179803
7837,Solyc06g007890.3,proximal,NA,Solyc06g007910.3,0.1651,0.362013,0.456062,0.0340901
7838,Solyc06g008065.1,proximal,TE-like,Solyc06g008080.2,0.164434,0.203039,0.809867,0.436034
7839,Solyc06g008080.2,proximal,gbM,Solyc06g008065.1,0.164434,0.203039,0.809867,0.436034
7840,Solyc06g008265.1,proximal,TE-like,Solyc06g008300.3,0.128309,0.365832,0.350731,5.61661e-18
7841,Solyc06g008300.3,proximal,TE-like,Solyc06g008265.1,0.128309,0.365832,0.350731,5.61661e-18
7842,Solyc06g008380.2,proximal,TE-like,Solyc06g008400.2,0.105739,0.14785,0.715175,0.0453256
7843,Solyc06g008390.3,proximal,Unclassified,Solyc06g008450.3,0.243177,0.409058,0.59448,0.408831
7844,Solyc06g008450.3,proximal,TE-like,Solyc06g008390.3,0.243177,0.409058,0.59448,0.408831
7845,Solyc06g008480.2,proximal,TE-like,Solyc06g008450.3,0.0241774,0.0599513,0.403283,0.0838647
7846,Solyc06g008650.3,proximal,Unclassified,Solyc06g008663.1,0.645854,0.824121,0.783689,0.347095
7847,Solyc06g008770.2,proximal,TE-like,Solyc06g008800.2,0.0305261,0.0643544,0.474345,0.000617898
7848,Solyc06g008790.3,proximal,TE-like,Solyc06g008770.2,0.0550943,0.118161,0.466263,8.47835e-08
7849,Solyc06g008800.2,proximal,NA,Solyc06g008770.2,0.0305261,0.0643544,0.474345,0.000617898
7850,Solyc06g008803.1,proximal,TE-like,Solyc06g008780.2,0.0753869,0.154792,0.487019,0.041652
7851,Solyc06g009080.2,proximal,Unclassified,Solyc06g009110.3,0.0392798,0.182291,0.215479,0.0600707
7852,Solyc06g009090.1,proximal,Unclassified,Solyc06g009110.3,0.219705,0.669195,0.328312,1.81788e-06
7853,Solyc06g009110.3,proximal,gbM,Solyc06g009080.2,0.0392798,0.182291,0.215479,0.0600707
7854,Solyc06g009410.2,proximal,TE-like,Solyc06g009430.2,0.219601,0.813824,0.269839,0.00336266
7855,Solyc06g009420.3,proximal,Unmethylated,Solyc06g009440.2,0.285924,1.22151,0.234073,0.00165869
7856,Solyc06g009430.2,proximal,TE-like,Solyc06g009480.2,0.174149,1.32153,0.131778,3.51871e-06
7857,Solyc06g009440.2,proximal,TE-like,Solyc06g009420.3,0.285924,1.22151,0.234073,0.00165869
7858,Solyc06g009480.2,proximal,TE-like,Solyc06g009430.2,0.174149,1.32153,0.131778,3.51871e-06
7859,Solyc06g009897.1,proximal,TE-like,Solyc06g009880.1,0.267823,0.168245,1.59186,0.225591
7860,Solyc06g010010.2,proximal,Unclassified,Solyc06g010033.1,0.573524,2.32683,0.246483,2.66205e-10
7861,Solyc06g010033.1,proximal,TE-like,Solyc06g010010.2,0.573524,2.32683,0.246483,2.66205e-10
7862,Solyc06g010120.1,proximal,TE-like,Solyc06g010100.2,0.262392,0.682747,0.384317,1.14318e-05
7863,Solyc06g016680.1,proximal,TE-like,Solyc06g016695.1,0.440285,0.483818,0.910023,0.896787
7864,Solyc06g016690.1,proximal,TE-like,Solyc06g024207.1,0.462048,0.934542,0.494411,0.0151656
7865,Solyc06g016695.1,proximal,gbM,Solyc06g016680.1,0.440285,0.483818,0.910023,0.896787
7866,Solyc06g016720.2,proximal,TE-like,Solyc06g024203.1,0.286597,0.297579,0.963096,0.890793
7867,Solyc06g016730.1,proximal,TE-like,Solyc06g024203.1,0.396512,0.354568,1.1183,0.676056
7868,Solyc06g030600.1,proximal,TE-like,Solyc06g030620.2,0.321822,0.633209,0.50824,0.0113678
7869,Solyc06g030640.1,proximal,TE-like,Solyc06g030650.1,0.0975804,0.142961,0.682568,0.308524
7870,Solyc06g030645.1,proximal,TE-like,Solyc06g030652.1,0.276594,0.573052,0.482668,0.0542641
7871,Solyc06g030650.1,proximal,Unclassified,Solyc06g030640.1,0.0975804,0.142961,0.682568,0.308524
7872,Solyc06g030652.1,proximal,TE-like,Solyc06g030645.1,0.276594,0.573052,0.482668,0.0542641
7873,Solyc06g030658.1,proximal,Unclassified,Solyc06g030652.1,0.0566563,0.0155368,3.64658,0.295467
7874,Solyc06g033920.1,proximal,TE-like,Solyc06g033950.1,0.248165,0.493063,0.503313,2.55482e-05
7875,Solyc06g033940.1,proximal,Unmethylated,Solyc06g033920.1,0.181971,0.37893,0.480222,0.028828
7876,Solyc06g033950.1,proximal,TE-like,Solyc06g033920.1,0.248165,0.493063,0.503313,2.55482e-05
7877,Solyc06g033960.2,proximal,TE-like,Solyc06g033920.1,0.191272,0.354846,0.53903,0.0170189
7878,Solyc06g035775.1,proximal,TE-like,Solyc06g035760.3,0.140027,0.438708,0.31918,0.00013128
7879,Solyc06g035880.1,proximal,TE-like,Solyc06g035940.3,0.417691,1.15883,0.360443,0.00859622
7880,Solyc06g035940.3,proximal,TE-like,Solyc06g035880.1,0.417691,1.15883,0.360443,0.00859622
7881,Solyc06g036233.1,proximal,Unclassified,Solyc06g036240.2,0.24073,0.718243,0.335165,5.84065e-05
7882,Solyc06g036234.1,proximal,Unclassified,Solyc06g036240.2,NA,NA,NA,NA
7883,Solyc06g042933.1,proximal,TE-like,Solyc06g042954.1,0.287535,0.54653,0.526111,0.0455151
7884,Solyc06g042937.1,proximal,TE-like,Solyc06g042958.1,0.108841,0.156765,0.694294,0.524615
7885,Solyc06g042952.1,proximal,TE-like,Solyc06g042933.1,0.373556,0.628956,0.593931,0.195374
7886,Solyc06g048370.2,proximal,TE-like,Solyc06g042930.1,0.0827957,0.140027,0.591284,0.139593
7887,Solyc06g048373.1,proximal,NA,Solyc06g048380.2,0.214865,0.372032,0.577543,0.127486
7888,Solyc06g048377.1,proximal,TE-like,Solyc06g042933.1,0.187269,0.271545,0.689642,0.191404
7889,Solyc06g048380.2,proximal,TE-like,Solyc06g048373.1,0.214865,0.372032,0.577543,0.127486
7890,Solyc06g048810.3,proximal,gbM,Solyc06g048790.1,0.138123,0.21269,0.649408,0.0302454
7891,Solyc06g050340.3,proximal,TE-like,Solyc06g050470.1,0.452737,0.454226,0.996721,0.894167
7892,Solyc06g050470.1,proximal,TE-like,Solyc06g050340.3,0.452737,0.454226,0.996721,0.894167
7893,Solyc06g051660.1,proximal,Unmethylated,Solyc06g051680.1,0.195246,2.89988,0.0673291,2.51335e-20
7894,Solyc06g051680.1,proximal,Unclassified,Solyc06g051660.1,0.195246,2.89988,0.0673291,2.51335e-20
7895,Solyc06g051970.3,proximal,gbM,Solyc06g051980.3,0.0575161,0.189482,0.303543,0.000209202
7896,Solyc06g051980.3,proximal,Unclassified,Solyc06g051970.3,0.0575161,0.189482,0.303543,0.000209202
7897,Solyc06g052090.1,proximal,TE-like,Solyc06g052110.1,0.0283637,0.0227418,1.24721,0.936598
7898,Solyc06g052140.2,proximal,TE-like,Solyc06g052100.2,0.177192,0.338472,0.523505,0.0259574
7899,Solyc06g053890.1,proximal,TE-like,Solyc06g053870.3,0.142838,0.299265,0.477295,8.6589e-05
7900,Solyc06g053900.3,proximal,Unclassified,Solyc06g053870.3,0.245733,3.10092,0.0792452,1.3715e-68
7901,Solyc06g054020.3,proximal,TE-like,Solyc06g054050.2,0.0870555,0.271039,0.321191,7.89714e-19
7902,Solyc06g054050.2,proximal,gbM,Solyc06g054020.3,0.0870555,0.271039,0.321191,7.89714e-19
7903,Solyc06g054170.1,proximal,TE-like,Solyc06g054190.1,0.0267985,0.0570507,0.469732,0.155966
7904,Solyc06g054180.1,proximal,TE-like,Solyc06g054160.1,0.132268,0.138815,0.952835,0.780645
7905,Solyc06g054190.1,proximal,TE-like,Solyc06g054210.1,0.0611111,0.142977,0.42742,0.0319004
7906,Solyc06g054200.2,proximal,TE-like,Solyc06g054180.1,0.170694,0.200412,0.851713,0.453569
7907,Solyc06g054210.1,proximal,TE-like,Solyc06g054190.1,0.0611111,0.142977,0.42742,0.0319004
7908,Solyc06g054230.3,proximal,TE-like,Solyc06g054210.1,0.105683,0.371829,0.284224,0.000203113
7909,Solyc06g054440.2,proximal,TE-like,Solyc06g054455.1,0.355522,1.47753,0.240619,9.01527e-05
7910,Solyc06g054455.1,proximal,TE-like,Solyc06g054440.2,0.355522,1.47753,0.240619,9.01527e-05
7911,Solyc06g054670.2,proximal,TE-like,Solyc06g059700.3,0.0451259,0.141045,0.319939,6.75037e-05
7912,Solyc06g059700.3,proximal,Unclassified,Solyc06g054670.2,0.0451259,0.141045,0.319939,6.75037e-05
7913,Solyc06g059790.3,proximal,Unclassified,Solyc06g059830.2,0.314828,0.335612,0.938071,1
7914,Solyc06g059830.2,proximal,TE-like,Solyc06g059790.3,0.314828,0.335612,0.938071,1
7915,Solyc06g059885.1,proximal,Unclassified,Solyc06g060010.3,0.199273,0.652329,0.305479,3.03056e-09
7916,Solyc06g059930.3,proximal,Unclassified,Solyc06g059885.1,0.112544,0.246045,0.457412,4.29886e-05
7917,Solyc06g060010.3,proximal,Unclassified,Solyc06g059885.1,0.199273,0.652329,0.305479,3.03056e-09
7918,Solyc06g060013.1,proximal,TE-like,Solyc06g059930.3,0.328644,0.76465,0.429797,2.29005e-05
7919,Solyc06g062290.1,proximal,Unclassified,Solyc06g062330.2,0.208821,0.598087,0.349148,6.62994e-15
7920,Solyc06g062330.2,proximal,gbM,Solyc06g062290.1,0.208821,0.598087,0.349148,6.62994e-15
7921,Solyc06g064700.1,proximal,TE-like,Solyc06g064730.1,0.111433,0.0962964,1.15718,0.219288
7922,Solyc06g064730.1,proximal,TE-like,Solyc06g064700.1,0.111433,0.0962964,1.15718,0.219288
7923,Solyc06g064780.1,proximal,TE-like,Solyc06g064760.1,0.113261,0.308085,0.36763,0.00520938
7924,Solyc06g064790.1,proximal,TE-like,Solyc06g064760.1,0.332864,0.781897,0.425713,0.0215723
7925,Solyc06g065010.3,proximal,Unclassified,Solyc06g064990.2,0.186394,0.495276,0.376344,6.34848e-09
7926,Solyc06g065120.1,proximal,Unclassified,Solyc06g065140.2,0.192995,0.509014,0.379155,0.000246453
7927,Solyc06g065140.2,proximal,Unclassified,Solyc06g065120.1,0.192995,0.509014,0.379155,0.000246453
7928,Solyc06g065750.1,proximal,Unclassified,Solyc06g065790.1,0.0773914,0.374681,0.206553,2.84096e-10
7929,Solyc06g065790.1,proximal,TE-like,Solyc06g065750.1,0.0773914,0.374681,0.206553,2.84096e-10
7930,Solyc06g066140.2,proximal,TE-like,Solyc06g066200.2,0.313416,0.572615,0.547342,0.000541581
7931,Solyc06g066200.2,proximal,TE-like,Solyc06g066140.2,0.313416,0.572615,0.547342,0.000541581
7932,Solyc06g068250.1,proximal,Unmethylated,Solyc06g068270.3,0.0390372,0.114478,0.341001,0.15771
7933,Solyc06g068760.3,proximal,gbM,Solyc06g068740.3,0.0263785,0.132662,0.19884,5.28669e-07
7934,Solyc06g069800.2,proximal,Unclassified,Solyc06g069810.1,0.220982,0.928067,0.23811,3.81687e-11
7935,Solyc06g070930.3,proximal,Unclassified,Solyc06g070950.2,0.518873,2.78601,0.186242,7.1684e-15
7936,Solyc06g070950.2,proximal,TE-like,Solyc06g070930.3,0.518873,2.78601,0.186242,7.1684e-15
7937,Solyc06g070960.2,proximal,TE-like,Solyc06g070940.3,0.332621,4.79102,0.0694258,1.3339e-110
7938,Solyc06g071970.1,proximal,TE-like,Solyc06g071990.3,0.563135,0.971026,0.579938,0.01605
7939,Solyc06g072016.1,proximal,TE-like,Solyc06g072010.2,0.160004,0.277329,0.576946,0.204415
7940,Solyc06g072550.3,proximal,Unmethylated,Solyc06g072530.3,0.159164,0.460051,0.345969,1.43315e-05
7941,Solyc06g072860.2,proximal,gbM,Solyc06g072870.1,0.169081,0.555723,0.304253,1.62829e-11
7942,Solyc06g073890.3,proximal,Unclassified,Solyc06g073860.2,0.178625,0.289085,0.617896,0.15072
7943,Solyc06g074920.2,proximal,TE-like,Solyc06g074910.3,0.0912899,0.283265,0.322278,0.000801829
7944,Solyc06g075300.2,proximal,gbM,Solyc06g075320.3,0.148494,0.548081,0.270935,3.24997e-11
7945,Solyc06g075320.3,proximal,gbM,Solyc06g075300.2,0.148494,0.548081,0.270935,3.24997e-11
7946,Solyc06g075720.2,proximal,TE-like,Solyc06g075760.2,0.470542,0.814049,0.578026,0.103781
7947,Solyc06g075820.1,proximal,Unclassified,Solyc06g075860.2,0.788356,1.13669,0.693554,0.131068
7948,Solyc06g075840.1,proximal,gbM,Solyc06g075940.1,0.432213,1.93028,0.223912,2.28883e-07
7949,Solyc06g075860.2,proximal,Unclassified,Solyc06g075880.1,0.619545,1.78608,0.346873,3.25877e-05
7950,Solyc06g075870.1,proximal,Unclassified,Solyc06g075920.1,0.452483,0.846072,0.534804,0.607639
7951,Solyc06g075880.1,proximal,TE-like,Solyc06g075860.2,0.619545,1.78608,0.346873,3.25877e-05
7952,Solyc06g075920.1,proximal,TE-like,Solyc06g075870.1,0.452483,0.846072,0.534804,0.607639
7953,Solyc06g075940.1,proximal,Unclassified,Solyc06g075840.1,0.432213,1.93028,0.223912,2.28883e-07
7954,Solyc06g075950.2,proximal,Unclassified,Solyc06g075920.1,0.43607,0.58268,0.748387,0.205466
7955,Solyc06g075960.1,proximal,Unmethylated,Solyc06g075930.1,NA,0.246455,-4.50477e-15,NA
7956,Solyc06g076240.1,proximal,Unclassified,NA,NA,NA,NA,NA
7957,Solyc06g076290.1,proximal,Unclassified,Solyc06g076280.2,0.338158,3.2797,0.103106,6.5098e-23
7958,Solyc06g082630.3,proximal,gbM,Solyc06g082660.3,0.00107598,0.0637051,0.01689,8.54944e-11
7959,Solyc06g082660.3,proximal,gbM,Solyc06g082630.3,0.00107598,0.0637051,0.01689,8.54944e-11
7960,Solyc06g082670.3,proximal,Unclassified,Solyc06g082650.3,0.00198099,0.0555353,0.0356708,4.57372e-05
7961,Solyc06g083590.3,proximal,TE-like,Solyc06g083600.2,0.123633,0.767809,0.16102,2.05332e-31
7962,Solyc06g083600.2,proximal,gbM,Solyc06g083590.3,0.123633,0.767809,0.16102,2.05332e-31
7963,Solyc06g083937.1,proximal,Unclassified,Solyc06g083950.2,0.0839914,0.0589,1.426,0.957478
7964,Solyc06g083950.2,proximal,Unclassified,Solyc06g083937.1,0.0839914,0.0589,1.426,0.957478
7965,Solyc06g084483.1,proximal,gbM,Solyc06g084500.3,0.00507493,NA,NA,NA
7966,Solyc06g084500.3,proximal,Unmethylated,Solyc06g084483.1,0.00507493,NA,NA,NA
7967,Solyc07g005145.1,proximal,Unclassified,Solyc07g005110.3,0.0746801,0.174294,0.428473,0.0453576
7968,Solyc07g005230.2,proximal,TE-like,Solyc07g005215.1,0.426287,0.868607,0.490771,0.000124066
7969,Solyc07g005810.3,proximal,gbM,Solyc07g005780.2,0.264201,0.613287,0.430794,2.10329e-08
7970,Solyc07g006550.2,proximal,NA,NA,NA,NA,NA,NA
7971,Solyc07g006570.3,proximal,Unclassified,NA,NA,NA,NA,NA
7972,Solyc07g006920.3,proximal,TE-like,Solyc07g007000.1,0.210424,0.814149,0.258458,1.1519e-05
7973,Solyc07g006930.1,proximal,TE-like,Solyc07g007010.1,0.117279,0.351964,0.333212,4.48524e-12
7974,Solyc07g007000.1,proximal,TE-like,Solyc07g006920.3,0.210424,0.814149,0.258458,1.1519e-05
7975,Solyc07g007010.1,proximal,TE-like,Solyc07g006930.1,0.117279,0.351964,0.333212,4.48524e-12
7976,Solyc07g007100.1,proximal,Unclassified,Solyc07g007080.1,0.217035,1.16648,0.18606,7.74926e-06
7977,Solyc07g007180.3,proximal,Unclassified,Solyc07g007160.3,0.446121,1.50097,0.297223,8.06984e-07
7978,Solyc07g007710.3,proximal,gbM,Solyc07g007730.3,0.141492,0.837761,0.168894,1.00045e-07
7979,Solyc07g007730.3,proximal,TE-like,Solyc07g007710.3,0.141492,0.837761,0.168894,1.00045e-07
7980,Solyc07g008460.3,proximal,TE-like,Solyc07g008500.1,0.263005,0.451422,0.582614,0.00423408
7981,Solyc07g008580.2,proximal,TE-like,Solyc07g008500.1,0.287992,0.958945,0.300322,3.96867e-08
7982,Solyc07g008740.2,proximal,gbM,Solyc07g008790.2,0.354986,0.794539,0.446783,0.000475198
7983,Solyc07g008790.2,proximal,gbM,Solyc07g008740.2,0.354986,0.794539,0.446783,0.000475198
7984,Solyc07g008980.3,proximal,Unclassified,Solyc07g009030.3,0.202998,1.31732,0.154099,8.84544e-07
7985,Solyc07g009200.1,proximal,Unclassified,Solyc07g009180.1,0.333402,0.625219,0.533256,0.00314597
7986,Solyc07g009230.3,proximal,NA,NA,NA,NA,NA,NA
7987,Solyc07g009260.3,proximal,TE-like,NA,NA,NA,NA,NA
7988,Solyc07g009410.3,proximal,TE-like,Solyc07g009440.2,0.268141,0.626165,0.428228,3.64061e-05
7989,Solyc07g009440.2,proximal,Unclassified,Solyc07g009410.3,0.268141,0.626165,0.428228,3.64061e-05
7990,Solyc07g009550.2,proximal,TE-like,Solyc07g014585.1,0.0397888,0.03691,1.078,0.91139
7991,Solyc07g009560.2,proximal,TE-like,Solyc07g009580.1,0.0532147,0.0964766,0.551581,0.0848383
7992,Solyc07g014585.1,proximal,TE-like,Solyc07g009550.2,0.0397888,0.03691,1.078,0.91139
7993,Solyc07g015840.1,proximal,TE-like,Solyc07g015810.2,0.159292,0.2221,0.717208,0.320458
7994,Solyc07g015850.1,proximal,TE-like,Solyc07g015830.1,0.0502136,0.0574289,0.874361,0.796409
7995,Solyc07g015980.3,proximal,TE-like,Solyc07g016030.1,0.405096,3.95003,0.102555,1.70825e-30
7996,Solyc07g015985.1,proximal,TE-like,Solyc07g016020.1,0.313826,3.5419,0.0886038,1.62481e-28
7997,Solyc07g016020.1,proximal,TE-like,Solyc07g015985.1,0.313826,3.5419,0.0886038,1.62481e-28
7998,Solyc07g016030.1,proximal,TE-like,Solyc07g016050.3,0.0790193,0.0968571,0.815834,0.46928
7999,Solyc07g016040.2,proximal,TE-like,Solyc07g016020.1,0.0715658,0.141705,0.505032,0.136569
8000,Solyc07g016050.3,proximal,TE-like,Solyc07g016080.3,0.0183516,0.0363871,0.504344,0.158196
8001,Solyc07g016055.1,proximal,TE-like,Solyc07g016065.1,0.127657,0.683217,0.186847,9.88809e-05
8002,Solyc07g016060.2,proximal,TE-like,Solyc07g016090.1,0.0359989,0.0148692,2.42104,0.611216
8003,Solyc07g016065.1,proximal,Unclassified,Solyc07g016085.1,0.179011,0.53312,0.33578,0.0072472
8004,Solyc07g016070.1,proximal,TE-like,Solyc07g016090.1,0.16208,0.432748,0.374537,0.00136202
8005,Solyc07g016080.3,proximal,TE-like,Solyc07g016050.3,0.0183516,0.0363871,0.504344,0.158196
8006,Solyc07g016085.1,proximal,TE-like,Solyc07g016065.1,0.179011,0.53312,0.33578,0.0072472
8007,Solyc07g016090.1,proximal,TE-like,Solyc07g016070.1,0.16208,0.432748,0.374537,0.00136202
8008,Solyc07g016095.1,proximal,Unclassified,Solyc07g016120.2,0.357615,0.756071,0.472992,0.127364
8009,Solyc07g016120.2,proximal,TE-like,Solyc07g016095.1,0.357615,0.756071,0.472992,0.127364
8010,Solyc07g017433.1,proximal,TE-like,Solyc07g017470.2,0.0208677,0.0632439,0.329956,0.15699
8011,Solyc07g017470.2,proximal,TE-like,Solyc07g017433.1,0.0208677,0.0632439,0.329956,0.15699
8012,Solyc07g017610.3,proximal,TE-like,Solyc07g017670.2,0.339144,0.427023,0.794207,0.68711
8013,Solyc07g017650.3,proximal,TE-like,Solyc07g017610.3,0.0814589,0.0817285,0.996701,0.862495
8014,Solyc07g017670.2,proximal,TE-like,Solyc07g017610.3,0.339144,0.427023,0.794207,0.68711
8015,Solyc07g017680.2,proximal,TE-like,Solyc07g017610.3,0.101358,0.169329,0.598588,0.124589
8016,Solyc07g020890.1,proximal,TE-like,Solyc07g020920.1,0.11436,0.217052,0.52688,0.116066
8017,Solyc07g020920.1,proximal,TE-like,Solyc07g020890.1,0.11436,0.217052,0.52688,0.116066
8018,Solyc07g020962.1,proximal,TE-like,Solyc07g020966.1,0.250654,0.348852,0.718512,0.522911
8019,Solyc07g021070.1,proximal,TE-like,Solyc07g021100.1,0.0346413,0.027669,1.25199,0.939468
8020,Solyc07g021100.1,proximal,TE-like,Solyc07g021070.1,0.0346413,0.027669,1.25199,0.939468
8021,Solyc07g021467.1,proximal,TE-like,Solyc07g021500.1,0.404751,2.02644,0.199735,4.87481e-06
8022,Solyc07g021500.1,proximal,TE-like,Solyc07g021467.1,0.404751,2.02644,0.199735,4.87481e-06
8023,Solyc07g025200.1,proximal,Unclassified,Solyc07g025230.2,0.0131712,0.00421073,3.12802,0.417373
8024,Solyc07g025230.2,proximal,Unclassified,Solyc07g025200.1,0.0131712,0.00421073,3.12802,0.417373
8025,Solyc07g026720.2,proximal,TE-like,Solyc07g026740.1,0.105558,0.154357,0.683858,0.235137
8026,Solyc07g026740.1,proximal,Unmethylated,Solyc07g026720.2,0.105558,0.154357,0.683858,0.235137
8027,Solyc07g032610.1,proximal,TE-like,NA,NA,NA,NA,NA
8028,Solyc07g032620.2,proximal,TE-like,Solyc07g032633.1,0.350421,0.124098,2.82374,0.00060338
8029,Solyc07g032633.1,proximal,TE-like,Solyc07g032620.2,0.350421,0.124098,2.82374,0.00060338
8030,Solyc07g039280.1,proximal,TE-like,Solyc07g039290.1,0.141803,0.255718,0.554529,0.182614
8031,Solyc07g039290.1,proximal,TE-like,Solyc07g039280.1,0.141803,0.255718,0.554529,0.182614
8032,Solyc07g040900.2,proximal,Unclassified,Solyc07g040890.1,0.133198,0.170296,0.782157,0.481103
8033,Solyc07g041430.2,proximal,TE-like,Solyc07g041470.2,0.243604,0.250621,0.971999,0.914656
8034,Solyc07g041470.2,proximal,TE-like,Solyc07g041430.2,0.243604,0.250621,0.971999,0.914656
8035,Solyc07g041515.1,proximal,TE-like,Solyc07g041623.1,0.140267,0.402904,0.348139,0.0168589
8036,Solyc07g041623.1,proximal,TE-like,Solyc07g041515.1,0.140267,0.402904,0.348139,0.0168589
8037,Solyc07g042550.3,proximal,gbM,Solyc07g042520.3,0.17018,4.6872,0.0363074,7.6145e-152
8038,Solyc07g042700.3,proximal,TE-like,Solyc07g042740.3,0.022896,0.0176982,1.29369,0.573678
8039,Solyc07g042740.3,proximal,TE-like,Solyc07g042700.3,0.022896,0.0176982,1.29369,0.573678
8040,Solyc07g042745.1,proximal,Unmethylated,Solyc07g042700.3,0.018888,0.0355926,0.530671,0.393822
8041,Solyc07g043020.1,proximal,TE-like,Solyc07g043050.1,0.189199,0.451019,0.419494,0.011321
8042,Solyc07g043030.2,proximal,TE-like,Solyc07g043050.1,0.235534,0.230398,1.02229,0.876161
8043,Solyc07g043120.1,proximal,Unclassified,Solyc07g043150.1,0.45409,3.00785,0.150968,1.78118e-39
8044,Solyc07g043190.2,proximal,Unclassified,Solyc07g043170.3,0.203758,1.04432,0.195111,5.35282e-16
8045,Solyc07g043200.2,proximal,TE-like,Solyc07g043230.3,0.0771159,0.424171,0.181804,1.2469e-14
8046,Solyc07g043230.3,proximal,TE-like,Solyc07g043200.2,0.0771159,0.424171,0.181804,1.2469e-14
8047,Solyc07g043410.1,proximal,Unclassified,Solyc07g043490.1,0.470066,4.29314,0.109493,4.58371e-48
8048,Solyc07g043440.1,proximal,TE-like,Solyc07g043480.1,0.164539,0.686204,0.239781,0.000388821
8049,Solyc07g043450.2,proximal,TE-like,Solyc07g043480.1,0.114798,0.327238,0.350808,5.15265e-09
8050,Solyc07g043480.1,proximal,Unclassified,Solyc07g043450.2,0.114798,0.327238,0.350808,5.15265e-09
8051,Solyc07g043490.1,proximal,Unmethylated,Solyc07g043410.1,0.470066,4.29314,0.109493,4.58371e-48
8052,Solyc07g045270.2,proximal,TE-like,Solyc07g045330.3,0.115831,0.0472311,2.45243,0.161906
8053,Solyc07g045330.3,proximal,TE-like,Solyc07g045270.2,0.115831,0.0472311,2.45243,0.161906
8054,Solyc07g049550.3,proximal,TE-like,Solyc07g049530.3,0.0202264,0.37294,0.054235,1.9199e-16
8055,Solyc07g049760.1,proximal,Unclassified,Solyc07g049770.1,0.314096,0.538748,0.583011,0.0662074
8056,Solyc07g049765.1,proximal,TE-like,Solyc07g049783.1,0.350415,1.75278,0.19992,1.0305e-06
8057,Solyc07g049770.1,proximal,TE-like,Solyc07g049760.1,0.314096,0.538748,0.583011,0.0662074
8058,Solyc07g049780.2,proximal,TE-like,Solyc07g049770.1,0.318193,0.479974,0.662937,0.114097
8059,Solyc07g049783.1,proximal,TE-like,Solyc07g049765.1,0.350415,1.75278,0.19992,1.0305e-06
8060,Solyc07g049787.1,proximal,TE-like,Solyc07g049795.1,0.17078,0.51277,0.333053,0.0535294
8061,Solyc07g049790.1,proximal,TE-like,Solyc07g049800.1,0.348866,0.515351,0.676948,0.119229
8062,Solyc07g049795.1,proximal,TE-like,Solyc07g049787.1,0.17078,0.51277,0.333053,0.0535294
8063,Solyc07g049800.1,proximal,TE-like,Solyc07g051810.2,0.261366,0.445984,0.586042,0.0216387
8064,Solyc07g051810.2,proximal,TE-like,Solyc07g049800.1,0.261366,0.445984,0.586042,0.0216387
8065,Solyc07g051960.2,proximal,TE-like,Solyc07g051970.2,0.0369096,0.0556629,0.663091,0.103136
8066,Solyc07g052000.1,proximal,TE-like,Solyc07g052020.2,0.181782,0.244032,0.744907,0.317188
8067,Solyc07g052025.1,proximal,TE-like,Solyc07g052070.2,0.0733297,0.271457,0.270134,2.50642e-09
8068,Solyc07g052077.1,proximal,TE-like,Solyc07g052070.2,0.0688885,0.180071,0.382564,0.000384244
8069,Solyc07g052120.3,proximal,Unclassified,Solyc07g052135.1,0.0352632,0.0868501,0.406023,0.0404768
8070,Solyc07g052230.3,proximal,TE-like,Solyc07g052240.3,0.111204,1.75631,0.0633168,8.24653e-102
8071,Solyc07g052240.3,proximal,gbM,Solyc07g052230.3,0.111204,1.75631,0.0633168,8.24653e-102
8072,Solyc07g052470.3,proximal,gbM,Solyc07g052453.1,0.00430737,0.00468351,0.919687,0.232551
8073,Solyc07g052740.3,proximal,TE-like,Solyc07g052760.2,0.27313,1.00968,0.270512,0.00390729
8074,Solyc07g052790.2,proximal,TE-like,Solyc07g052770.2,0.139495,0.153939,0.906168,0.527265
8075,Solyc07g052800.2,proximal,TE-like,Solyc07g052770.2,0.0456327,0.0540362,0.844483,0.624837
8076,Solyc07g052810.2,proximal,TE-like,Solyc07g052730.3,0.393256,2.52385,0.155816,1.2042e-06
8077,Solyc07g054110.2,proximal,Unclassified,Solyc07g054090.3,0.149219,0.216738,0.688474,0.261935
8078,Solyc07g054370.3,proximal,TE-like,Solyc07g054340.1,0.540373,1.36652,0.395437,3.56686e-05
8079,Solyc07g054670.3,proximal,gbM,Solyc07g054640.1,0.227688,4.16327,0.0546896,2.99802e-88
8080,Solyc07g054725.1,proximal,TE-like,Solyc07g054700.3,0.490119,2.96382,0.165367,1.44896e-08
8081,Solyc07g054870.3,proximal,gbM,Solyc07g054920.2,0.130388,0.228334,0.571038,0.00420715
8082,Solyc07g054880.3,proximal,Unclassified,Solyc07g054900.2,0.0627771,0.0954611,0.65762,0.312928
8083,Solyc07g054910.2,proximal,TE-like,Solyc07g054893.1,0.39648,0.641431,0.618118,0.0369989
8084,Solyc07g054960.2,proximal,TE-like,Solyc07g054980.2,0.484136,3.36555,0.143851,1.68327e-34
8085,Solyc07g055360.1,proximal,NA,Solyc07g055420.1,0.113372,0.37857,0.299475,0.00137548
8086,Solyc07g055362.1,proximal,NA,Solyc07g055440.2,0.104554,0.235646,0.443689,0.00037881
8087,Solyc07g055400.2,proximal,TE-like,Solyc07g055430.1,0.0706226,0.280832,0.251477,5.10415e-05
8088,Solyc07g055410.2,proximal,TE-like,Solyc07g055420.1,0.05408,0.269123,0.200949,0.000875774
8089,Solyc07g055420.1,proximal,TE-like,Solyc07g055410.2,0.05408,0.269123,0.200949,0.000875774
8090,Solyc07g055430.1,proximal,TE-like,Solyc07g055400.2,0.0706226,0.280832,0.251477,5.10415e-05
8091,Solyc07g055490.3,proximal,TE-like,Solyc07g055470.3,0.137929,0.359072,0.384127,1.35872e-10
8092,Solyc07g055560.3,proximal,TE-like,Solyc07g055585.1,0.428075,1.6498,0.259471,2.26171e-16
8093,Solyc07g055585.1,proximal,TE-like,Solyc07g055560.3,0.428075,1.6498,0.259471,2.26171e-16
8094,Solyc07g055670.1,proximal,TE-like,Solyc07g055650.1,0.330734,3.8126,0.0867478,1.08333e-29
8095,Solyc07g055690.1,proximal,gbM,Solyc07g055640.1,0.691368,4.13124,0.167351,1.44628e-22
8096,Solyc07g055730.3,proximal,TE-like,Solyc07g055780.3,0.386639,3.89171,0.0993493,8.29202e-32
8097,Solyc07g056210.3,proximal,Unclassified,Solyc07g056170.3,0.241274,0.336188,0.717678,0.184082
8098,Solyc07g056510.3,proximal,NA,Solyc07g056490.4,0.21445,3.63216,0.059042,8.06612e-40
8099,Solyc07g056610.2,proximal,TE-like,Solyc07g056690.2,0.130787,0.245248,0.533282,0.00358912
8100,Solyc07g056630.3,proximal,TE-like,Solyc07g056690.2,0.618393,3.90807,0.158235,2.26443e-14
8101,Solyc07g056690.2,proximal,TE-like,Solyc07g056703.1,0.317361,0.414009,0.766557,0.141252
8102,Solyc07g061710.2,proximal,TE-like,Solyc07g056707.1,0.111903,0.298875,0.374414,0.00220512
8103,Solyc07g062900.3,proximal,TE-like,Solyc07g062910.3,0.200278,0.504702,0.396825,0.0163411
8104,Solyc07g063060.2,proximal,Unclassified,Solyc07g063040.3,0.339253,0.477109,0.711059,0.253371
8105,Solyc07g063370.2,proximal,Unclassified,Solyc07g063390.3,0.237083,4.25021,0.0557814,4.10632e-70
8106,Solyc07g063390.3,proximal,gbM,Solyc07g063370.2,0.237083,4.25021,0.0557814,4.10632e-70
8107,Solyc07g063500.3,proximal,gbM,Solyc07g063450.2,0.0462644,0.167766,0.275767,9.52448e-14
8108,Solyc07g063760.1,proximal,Unclassified,Solyc07g063780.2,0.208066,0.267158,0.778811,0.504572
8109,Solyc07g063810.2,proximal,Unclassified,Solyc07g063800.2,0.169927,0.808702,0.210123,2.90015e-18
8110,Solyc07g064000.1,proximal,gbM,Solyc07g063980.1,0.636363,4.34046,0.146612,1.01628e-08
8111,Solyc07g064377.1,proximal,TE-like,Solyc07g064380.3,0.314392,0.756623,0.41552,0.00251778
8112,Solyc07g064400.2,proximal,gbM,Solyc07g064380.3,0.404674,2.16879,0.18659,3.97559e-36
8113,Solyc07g064440.3,proximal,TE-like,Solyc07g064420.3,0.0852501,0.418828,0.203545,2.54168e-24
8114,Solyc07g065220.2,proximal,gbM,Solyc07g065230.1,0.396219,0.876505,0.452044,0.00041831
8115,Solyc07g065230.1,proximal,gbM,Solyc07g065220.2,0.396219,0.876505,0.452044,0.00041831
8116,Solyc08g005640.3,proximal,TE-like,Solyc08g005665.1,0.0848253,0.226324,0.374796,0.00608354
8117,Solyc08g005650.3,proximal,TE-like,Solyc08g005725.1,0.0575938,0.115277,0.499611,0.00182673
8118,Solyc08g005660.2,proximal,TE-like,Solyc08g005680.3,0.118547,0.390306,0.303728,5.4029e-05
8119,Solyc08g005665.1,proximal,Unclassified,Solyc08g005640.3,0.0848253,0.226324,0.374796,0.00608354
8120,Solyc08g005680.3,proximal,TE-like,Solyc08g005660.2,0.118547,0.390306,0.303728,5.4029e-05
8121,Solyc08g005725.1,proximal,TE-like,Solyc08g005650.3,0.0575938,0.115277,0.499611,0.00182673
8122,Solyc08g005750.2,proximal,TE-like,Solyc08g005760.1,0.141885,0.550634,0.257676,7.54597e-05
8123,Solyc08g005770.3,proximal,TE-like,Solyc08g005760.1,0.129147,0.428346,0.301502,1.7048e-11
8124,Solyc08g006370.1,proximal,TE-like,Solyc08g006390.1,0.131619,0.374507,0.351447,0.000500261
8125,Solyc08g006380.3,proximal,TE-like,Solyc08g006360.2,0.080149,0.250972,0.319354,3.3693e-06
8126,Solyc08g006920.2,proximal,TE-like,Solyc08g006940.3,0.576316,3.79827,0.151731,1.20628e-22
8127,Solyc08g006940.3,proximal,TE-like,Solyc08g006920.2,0.576316,3.79827,0.151731,1.20628e-22
8128,Solyc08g007250.2,proximal,Unclassified,Solyc08g007295.1,0.42839,0.380759,1.12509,0.576359
8129,Solyc08g007260.1,proximal,TE-like,Solyc08g007310.3,0.141029,0.207761,0.678804,0.106562
8130,Solyc08g007295.1,proximal,TE-like,Solyc08g007270.3,0.161275,0.147692,1.09197,0.749789
8131,Solyc08g007340.3,proximal,TE-like,Solyc08g007360.3,0.0596644,0.171019,0.348875,2.82633e-19
8132,Solyc08g007360.3,proximal,TE-like,Solyc08g007340.3,0.0596644,0.171019,0.348875,2.82633e-19
8133,Solyc08g007650.1,proximal,TE-like,Solyc08g007670.1,0.116539,0.37102,0.314105,1.94797e-09
8134,Solyc08g007710.3,proximal,TE-like,Solyc08g007755.1,0.613384,1.25422,0.489058,0.0127841
8135,Solyc08g007711.1,proximal,TE-like,Solyc08g007716.1,0.183074,0.205458,0.891053,0.526487
8136,Solyc08g007712.1,proximal,TE-like,Solyc08g007716.1,0.254033,0.353015,0.719611,0.0457843
8137,Solyc08g007755.1,proximal,TE-like,Solyc08g007710.3,0.613384,1.25422,0.489058,0.0127841
8138,Solyc08g007760.3,proximal,TE-like,Solyc08g007750.3,0.0617415,0.0791026,0.780525,0.359722
8139,Solyc08g007865.1,proximal,TE-like,Solyc08g007900.2,0.096665,0.429439,0.225096,4.17783e-09
8140,Solyc08g007900.2,proximal,TE-like,Solyc08g007860.3,0.0698183,0.200718,0.347843,0.00203848
8141,Solyc08g013750.3,proximal,TE-like,Solyc08g013790.1,0.486502,3.07459,0.158233,4.68262e-15
8142,Solyc08g013780.1,proximal,Unclassified,Solyc08g013800.3,0.203014,0.760534,0.266936,1.05661e-05
8143,Solyc08g014090.1,proximal,gbM,Solyc08g014110.1,0.0895471,0.379972,0.235667,4.08372e-07
8144,Solyc08g014110.1,proximal,TE-like,Solyc08g014090.1,0.0895471,0.379972,0.235667,4.08372e-07
8145,Solyc08g014130.3,proximal,Unclassified,Solyc08g014230.3,0.185786,2.21546,0.083859,8.2773e-47
8146,Solyc08g014560.2,proximal,TE-like,Solyc08g014540.1,0.288315,3.95798,0.0728441,4.14813e-67
8147,Solyc08g015800.1,proximal,Unmethylated,Solyc08g015750.2,0.280533,0.431491,0.650148,0.113812
8148,Solyc08g016210.3,proximal,Unclassified,Solyc08g016270.2,0.104446,0.20321,0.51398,9.49703e-07
8149,Solyc08g016215.1,proximal,Unclassified,Solyc08g016270.2,0.0893115,0.34057,0.262241,1.3748e-06
8150,Solyc08g016270.2,proximal,Unclassified,Solyc08g016210.3,0.104446,0.20321,0.51398,9.49703e-07
8151,Solyc08g016310.3,proximal,TE-like,Solyc08g016270.2,0.106707,0.234316,0.455397,7.86291e-10
8152,Solyc08g016797.1,proximal,TE-like,Solyc08g054575.1,0.214161,0.223142,0.959752,0.884513
8153,Solyc08g021790.1,proximal,TE-like,Solyc08g021830.1,0.166482,0.151469,1.09912,0.792621
8154,Solyc08g021830.1,proximal,TE-like,Solyc08g021790.1,0.166482,0.151469,1.09912,0.792621
8155,Solyc08g041661.1,proximal,TE-like,Solyc08g041668.1,0.138494,0.237035,0.584274,0.0797171
8156,Solyc08g041662.1,proximal,TE-like,Solyc08g041667.1,0.325872,0.350956,0.928527,0.820758
8157,Solyc08g041663.1,proximal,TE-like,Solyc08g041665.1,0.178172,0.234273,0.760532,0.546918
8158,Solyc08g041664.1,proximal,TE-like,Solyc08g041668.1,0.212186,0.423504,0.501025,0.00433569
8159,Solyc08g041665.1,proximal,TE-like,Solyc08g041663.1,0.178172,0.234273,0.760532,0.546918
8160,Solyc08g041666.1,proximal,TE-like,Solyc08g041664.1,0.0686517,0.0324577,2.11512,0.18998
8161,Solyc08g041667.1,proximal,TE-like,Solyc08g041662.1,0.325872,0.350956,0.928527,0.820758
8162,Solyc08g041668.1,proximal,TE-like,Solyc08g041664.1,0.212186,0.423504,0.501025,0.00433569
8163,Solyc08g044550.1,proximal,Unclassified,Solyc08g044590.1,0.0375214,NA,NA,0.197848
8164,Solyc08g044560.1,proximal,TE-like,Solyc08g044600.1,0.00613432,0.0877944,0.0698715,0.0826586
8165,Solyc08g044590.1,proximal,TE-like,Solyc08g044550.1,0.0375214,NA,NA,0.197848
8166,Solyc08g044600.1,proximal,TE-like,Solyc08g044560.1,0.00613432,0.0877944,0.0698715,0.0826586
8167,Solyc08g048520.1,proximal,TE-like,Solyc08g048540.2,0.157325,0.367098,0.428564,0.00695962
8168,Solyc08g048540.2,proximal,TE-like,Solyc08g048520.1,0.157325,0.367098,0.428564,0.00695962
8169,Solyc08g054575.1,proximal,TE-like,Solyc08g016797.1,0.214161,0.223142,0.959752,0.884513
8170,Solyc08g059770.1,proximal,TE-like,Solyc08g060870.1,0.102802,0.135062,0.761144,0.375868
8171,Solyc08g060900.2,proximal,TE-like,Solyc08g060880.1,0.294215,0.401733,0.732366,0.408689
8172,Solyc08g061370.1,proximal,TE-like,Solyc08g061420.1,0.0580586,0.0604402,0.960596,0.990389
8173,Solyc08g061420.1,proximal,TE-like,Solyc08g061370.1,0.0580586,0.0604402,0.960596,0.990389
8174,Solyc08g061570.2,proximal,TE-like,Solyc08g061610.3,0.264083,0.513359,0.514421,0.0190584
8175,Solyc08g061580.3,proximal,TE-like,Solyc08g061610.3,0.111244,0.126727,0.877821,0.581755
8176,Solyc08g061610.3,proximal,TE-like,Solyc08g061570.2,0.264083,0.513359,0.514421,0.0190584
8177,Solyc08g061680.2,proximal,TE-like,Solyc08g061698.1,0.070938,0.0956759,0.741441,0.458068
8178,Solyc08g061692.1,proximal,TE-like,Solyc08g061698.1,0.0297981,0.0728805,0.408863,0.0884316
8179,Solyc08g061694.1,proximal,TE-like,Solyc08g061698.1,0.0214067,0.0669557,0.319715,0.030577
8180,Solyc08g061698.1,proximal,TE-like,Solyc08g061692.1,0.0297981,0.0728805,0.408863,0.0884316
8181,Solyc08g061710.2,proximal,TE-like,Solyc08g061730.2,0.149421,0.273019,0.547292,0.101926
8182,Solyc08g061720.1,proximal,TE-like,Solyc08g061750.1,0.0260972,0.08253,0.316215,0.202359
8183,Solyc08g061730.2,proximal,TE-like,Solyc08g061710.2,0.149421,0.273019,0.547292,0.101926
8184,Solyc08g061746.1,proximal,TE-like,Solyc08g061698.1,0.0623882,0.0997973,0.625149,0.833098
8185,Solyc08g061750.1,proximal,TE-like,Solyc08g061720.1,0.0260972,0.08253,0.316215,0.202359
8186,Solyc08g062330.3,proximal,Unclassified,Solyc08g062360.3,0.243249,1.08929,0.22331,5.51634e-23
8187,Solyc08g062360.3,proximal,Unclassified,Solyc08g062330.3,0.243249,1.08929,0.22331,5.51634e-23
8188,Solyc08g062440.2,proximal,TE-like,Solyc08g062560.3,0.101365,0.0645807,1.56958,0.55052
8189,Solyc08g062530.3,proximal,TE-like,Solyc08g062510.3,0.047345,0.0438013,1.08091,0.981049
8190,Solyc08g062560.3,proximal,TE-like,Solyc08g062440.2,0.101365,0.0645807,1.56958,0.55052
8191,Solyc08g065500.2,proximal,TE-like,Solyc08g065540.3,0.0777759,0.406329,0.191411,1.04881e-16
8192,Solyc08g065540.3,proximal,TE-like,Solyc08g065500.2,0.0777759,0.406329,0.191411,1.04881e-16
8193,Solyc08g065610.3,proximal,Unclassified,Solyc08g065690.1,0.286639,1.89015,0.151649,1.41507e-46
8194,Solyc08g065725.1,proximal,TE-like,Solyc08g065720.1,0.188098,0.490945,0.383135,0.0168144
8195,Solyc08g065730.1,proximal,TE-like,Solyc08g065710.2,0.149959,0.284575,0.526957,0.119502
8196,Solyc08g066210.3,proximal,gbM,Solyc08g066270.2,0.430615,4.59346,0.0937452,9.69024e-75
8197,Solyc08g066220.3,proximal,TE-like,Solyc08g066240.3,0.118416,0.442157,0.267815,4.35804e-15
8198,Solyc08g066270.2,proximal,Unclassified,Solyc08g066300.2,0.168177,0.275341,0.610793,0.00523875
8199,Solyc08g066420.1,proximal,Unmethylated,Solyc08g066430.1,0.538106,2.39778,0.224418,9.57912e-11
8200,Solyc08g066430.1,proximal,Unmethylated,Solyc08g066420.1,0.538106,2.39778,0.224418,9.57912e-11
8201,Solyc08g066880.3,proximal,TE-like,Solyc08g066900.1,0.0067534,0.0597914,0.112949,0.0523596
8202,Solyc08g066890.3,proximal,NA,Solyc08g066930.2,NA,NA,NA,NA
8203,Solyc08g066900.1,proximal,TE-like,Solyc08g066880.3,0.0067534,0.0597914,0.112949,0.0523596
8204,Solyc08g066930.2,proximal,TE-like,Solyc08g066890.3,NA,NA,NA,NA
8205,Solyc08g067340.3,proximal,Unclassified,Solyc08g067360.3,0.131814,0.403407,0.326751,3.8345e-07
8206,Solyc08g067360.3,proximal,Unclassified,Solyc08g067340.3,0.131814,0.403407,0.326751,3.8345e-07
8207,Solyc08g067490.1,proximal,Unclassified,Solyc08g067570.1,0.150385,0.209368,0.71828,0.169301
8208,Solyc08g067560.2,proximal,Unclassified,Solyc08g067580.2,0.0833466,0.14405,0.578596,0.137826
8209,Solyc08g067570.1,proximal,gbM,Solyc08g067490.1,0.150385,0.209368,0.71828,0.169301
8210,Solyc08g067580.2,proximal,Unmethylated,Solyc08g067600.2,0.187246,0.60269,0.310684,7.6457e-06
8211,Solyc08g067590.1,proximal,Unclassified,Solyc08g067570.1,0.0839443,0.331508,0.25322,4.94563e-05
8212,Solyc08g067600.2,proximal,Unmethylated,Solyc08g067580.2,0.187246,0.60269,0.310684,7.6457e-06
8213,Solyc08g067900.2,proximal,Unclassified,Solyc08g067880.3,0.0626827,0.383881,0.163287,6.00194e-07
8214,Solyc08g068070.3,proximal,TE-like,Solyc08g068090.3,0.0988756,1.68156,0.0587998,1.27257e-19
8215,Solyc08g068270.3,proximal,TE-like,Solyc08g068250.3,0.0840614,0.0956591,0.87876,0.633407
8216,Solyc08g068712.1,proximal,Unclassified,Solyc08g068730.1,0.14256,0.528235,0.26988,8.14797e-05
8217,Solyc08g068720.1,proximal,Unclassified,Solyc08g068710.1,0.0681598,0.38878,0.175317,2.08592e-12
8218,Solyc08g068730.1,proximal,Unmethylated,Solyc08g068712.1,0.14256,0.528235,0.26988,8.14797e-05
8219,Solyc08g068770.2,proximal,Unmethylated,Solyc08g068790.2,0.0557409,0.439744,0.126758,1.65502e-13
8220,Solyc08g068780.2,proximal,Unclassified,Solyc08g068730.1,0.0386627,0.373576,0.103493,1.08944e-16
8221,Solyc08g068790.2,proximal,Unclassified,Solyc08g068770.2,0.0557409,0.439744,0.126758,1.65502e-13
8222,Solyc08g069070.2,proximal,Unclassified,Solyc08g069090.1,0.301292,1.14869,0.262292,1.30847e-11
8223,Solyc08g069090.1,proximal,Unclassified,Solyc08g069070.2,0.301292,1.14869,0.262292,1.30847e-11
8224,Solyc08g074650.3,proximal,Unclassified,Solyc08g074630.2,0.267399,2.26393,0.118113,5.70082e-56
8225,Solyc08g074790.3,proximal,Unclassified,Solyc08g074840.1,0.52316,1.78543,0.293017,0.000438736
8226,Solyc08g074840.1,proximal,TE-like,Solyc08g074860.1,0.0890125,0.130941,0.67979,0.142617
8227,Solyc08g074860.1,proximal,gbM,Solyc08g074840.1,0.0890125,0.130941,0.67979,0.142617
8228,Solyc08g074880.1,proximal,gbM,Solyc08g074897.1,0.489345,1.62093,0.301892,0.00112694
8229,Solyc08g074950.2,proximal,TE-like,Solyc08g074990.2,0.060227,0.0649112,0.927837,0.872938
8230,Solyc08g074990.2,proximal,Unclassified,Solyc08g074950.2,0.060227,0.0649112,0.927837,0.872938
8231,Solyc08g075034.1,proximal,TE-like,Solyc08g075030.3,0.519804,1.5332,0.339032,4.00027e-07
8232,Solyc08g075036.1,proximal,TE-like,Solyc08g075050.2,0.553658,3.32973,0.166277,3.79407e-10
8233,Solyc08g075050.2,proximal,TE-like,Solyc08g075036.1,0.553658,3.32973,0.166277,3.79407e-10
8234,Solyc08g075060.3,proximal,TE-like,Solyc08g075030.3,0.31442,3.9434,0.0797332,1.5887e-40
8235,Solyc08g075180.1,proximal,Unclassified,Solyc08g075210.2,0.25306,0.46453,0.544765,0.00309409
8236,Solyc08g075260.1,proximal,Unclassified,Solyc08g075240.3,0.110296,0.305147,0.361451,0.00298802
8237,Solyc08g075270.1,proximal,Unclassified,Solyc08g075240.3,0.0415372,0.187118,0.221984,1.20419e-05
8238,Solyc08g075480.3,proximal,TE-like,Solyc08g075490.3,0.105422,0.528547,0.199456,5.73413e-29
8239,Solyc08g075490.3,proximal,Unclassified,Solyc08g075480.3,0.105422,0.528547,0.199456,5.73413e-29
8240,Solyc08g075980.1,proximal,Unclassified,Solyc08g076000.3,0.250993,1.01574,0.247104,3.79674e-13
8241,Solyc08g076000.3,proximal,TE-like,Solyc08g075980.1,0.250993,1.01574,0.247104,3.79674e-13
8242,Solyc08g076550.2,proximal,TE-like,Solyc08g076570.3,0.447147,0.866249,0.516188,0.00439036
8243,Solyc08g076570.3,proximal,gbM,Solyc08g076550.2,0.447147,0.866249,0.516188,0.00439036
8244,Solyc08g076820.3,proximal,Unclassified,Solyc08g076810.3,0.113897,0.215507,0.528508,0.00763768
8245,Solyc08g077500.3,proximal,TE-like,Solyc08g077490.2,0.0205901,0.0778395,0.26452,5.11748e-06
8246,Solyc08g077560.3,proximal,TE-like,Solyc08g077630.3,0.0464478,0.113074,0.410774,0.00138506
8247,Solyc08g077570.2,proximal,TE-like,Solyc08g077610.2,0.141031,0.313603,0.449711,0.00634266
8248,Solyc08g077575.1,proximal,TE-like,Solyc08g077610.2,0.355624,0.674452,0.527279,0.0145105
8249,Solyc08g077580.2,proximal,TE-like,Solyc08g077610.2,0.152878,0.303651,0.503465,0.00852072
8250,Solyc08g077590.1,proximal,TE-like,Solyc08g077610.2,0.0272183,0.0753458,0.361245,0.0216381
8251,Solyc08g077640.2,proximal,TE-like,Solyc08g077610.2,0.0869404,0.0764393,1.13738,0.842312
8252,Solyc08g077650.1,proximal,TE-like,Solyc08g077690.3,0.0261354,0.385034,0.0678781,2.74929e-05
8253,Solyc08g077660.1,proximal,TE-like,Solyc08g077690.3,0.130638,0.313344,0.416915,0.0480271
8254,Solyc08g077670.2,proximal,TE-like,Solyc08g077690.3,0.177352,0.473885,0.374252,1.92053e-07
8255,Solyc08g078870.2,proximal,NA,NA,NA,NA,NA,NA
8256,Solyc08g078890.2,proximal,TE-like,Solyc08g078910.1,0.37853,3.13165,0.120872,4.52108e-24
8257,Solyc08g079317.1,proximal,TE-like,Solyc08g083520.2,0.18823,0.450221,0.418084,0.000192175
8258,Solyc08g079370.2,proximal,TE-like,Solyc08g083500.2,0.0921939,0.322948,0.285476,2.59857e-14
8259,Solyc08g079950.1,proximal,Unclassified,Solyc08g079970.1,0.165229,0.209832,0.787437,0.443859
8260,Solyc08g079970.1,proximal,TE-like,Solyc08g079950.1,0.165229,0.209832,0.787437,0.443859
8261,Solyc08g080010.1,proximal,gbM,Solyc08g079990.2,0.121714,0.4637,0.262484,5.10474e-28
8262,Solyc08g080745.1,proximal,TE-like,Solyc08g080790.1,0.337334,1.43254,0.23548,5.93042e-23
8263,Solyc08g080870.3,proximal,gbM,Solyc08g080890.3,0.122089,1.44209,0.0846611,3.9785e-81
8264,Solyc08g080890.3,proximal,gbM,Solyc08g080870.3,0.122089,1.44209,0.0846611,3.9785e-81
8265,Solyc08g081555.1,proximal,NA,Solyc08g081540.3,0.0546289,0.271951,0.200878,9.60514e-07
8266,Solyc08g081650.2,proximal,TE-like,Solyc08g081670.2,0.481398,1.55565,0.309451,1.29334e-10
8267,Solyc08g081880.2,proximal,gbM,Solyc08g081840.3,0.305128,0.496099,0.615054,0.00815743
8268,Solyc08g082300.3,proximal,TE-like,Solyc08g082280.3,0.00844428,0.0268231,0.314813,0.114926
8269,Solyc08g082517.1,proximal,Unclassified,Solyc08g082510.1,0.205755,0.668383,0.30784,4.08407e-07
8270,Solyc08g082520.1,proximal,Unclassified,Solyc08g082510.1,0.183608,0.818201,0.224404,3.72072e-09
8271,Solyc08g082830.3,proximal,TE-like,Solyc08g082840.2,0.00176557,0.00203785,0.866393,0.635418
8272,Solyc08g082840.2,proximal,TE-like,Solyc08g082830.3,0.00176557,0.00203785,0.866393,0.635418
8273,Solyc08g083080.3,proximal,Unmethylated,Solyc08g083140.3,0.0965688,0.256468,0.376534,0.00762586
8274,Solyc08g083100.2,proximal,Unclassified,Solyc08g083140.3,0.248537,0.547821,0.453682,0.000916752
8275,Solyc08g083140.3,proximal,Unclassified,Solyc08g083100.2,0.248537,0.547821,0.453682,0.000916752
8276,Solyc09g005480.3,proximal,TE-like,Solyc09g005520.2,0.181115,0.343467,0.527314,0.0010335
8277,Solyc09g005770.1,proximal,TE-like,Solyc09g005800.2,0.181951,0.503293,0.361521,0.0231852
8278,Solyc09g005800.2,proximal,TE-like,Solyc09g005770.1,0.181951,0.503293,0.361521,0.0231852
8279,Solyc09g007595.1,proximal,Unclassified,Solyc09g007580.2,0.0349233,0.0458146,0.762273,0.602637
8280,Solyc09g007600.2,proximal,Unclassified,Solyc09g007580.2,0.01365,NA,NA,NA
8281,Solyc09g008090.3,proximal,TE-like,Solyc09g008060.3,0.346279,3.95072,0.0876495,1.50867e-51
8282,Solyc09g008910.2,proximal,TE-like,Solyc09g098620.2,0.471441,2.52823,0.186471,4.58218e-34
8283,Solyc09g008913.1,proximal,TE-like,Solyc09g008910.2,0.230518,2.17624,0.105925,6.9487e-42
8284,Solyc09g009310.1,proximal,TE-like,Solyc09g009330.1,0.0355763,0.0545336,0.652374,0.283917
8285,Solyc09g009330.1,proximal,TE-like,Solyc09g009310.1,0.0355763,0.0545336,0.652374,0.283917
8286,Solyc09g009500.3,proximal,TE-like,Solyc09g009520.3,0.156785,2.23848,0.0700408,1.3136e-44
8287,Solyc09g010040.2,proximal,TE-like,Solyc09g010000.3,0.27837,2.20585,0.126196,7.52556e-34
8288,Solyc09g010260.3,proximal,gbM,Solyc09g010270.1,0.0188497,0.0407748,0.462288,0.227588
8289,Solyc09g010270.1,proximal,Unclassified,Solyc09g010260.3,0.0188497,0.0407748,0.462288,0.227588
8290,Solyc09g010993.1,proximal,TE-like,Solyc09g011045.1,0.0165692,0.0385545,0.429759,0.128118
8291,Solyc09g011045.1,proximal,TE-like,Solyc09g010993.1,0.0165692,0.0385545,0.429759,0.128118
8292,Solyc09g011535.1,proximal,Unmethylated,Solyc09g011550.2,0.129589,0.366142,0.353932,0.0385087
8293,Solyc09g011540.2,proximal,Unclassified,Solyc09g011500.3,0.202255,1.87373,0.107942,1.738e-25
8294,Solyc09g011620.1,proximal,TE-like,Solyc09g011640.4,0.174426,0.882439,0.197664,2.98373e-12
8295,Solyc09g011630.3,proximal,Unclassified,Solyc09g011640.4,0.15325,0.82247,0.186329,6.57746e-13
8296,Solyc09g011670.3,proximal,gbM,Solyc09g011660.3,0.0646684,0.846838,0.0763646,2.43025e-19
8297,Solyc09g011675.1,proximal,Unclassified,Solyc09g011700.1,0.0392718,0.0641137,0.612535,0.354369
8298,Solyc09g011700.1,proximal,TE-like,Solyc09g011675.1,0.0392718,0.0641137,0.612535,0.354369
8299,Solyc09g011890.1,proximal,TE-like,Solyc09g011910.3,0.163347,0.357891,0.456415,0.00252764
8300,Solyc09g011895.1,proximal,Unclassified,Solyc09g011910.3,0.12573,0.300692,0.418138,0.0687594
8301,Solyc09g011910.3,proximal,TE-like,Solyc09g011890.1,0.163347,0.357891,0.456415,0.00252764
8302,Solyc09g014628.1,proximal,TE-like,Solyc09g014627.1,0.0864202,0.0798035,1.08291,0.845867
8303,Solyc09g014833.1,proximal,TE-like,Solyc09g014860.3,0.109093,0.232299,0.46962,0.0889326
8304,Solyc09g014860.3,proximal,Unclassified,Solyc09g014833.1,0.109093,0.232299,0.46962,0.0889326
8305,Solyc09g014910.3,proximal,Unclassified,Solyc09g014860.3,0.50868,3.49573,0.145515,1.12714e-18
8306,Solyc09g015200.1,proximal,TE-like,Solyc09g015240.1,0.135186,0.550765,0.24545,0.00722566
8307,Solyc09g015210.1,proximal,TE-like,Solyc09g015240.1,0.147043,0.250288,0.587494,0.026477
8308,Solyc09g015220.2,proximal,TE-like,Solyc09g015240.1,0.0911407,0.370372,0.246078,1.81995e-08
8309,Solyc09g015270.2,proximal,TE-like,Solyc09g015310.2,0.157738,0.415043,0.380052,0.00851638
8310,Solyc09g015280.1,proximal,TE-like,Solyc09g015320.2,0.0631454,0.188085,0.335729,0.0323244
8311,Solyc09g015310.2,proximal,TE-like,Solyc09g015270.2,0.157738,0.415043,0.380052,0.00851638
8312,Solyc09g015320.2,proximal,TE-like,Solyc09g015280.1,0.0631454,0.188085,0.335729,0.0323244
8313,Solyc09g015330.1,proximal,TE-like,Solyc09g015310.2,0.069213,0.0756086,0.915412,0.730059
8314,Solyc09g015340.2,proximal,TE-like,Solyc09g015320.2,0.03801,0.0647639,0.586901,0.330713
8315,Solyc09g015600.2,proximal,TE-like,Solyc09g015610.1,0.268459,0.379077,0.708191,0.195706
8316,Solyc09g015610.1,proximal,TE-like,Solyc09g015600.2,0.268459,0.379077,0.708191,0.195706
8317,Solyc09g015617.1,proximal,TE-like,Solyc09g015630.2,NA,NA,NA,NA
8318,Solyc09g015630.2,proximal,TE-like,Solyc09g015617.1,NA,NA,NA,NA
8319,Solyc09g018130.2,proximal,TE-like,Solyc09g018150.1,0.187512,0.570511,0.328674,0.000447205
8320,Solyc09g018150.1,proximal,TE-like,Solyc09g018130.2,0.187512,0.570511,0.328674,0.000447205
8321,Solyc09g031700.3,proximal,TE-like,Solyc09g031750.3,0.662341,4.31922,0.153347,1.57961e-27
8322,Solyc09g031750.3,proximal,Unclassified,Solyc09g031700.3,0.662341,4.31922,0.153347,1.57961e-27
8323,Solyc09g037020.2,proximal,TE-like,NA,NA,NA,NA,NA
8324,Solyc09g037040.1,proximal,TE-like,NA,NA,NA,NA,NA
8325,Solyc09g037050.2,proximal,TE-like,Solyc09g037070.2,0.0489946,0.0939453,0.521523,0.283631
8326,Solyc09g037060.2,proximal,TE-like,Solyc09g037025.1,0.121805,0.345526,0.352519,0.0167878
8327,Solyc09g037070.2,proximal,TE-like,Solyc09g037050.2,0.0489946,0.0939453,0.521523,0.283631
8328,Solyc09g037080.2,proximal,TE-like,Solyc09g037130.2,NA,0.0395808,-5.60991e-14,NA
8329,Solyc09g037130.2,proximal,TE-like,Solyc09g037080.2,NA,0.0395808,-5.60991e-14,NA
8330,Solyc09g055120.1,proximal,TE-like,Solyc09g055140.1,0.132851,0.0989828,1.34216,0.758062
8331,Solyc09g055140.1,proximal,TE-like,Solyc09g055120.1,0.132851,0.0989828,1.34216,0.758062
8332,Solyc09g055590.3,proximal,TE-like,Solyc09g055670.1,0.217144,2.80489,0.0774162,6.62737e-18
8333,Solyc09g055670.1,proximal,TE-like,Solyc09g055590.3,0.217144,2.80489,0.0774162,6.62737e-18
8334,Solyc09g056360.3,proximal,Unclassified,Solyc09g056385.1,0.421776,2.11345,0.199567,6.49319e-18
8335,Solyc09g056385.1,proximal,Unmethylated,Solyc09g056360.3,0.421776,2.11345,0.199567,6.49319e-18
8336,Solyc09g057510.1,proximal,TE-like,NA,NA,NA,NA,NA
8337,Solyc09g057526.1,proximal,TE-like,NA,NA,NA,NA,NA
8338,Solyc09g057555.1,proximal,TE-like,NA,NA,NA,NA,NA
8339,Solyc09g057567.1,proximal,TE-like,NA,NA,NA,NA,NA
8340,Solyc09g059120.1,proximal,Unclassified,Solyc09g059130.1,0.676781,0.889108,0.76119,0.812828
8341,Solyc09g059130.1,proximal,Unclassified,Solyc09g059120.1,0.676781,0.889108,0.76119,0.812828
8342,Solyc09g059345.1,proximal,TE-like,Solyc09g059400.3,0.124054,0.0819109,1.5145,0.760209
8343,Solyc09g059400.3,proximal,NA,Solyc09g059345.1,0.124054,0.0819109,1.5145,0.760209
8344,Solyc09g059810.2,proximal,TE-like,Solyc09g059820.1,0.0719784,0.212148,0.339284,0.00261784
8345,Solyc09g059820.1,proximal,TE-like,Solyc09g059810.2,0.0719784,0.212148,0.339284,0.00261784
8346,Solyc09g059870.1,proximal,TE-like,Solyc09g059910.2,0.362126,0.631515,0.573424,0.0407187
8347,Solyc09g059910.2,proximal,TE-like,Solyc09g059870.1,0.362126,0.631515,0.573424,0.0407187
8348,Solyc09g060170.1,proximal,TE-like,Solyc09g060130.1,0.099186,0.141213,0.702386,0.151755
8349,Solyc09g061540.1,proximal,TE-like,Solyc09g061560.2,0.0151329,0.0529328,0.285889,0.0857075
8350,Solyc09g061550.2,proximal,Unclassified,Solyc09g061570.1,0.0270392,NA,NA,NA
8351,Solyc09g061560.2,proximal,TE-like,Solyc09g061580.1,0.0268276,0.0254057,1.05597,0.913168
8352,Solyc09g061570.1,proximal,TE-like,Solyc09g061550.2,0.0270392,NA,NA,NA
8353,Solyc09g061580.1,proximal,TE-like,Solyc09g061560.2,0.0268276,0.0254057,1.05597,0.913168
8354,Solyc09g061750.2,proximal,gbM,Solyc09g061770.1,0.0827651,0.0875785,0.945039,0.999725
8355,Solyc09g061760.1,proximal,TE-like,Solyc09g061790.1,0.0807279,0.156036,0.517368,0.0126382
8356,Solyc09g061770.1,proximal,TE-like,Solyc09g061750.2,0.0827651,0.0875785,0.945039,0.999725
8357,Solyc09g061790.1,proximal,Unclassified,Solyc09g061760.1,0.0807279,0.156036,0.517368,0.0126382
8358,Solyc09g064740.3,proximal,TE-like,Solyc09g064760.2,0.217169,0.621849,0.34923,0.00353669
8359,Solyc09g064760.2,proximal,Unclassified,Solyc09g064740.3,0.217169,0.621849,0.34923,0.00353669
8360,Solyc09g064960.1,proximal,TE-like,Solyc09g064980.1,0.148147,0.117369,1.26223,0.317366
8361,Solyc09g064980.1,proximal,TE-like,Solyc09g064960.1,0.148147,0.117369,1.26223,0.317366
8362,Solyc09g065430.3,proximal,TE-like,Solyc09g065410.3,0.588791,3.41834,0.172245,1.18077e-15
8363,Solyc09g065595.1,proximal,Unclassified,Solyc09g065600.3,0.0165967,0.0429982,0.385985,0.186465
8364,Solyc09g065600.3,proximal,TE-like,Solyc09g065595.1,0.0165967,0.0429982,0.385985,0.186465
8365,Solyc09g065800.3,proximal,TE-like,Solyc09g065780.3,0.129268,0.488889,0.264412,6.45018e-17
8366,Solyc09g066030.2,proximal,TE-like,Solyc09g066045.1,0.225961,0.472698,0.478025,0.0319447
8367,Solyc09g066045.1,proximal,TE-like,Solyc09g066060.2,0.215641,0.33795,0.638084,0.856541
8368,Solyc09g066050.2,proximal,TE-like,Solyc09g066070.3,0.11307,0.324805,0.348118,4.47658e-08
8369,Solyc09g066060.2,proximal,TE-like,Solyc09g066045.1,0.215641,0.33795,0.638084,0.856541
8370,Solyc09g066070.3,proximal,TE-like,Solyc09g066050.2,0.11307,0.324805,0.348118,4.47658e-08
8371,Solyc09g066370.1,proximal,TE-like,Solyc09g066400.2,0.0300396,0.0878963,0.341761,8.66094e-05
8372,Solyc09g066400.2,proximal,TE-like,Solyc09g066370.1,0.0300396,0.0878963,0.341761,8.66094e-05
8373,Solyc09g072590.3,proximal,Unclassified,Solyc09g072600.2,NA,NA,NA,NA
8374,Solyc09g072600.2,proximal,Unclassified,Solyc09g072590.3,NA,NA,NA,NA
8375,Solyc09g072910.2,proximal,TE-like,Solyc09g072930.1,0.472575,1.13412,0.416689,1.48107e-05
8376,Solyc09g072920.1,proximal,TE-like,Solyc09g072940.2,0.366234,2.71612,0.134837,7.17508e-08
8377,Solyc09g072930.1,proximal,Unclassified,Solyc09g072910.2,0.472575,1.13412,0.416689,1.48107e-05
8378,Solyc09g072940.2,proximal,TE-like,Solyc09g072960.1,0.431509,0.875758,0.492726,0.000973526
8379,Solyc09g072960.1,proximal,TE-like,Solyc09g072940.2,0.431509,0.875758,0.492726,0.000973526
8380,Solyc09g074040.1,proximal,TE-like,Solyc09g073030.3,0.44915,1.28946,0.348325,1.76982e-06
8381,Solyc09g074160.1,proximal,TE-like,Solyc09g074140.2,0.0427605,0.19867,0.215234,0.041272
8382,Solyc09g074170.2,proximal,TE-like,Solyc09g074190.2,0.216381,0.186247,1.1618,0.639456
8383,Solyc09g074175.1,proximal,TE-like,Solyc09g074150.2,0.361032,0.562129,0.642258,0.0658035
8384,Solyc09g074690.3,proximal,TE-like,Solyc09g074730.2,0.0775771,0.172732,0.449119,0.0881092
8385,Solyc09g074700.2,proximal,Unclassified,Solyc09g074730.2,0.0546038,0.0528535,1.03312,0.87765
8386,Solyc09g074790.2,proximal,TE-like,Solyc09g074800.2,0.0779976,0.323528,0.241084,2.26871e-25
8387,Solyc09g074800.2,proximal,TE-like,Solyc09g074790.2,0.0779976,0.323528,0.241084,2.26871e-25
8388,Solyc09g074820.3,proximal,TE-like,Solyc09g074800.2,0.141868,1.09076,0.130063,5.19815e-75
8389,Solyc09g074855.1,proximal,Unclassified,Solyc09g074870.3,0.0822474,0.167196,0.491921,0.144688
8390,Solyc09g074870.3,proximal,TE-like,Solyc09g074855.1,0.0822474,0.167196,0.491921,0.144688
8391,Solyc09g075665.1,proximal,Unclassified,Solyc09g075690.1,0.334509,1.66465,0.200948,5.52156e-07
8392,Solyc09g075760.3,proximal,TE-like,Solyc09g075780.2,0.197824,0.564522,0.350427,0.00956606
8393,Solyc09g075780.2,proximal,Unmethylated,Solyc09g075760.3,0.197824,0.564522,0.350427,0.00956606
8394,Solyc09g075790.3,proximal,gbM,Solyc09g075760.3,0.0931962,0.255395,0.36491,8.78163e-08
8395,Solyc09g082360.3,proximal,TE-like,Solyc09g082340.2,0.147847,0.718454,0.205785,3.39571e-09
8396,Solyc09g082480.2,proximal,TE-like,Solyc09g082440.1,0.111125,0.256113,0.433891,0.025019
8397,Solyc09g082890.2,proximal,gbM,Solyc09g082870.2,0.518294,2.80458,0.184803,7.16412e-25
8398,Solyc09g083430.2,proximal,Unclassified,Solyc09g084450.3,0.18817,0.331433,0.567748,0.498164
8399,Solyc09g089530.3,proximal,TE-like,Solyc09g084470.3,0.209264,0.268121,0.780484,0.485324
8400,Solyc09g089540.3,proximal,TE-like,Solyc09g089520.3,0.162912,0.360547,0.451845,0.0209096
8401,Solyc09g089700.3,proximal,TE-like,Solyc09g089730.3,0.087941,0.248953,0.353243,0.000532356
8402,Solyc09g089770.3,proximal,TE-like,Solyc09g089740.3,0.372643,2.84642,0.130917,9.0057e-30
8403,Solyc09g089840.2,proximal,TE-like,Solyc09g089810.1,0.395015,0.811782,0.486602,0.0278162
8404,Solyc09g089990.3,proximal,TE-like,Solyc09g090020.3,0.274555,2.59138,0.10595,7.6037e-22
8405,Solyc09g090040.3,proximal,Unclassified,Solyc09g090020.3,0.249429,1.95304,0.127713,5.88827e-28
8406,Solyc09g090870.3,proximal,TE-like,Solyc09g090890.2,0.159254,0.563805,0.282463,9.08709e-06
8407,Solyc09g090890.2,proximal,TE-like,Solyc09g090870.3,0.159254,0.563805,0.282463,9.08709e-06
8408,Solyc09g091635.1,proximal,TE-like,Solyc09g091680.1,0.787867,3.95477,0.199219,1.0086e-15
8409,Solyc09g091680.1,proximal,TE-like,Solyc09g091635.1,0.787867,3.95477,0.199219,1.0086e-15
8410,Solyc09g092670.3,proximal,TE-like,Solyc09g092640.3,0.11865,0.530569,0.223629,6.44521e-21
8411,Solyc09g098100.3,proximal,TE-like,Solyc09g098130.2,0.180293,0.302636,0.595742,2.41294e-07
8412,Solyc09g098130.2,proximal,gbM,Solyc09g098100.3,0.180293,0.302636,0.595742,2.41294e-07
8413,Solyc09g098160.3,proximal,Unclassified,Solyc09g098180.3,0.197052,1.05553,0.186686,3.92472e-18
8414,Solyc09g098180.3,proximal,TE-like,Solyc09g098160.3,0.197052,1.05553,0.186686,3.92472e-18
8415,Solyc09g098580.3,proximal,TE-like,Solyc09g098590.3,0.0412285,0.0649789,0.634491,0.0348005
8416,Solyc09g098600.2,proximal,Unclassified,Solyc09g098590.3,0.0192138,0.067172,0.286039,0.000884994
8417,Solyc10g005840.3,proximal,TE-like,Solyc10g005820.2,0.0945078,0.242752,0.389319,3.45894e-05
8418,Solyc10g006170.3,proximal,Unclassified,Solyc10g006157.1,0.12102,0.316249,0.382674,0.00363276
8419,Solyc10g006190.3,proximal,TE-like,Solyc10g006157.1,0.147598,0.270257,0.54614,0.0043658
8420,Solyc10g006200.3,proximal,TE-like,Solyc10g006157.1,0.147127,0.478069,0.307753,7.70887e-06
8421,Solyc10g006700.1,proximal,NA,Solyc10g006660.3,0.0287407,0.332752,0.0863726,6.70406e-08
8422,Solyc10g007080.3,proximal,TE-like,Solyc10g007100.3,0.115953,0.33047,0.350873,7.84914e-06
8423,Solyc10g007440.3,proximal,Unclassified,Solyc10g007460.3,0.0731254,0.184981,0.395313,0.000485854
8424,Solyc10g007460.3,proximal,TE-like,Solyc10g007440.3,0.0731254,0.184981,0.395313,0.000485854
8425,Solyc10g009290.1,proximal,Unmethylated,Solyc10g009270.3,0.29293,1.83911,0.159278,1.36657e-33
8426,Solyc10g009500.3,proximal,Unclassified,Solyc10g009540.1,0.219328,0.943254,0.232523,9.14335e-05
8427,Solyc10g009540.1,proximal,TE-like,Solyc10g009507.1,0.0862644,0.263005,0.327996,8.82901e-05
8428,Solyc10g010650.1,proximal,Unclassified,Solyc10g009600.1,0.0692325,0.207119,0.334265,5.26449e-05
8429,Solyc10g012180.1,proximal,TE-like,Solyc10g012200.1,0.0361175,0.126069,0.286489,0.00133594
8430,Solyc10g012200.1,proximal,TE-like,Solyc10g012180.1,0.0361175,0.126069,0.286489,0.00133594
8431,Solyc10g012270.2,proximal,TE-like,Solyc10g012240.3,0.193963,0.250348,0.774773,0.380537
8432,Solyc10g012280.2,proximal,TE-like,Solyc10g012330.1,0.0238919,0.0227669,1.04942,0.983601
8433,Solyc10g012290.1,proximal,TE-like,Solyc10g012340.1,0.049412,0.0350506,1.40973,0.962675
8434,Solyc10g012300.1,proximal,NA,Solyc10g012350.2,0.0757081,0.206942,0.365843,0.0672702
8435,Solyc10g012310.2,proximal,TE-like,Solyc10g012260.1,0.141575,0.15888,0.891078,0.679937
8436,Solyc10g012320.2,proximal,TE-like,Solyc10g012270.2,0.0109018,0.0259119,0.420726,0.314126
8437,Solyc10g012330.1,proximal,TE-like,Solyc10g012280.2,0.0238919,0.0227669,1.04942,0.983601
8438,Solyc10g012340.1,proximal,TE-like,Solyc10g012290.1,0.049412,0.0350506,1.40973,0.962675
8439,Solyc10g012350.2,proximal,TE-like,Solyc10g012300.1,0.0757081,0.206942,0.365843,0.0672702
8440,Solyc10g017830.1,proximal,Unclassified,Solyc10g017710.1,0.331065,0.642833,0.51501,6.58881e-05
8441,Solyc10g017890.1,proximal,TE-like,Solyc10g017910.2,0.678229,3.43144,0.197652,2.43318e-14
8442,Solyc10g017910.2,proximal,TE-like,Solyc10g017890.1,0.678229,3.43144,0.197652,2.43318e-14
8443,Solyc10g018000.1,proximal,TE-like,Solyc10g018023.1,0.146969,0.373179,0.393829,0.000339141
8444,Solyc10g018170.1,proximal,TE-like,Solyc10g018190.2,0.138314,0.261744,0.528431,0.00800892
8445,Solyc10g018357.1,proximal,TE-like,Solyc10g018390.2,0.164052,0.358977,0.456999,0.0101341
8446,Solyc10g018635.1,proximal,Unclassified,Solyc10g018620.1,0.159529,0.32108,0.496853,0.122163
8447,Solyc10g019110.2,proximal,TE-like,Solyc10g019130.2,0.105755,0.135691,0.779383,0.562055
8448,Solyc10g019120.1,proximal,TE-like,Solyc10g019140.1,0.179682,0.261186,0.687947,0.387204
8449,Solyc10g019130.2,proximal,TE-like,Solyc10g019110.2,0.105755,0.135691,0.779383,0.562055
8450,Solyc10g019140.1,proximal,TE-like,Solyc10g019120.1,0.179682,0.261186,0.687947,0.387204
8451,Solyc10g028540.2,proximal,NA,Solyc10g026520.2,0.21142,0.252189,0.838338,0.642269
8452,Solyc10g028550.2,proximal,TE-like,Solyc10g026520.2,0.125342,0.204945,0.611589,0.216539
8453,Solyc10g033560.2,proximal,Unclassified,Solyc10g033575.1,0.442907,0.923625,0.479532,0.0140898
8454,Solyc10g033575.1,proximal,NA,Solyc10g033560.2,0.442907,0.923625,0.479532,0.0140898
8455,Solyc10g036830.1,proximal,TE-like,Solyc10g036810.1,0.442986,0.442446,1.00122,0.882248
8456,Solyc10g045770.2,proximal,TE-like,Solyc10g046800.2,0.155147,0.203468,0.762511,0.33168
8457,Solyc10g046800.2,proximal,TE-like,Solyc10g045770.2,0.155147,0.203468,0.762511,0.33168
8458,Solyc10g046810.1,proximal,TE-like,Solyc10g046830.2,0.143158,0.162897,0.878822,0.656997
8459,Solyc10g046830.2,proximal,TE-like,Solyc10g046810.1,0.143158,0.162897,0.878822,0.656997
8460,Solyc10g047570.2,proximal,Unmethylated,Solyc10g047590.2,0.192608,0.360523,0.534247,0.000918634
8461,Solyc10g047590.2,proximal,Unclassified,Solyc10g047570.2,0.192608,0.360523,0.534247,0.000918634
8462,Solyc10g047702.1,proximal,TE-like,Solyc10g047708.1,0.184469,0.224508,0.821658,0.598137
8463,Solyc10g047708.1,proximal,TE-like,Solyc10g047702.1,0.184469,0.224508,0.821658,0.598137
8464,Solyc10g047740.1,proximal,TE-like,Solyc10g047765.1,0.235435,0.505354,0.465882,0.0511045
8465,Solyc10g047743.1,proximal,TE-like,Solyc10g047772.1,0.209993,0.720875,0.291303,0.000358368
8466,Solyc10g047765.1,proximal,TE-like,Solyc10g047740.1,0.235435,0.505354,0.465882,0.0511045
8467,Solyc10g047770.1,proximal,TE-like,Solyc10g047810.2,0.131145,0.192035,0.682925,0.395189
8468,Solyc10g047772.1,proximal,TE-like,Solyc10g047743.1,0.209993,0.720875,0.291303,0.000358368
8469,Solyc10g047774.1,proximal,TE-like,Solyc10g047776.1,0.355755,0.886952,0.401099,0.00372118
8470,Solyc10g047810.2,proximal,gbM,Solyc10g047770.1,0.131145,0.192035,0.682925,0.395189
8471,Solyc10g048030.2,proximal,Unclassified,Solyc10g048055.1,0.0845791,0.054989,1.53811,0.75506
8472,Solyc10g048055.1,proximal,Unclassified,Solyc10g048030.2,0.0845791,0.054989,1.53811,0.75506
8473,Solyc10g048080.2,proximal,TE-like,Solyc10g048100.2,0.12019,0.208885,0.575387,0.13855
8474,Solyc10g048100.2,proximal,Unclassified,Solyc10g048080.2,0.12019,0.208885,0.575387,0.13855
8475,Solyc10g048110.1,proximal,TE-like,Solyc10g048140.2,0.233336,0.369395,0.631671,0.169049
8476,Solyc10g048120.2,proximal,TE-like,Solyc10g048070.2,0.0674303,0.0660855,1.02035,1
8477,Solyc10g048140.2,proximal,TE-like,Solyc10g048110.1,0.233336,0.369395,0.631671,0.169049
8478,Solyc10g049210.2,proximal,TE-like,Solyc10g049240.1,0.23194,0.93639,0.247696,1.1006e-05
8479,Solyc10g049240.1,proximal,TE-like,Solyc10g049210.2,0.23194,0.93639,0.247696,1.1006e-05
8480,Solyc10g049255.1,proximal,TE-like,Solyc10g049270.2,0.107312,0.204477,0.524811,0.0749718
8481,Solyc10g049270.2,proximal,Unclassified,Solyc10g049255.1,0.107312,0.204477,0.524811,0.0749718
8482,Solyc10g049430.1,proximal,TE-like,Solyc10g049380.1,0.163946,0.328439,0.499167,0.111567
8483,Solyc10g049440.1,proximal,TE-like,Solyc10g049380.1,0.167368,0.204229,0.819512,0.488256
8484,Solyc10g049450.2,proximal,TE-like,Solyc10g049380.1,0.194999,0.383028,0.509098,0.526107
8485,Solyc10g049500.1,proximal,TE-like,Solyc10g049540.1,0.427729,1.23241,0.347068,0.000215752
8486,Solyc10g049510.2,proximal,TE-like,Solyc10g049555.1,0.245612,0.395008,0.62179,0.132577
8487,Solyc10g049540.1,proximal,Unclassified,Solyc10g049500.1,0.427729,1.23241,0.347068,0.000215752
8488,Solyc10g049550.2,proximal,TE-like,Solyc10g049510.2,0.078641,0.148104,0.530984,0.0865573
8489,Solyc10g049555.1,proximal,TE-like,Solyc10g049510.2,0.245612,0.395008,0.62179,0.132577
8490,Solyc10g049600.2,proximal,Unclassified,Solyc10g049620.2,0.124756,1.34694,0.0926216,2.51553e-41
8491,Solyc10g049620.2,proximal,Unclassified,Solyc10g049600.2,0.124756,1.34694,0.0926216,2.51553e-41
8492,Solyc10g049720.2,proximal,Unclassified,Solyc10g049770.1,0.101491,0.140027,0.724796,0.401063
8493,Solyc10g049770.1,proximal,Unclassified,Solyc10g049720.2,0.101491,0.140027,0.724796,0.401063
8494,Solyc10g049780.1,proximal,TE-like,Solyc10g049720.2,0.216537,0.920168,0.235323,7.10371e-13
8495,Solyc10g049910.2,proximal,Unclassified,Solyc10g049970.2,0.25522,0.345468,0.738766,0.293194
8496,Solyc10g049930.1,proximal,Unclassified,Solyc10g049970.2,0.111586,0.325149,0.343183,0.00736626
8497,Solyc10g050290.1,proximal,TE-like,Solyc10g050340.1,0.196592,0.567651,0.346325,0.0297482
8498,Solyc10g050340.1,proximal,TE-like,Solyc10g050290.1,0.196592,0.567651,0.346325,0.0297482
8499,Solyc10g050380.1,proximal,TE-like,Solyc10g050340.1,0.249806,0.280283,0.891263,0.999999
8500,Solyc10g050400.1,proximal,TE-like,Solyc10g050370.2,0.0824574,0.159039,0.518472,0.0204973
8501,Solyc10g050620.1,proximal,TE-like,Solyc10g050640.1,0.09515,0.128883,0.738268,0.584729
8502,Solyc10g050640.1,proximal,TE-like,Solyc10g050620.1,0.09515,0.128883,0.738268,0.584729
8503,Solyc10g050730.2,proximal,Unclassified,Solyc10g050690.2,0.066095,0.283311,0.233295,1.18223e-06
8504,Solyc10g051030.2,proximal,Unclassified,Solyc10g051010.2,0.00516499,0.00332152,1.55501,0.804442
8505,Solyc10g052550.1,proximal,Unclassified,Solyc10g052560.1,0.0853208,0.167163,0.510403,0.0900165
8506,Solyc10g052560.1,proximal,Unclassified,Solyc10g052590.1,0.144462,0.592741,0.243719,4.42229e-05
8507,Solyc10g052795.1,proximal,TE-like,Solyc10g052825.1,0.325523,0.498692,0.652754,0.271259
8508,Solyc10g052810.1,proximal,TE-like,Solyc10g052840.1,0.373605,0.512551,0.728912,0.410591
8509,Solyc10g052825.1,proximal,TE-like,Solyc10g052860.1,0.379712,0.525469,0.722615,0.244755
8510,Solyc10g052840.1,proximal,Unclassified,Solyc10g052810.1,0.373605,0.512551,0.728912,0.410591
8511,Solyc10g052860.1,proximal,TE-like,Solyc10g052825.1,0.379712,0.525469,0.722615,0.244755
8512,Solyc10g052869.1,proximal,TE-like,Solyc10g052875.1,0.307079,0.351847,0.872763,0.850343
8513,Solyc10g052870.1,proximal,Unclassified,Solyc10g052840.1,0.0644928,NA,NA,NA
8514,Solyc10g052875.1,proximal,NA,Solyc10g052869.1,0.307079,0.351847,0.872763,0.850343
8515,Solyc10g053970.2,proximal,TE-like,Solyc10g053900.2,0.316222,4.42471,0.0714673,1.87127e-81
8516,Solyc10g054140.1,proximal,TE-like,Solyc10g054180.1,0.0603672,0.0587642,1.02728,0.923421
8517,Solyc10g054150.1,proximal,Unclassified,Solyc10g054190.1,0.037593,0.107502,0.349696,0.0854349
8518,Solyc10g054160.1,proximal,TE-like,Solyc10g054220.1,0.128485,0.185411,0.692971,0.323882
8519,Solyc10g054170.2,proximal,TE-like,Solyc10g054200.1,0.175093,0.127057,1.37806,0.236044
8520,Solyc10g054180.1,proximal,TE-like,Solyc10g054140.1,0.0603672,0.0587642,1.02728,0.923421
8521,Solyc10g054190.1,proximal,TE-like,Solyc10g054150.1,0.037593,0.107502,0.349696,0.0854349
8522,Solyc10g054200.1,proximal,TE-like,Solyc10g054170.2,0.175093,0.127057,1.37806,0.236044
8523,Solyc10g054210.1,proximal,TE-like,Solyc10g054190.1,0.102295,0.0975695,1.04843,0.842979
8524,Solyc10g054220.1,proximal,TE-like,Solyc10g054260.1,0.185658,0.449126,0.413375,0.00279961
8525,Solyc10g054240.1,proximal,Unclassified,Solyc10g054270.2,0.214433,0.331983,0.645916,0.192061
8526,Solyc10g054260.1,proximal,TE-like,Solyc10g054220.1,0.185658,0.449126,0.413375,0.00279961
8527,Solyc10g054270.2,proximal,TE-like,Solyc10g054240.1,0.214433,0.331983,0.645916,0.192061
8528,Solyc10g054460.1,proximal,TE-like,Solyc10g054480.2,0.180893,0.211838,0.853921,0.808992
8529,Solyc10g054470.1,proximal,TE-like,Solyc10g054520.1,0.022406,0.0482234,0.464628,0.325127
8530,Solyc10g054480.2,proximal,TE-like,Solyc10g054460.1,0.180893,0.211838,0.853921,0.808992
8531,Solyc10g054490.1,proximal,TE-like,Solyc10g054520.1,NA,0.0657731,-3.37592e-14,NA
8532,Solyc10g054500.1,proximal,TE-like,Solyc10g054530.1,0.0880295,0.163018,0.539997,0.266254
8533,Solyc10g054510.1,proximal,TE-like,Solyc10g054530.1,0.0821016,0.148171,0.554101,0.221615
8534,Solyc10g054520.1,proximal,TE-like,Solyc10g054470.1,0.022406,0.0482234,0.464628,0.325127
8535,Solyc10g054530.1,proximal,TE-like,Solyc10g054500.1,0.0880295,0.163018,0.539997,0.266254
8536,Solyc10g054670.2,proximal,Unmethylated,Solyc10g054665.1,0.167849,0.297526,0.564149,0.0584236
8537,Solyc10g054950.2,proximal,TE-like,Solyc10g054967.1,0.0704813,0.0571017,1.23431,0.985097
8538,Solyc10g054967.1,proximal,TE-like,Solyc10g054950.2,0.0704813,0.0571017,1.23431,0.985097
8539,Solyc10g054970.1,proximal,TE-like,Solyc10g054990.2,0.0535007,0.0584997,0.914547,0.724487
8540,Solyc10g054975.1,proximal,TE-like,Solyc10g055000.2,0.082882,0.119956,0.690938,0.54444
8541,Solyc10g054980.2,proximal,TE-like,Solyc10g055020.2,0.0451085,0.0832409,0.541903,0.135835
8542,Solyc10g054990.2,proximal,TE-like,Solyc10g054970.1,0.0535007,0.0584997,0.914547,0.724487
8543,Solyc10g055000.2,proximal,TE-like,Solyc10g054975.1,0.082882,0.119956,0.690938,0.54444
8544,Solyc10g055025.1,proximal,TE-like,Solyc10g054980.2,0.105164,0.0720081,1.46044,0.503125
8545,Solyc10g055030.1,proximal,TE-like,Solyc10g055020.2,0.233693,1.13127,0.206575,0.00151426
8546,Solyc10g055040.2,proximal,TE-like,Solyc10g055020.2,0.039784,0.140952,0.282252,0.0596031
8547,Solyc10g055050.2,proximal,TE-like,Solyc10g055110.2,0.121276,0.149089,0.813445,0.605538
8548,Solyc10g055060.2,proximal,TE-like,Solyc10g055080.2,0.128914,0.157411,0.818969,0.239956
8549,Solyc10g055065.1,proximal,TE-like,Solyc10g055085.1,0.267323,0.517918,0.51615,0.015741
8550,Solyc10g055070.1,proximal,TE-like,Solyc10g055100.1,0.103284,0.211034,0.489418,0.0460616
8551,Solyc10g055080.2,proximal,TE-like,Solyc10g055060.2,0.128914,0.157411,0.818969,0.239956
8552,Solyc10g055085.1,proximal,TE-like,Solyc10g055065.1,0.267323,0.517918,0.51615,0.015741
8553,Solyc10g055100.1,proximal,TE-like,Solyc10g055070.1,0.103284,0.211034,0.489418,0.0460616
8554,Solyc10g055110.2,proximal,TE-like,Solyc10g055050.2,0.121276,0.149089,0.813445,0.605538
8555,Solyc10g055120.1,proximal,TE-like,Solyc10g055080.2,0.33252,0.503634,0.660243,0.0122835
8556,Solyc10g055130.2,proximal,TE-like,Solyc10g055150.1,0.0679018,0.125249,0.542134,0.220657
8557,Solyc10g055140.2,proximal,TE-like,Solyc10g055170.1,0.0738091,0.0989653,0.745808,0.460011
8558,Solyc10g055150.1,proximal,TE-like,Solyc10g055130.2,0.0679018,0.125249,0.542134,0.220657
8559,Solyc10g055160.2,proximal,TE-like,Solyc10g055100.1,0.0557121,0.122233,0.455786,0.0808065
8560,Solyc10g055170.1,proximal,TE-like,Solyc10g055140.2,0.0738091,0.0989653,0.745808,0.460011
8561,Solyc10g055270.1,proximal,TE-like,Solyc10g055320.1,0.2115,0.485599,0.435545,0.00431101
8562,Solyc10g055280.1,proximal,TE-like,Solyc10g055310.1,0.0335572,NA,NA,NA
8563,Solyc10g055310.1,proximal,TE-like,Solyc10g055280.1,0.0335572,NA,NA,NA
8564,Solyc10g055320.1,proximal,TE-like,Solyc10g055270.1,0.2115,0.485599,0.435545,0.00431101
8565,Solyc10g055370.2,proximal,TE-like,Solyc10g055340.1,0.186173,1.04653,0.177896,3.33261e-16
8566,Solyc10g055600.2,proximal,TE-like,Solyc10g055580.2,0.123778,0.67964,0.182123,0.00106395
8567,Solyc10g055610.2,proximal,TE-like,Solyc10g055590.1,0.211513,0.20261,1.04394,0.754464
8568,Solyc10g055780.1,proximal,Unclassified,Solyc10g055800.2,0.0616404,0.189238,0.325729,0.000563097
8569,Solyc10g055790.1,proximal,Unmethylated,Solyc10g055820.2,0.151052,1.04989,0.143874,3.14283e-07
8570,Solyc10g062180.2,proximal,TE-like,Solyc10g062340.2,0.0998634,0.251815,0.396574,1.44411e-11
8571,Solyc10g062340.2,proximal,TE-like,Solyc10g062180.2,0.0998634,0.251815,0.396574,1.44411e-11
8572,Solyc10g068350.1,proximal,TE-like,Solyc10g074360.1,0.0385829,0.0484185,0.796861,0.963624
8573,Solyc10g073350.1,proximal,TE-like,Solyc10g074370.1,0.116438,0.163533,0.712016,0.389151
8574,Solyc10g074360.1,proximal,TE-like,Solyc10g068350.1,0.0385829,0.0484185,0.796861,0.963624
8575,Solyc10g074370.1,proximal,TE-like,Solyc10g073350.1,0.116438,0.163533,0.712016,0.389151
8576,Solyc10g074440.2,proximal,TE-like,Solyc10g074460.2,0.0118655,0.0812065,0.146115,2.69428e-05
8577,Solyc10g074460.2,proximal,TE-like,Solyc10g074440.2,0.0118655,0.0812065,0.146115,2.69428e-05
8578,Solyc10g074467.1,proximal,Unclassified,Solyc10g074447.1,0.0394608,0.0145642,2.70945,0.3788
8579,Solyc10g075070.2,proximal,TE-like,Solyc10g075090.2,0.110557,0.567989,0.194646,6.42588e-09
8580,Solyc10g075120.2,proximal,TE-like,Solyc10g076220.2,0.04461,0.216208,0.206329,4.19569e-07
8581,Solyc10g075130.2,proximal,Unclassified,Solyc10g075110.2,0.342317,1.91678,0.178589,2.47601e-08
8582,Solyc10g075150.2,proximal,Unclassified,Solyc10g075110.2,0.321602,2.10688,0.152644,8.55233e-10
8583,Solyc10g076200.2,proximal,Unclassified,Solyc10g075150.2,0.327576,2.35138,0.139312,1.5688e-08
8584,Solyc10g076620.1,proximal,Unclassified,Solyc10g076635.1,0.132188,0.119724,1.10411,0.85343
8585,Solyc10g076635.1,proximal,gbM,Solyc10g076620.1,0.132188,0.119724,1.10411,0.85343
8586,Solyc10g076680.1,proximal,Unclassified,Solyc10g076660.2,0.0719512,0.522558,0.13769,3.84266e-08
8587,Solyc10g077131.1,proximal,NA,Solyc10g077134.1,NA,NA,NA,NA
8588,Solyc10g077133.1,proximal,NA,Solyc10g077138.1,NA,NA,NA,NA
8589,Solyc10g077134.1,proximal,NA,Solyc10g077131.1,NA,NA,NA,NA
8590,Solyc10g077138.1,proximal,NA,Solyc10g077133.1,NA,NA,NA,NA
8591,Solyc10g078760.2,proximal,Unclassified,Solyc10g078780.2,0.422175,1.32934,0.317582,0.000715169
8592,Solyc10g078780.2,proximal,Unclassified,Solyc10g078760.2,0.422175,1.32934,0.317582,0.000715169
8593,Solyc10g078880.2,proximal,TE-like,Solyc10g078860.2,0.0657464,0.312303,0.210521,2.01831e-41
8594,Solyc10g078990.1,proximal,TE-like,Solyc10g078970.1,0.21009,0.506567,0.414733,0.000334736
8595,Solyc10g079040.2,proximal,TE-like,Solyc10g079060.2,0.0940802,0.259782,0.36215,6.05047e-07
8596,Solyc10g079060.2,proximal,TE-like,Solyc10g079040.2,0.0940802,0.259782,0.36215,6.05047e-07
8597,Solyc10g079680.2,proximal,TE-like,NA,NA,NA,NA,NA
8598,Solyc10g079980.1,proximal,TE-like,Solyc10g079950.2,0.404971,4.27826,0.094658,1.67412e-61
8599,Solyc10g080170.1,proximal,Unclassified,Solyc10g080140.2,0.237429,0.483002,0.491571,0.0174133
8600,Solyc10g080813.1,proximal,Unclassified,Solyc10g080817.1,0.075917,0.284583,0.266766,1.35392e-05
8601,Solyc10g081870.2,proximal,gbM,Solyc10g081900.2,0.307466,0.913114,0.336722,3.58477e-05
8602,Solyc10g081900.2,proximal,gbM,Solyc10g081870.2,0.307466,0.913114,0.336722,3.58477e-05
8603,Solyc10g084080.2,proximal,gbM,Solyc10g084090.2,0.213757,0.574446,0.37211,3.88097e-10
8604,Solyc10g084090.2,proximal,TE-like,Solyc10g084080.2,0.213757,0.574446,0.37211,3.88097e-10
8605,Solyc10g085230.2,proximal,TE-like,Solyc10g085240.1,0.0781379,0.209699,0.372619,1.76101e-07
8606,Solyc10g085240.1,proximal,TE-like,Solyc10g085230.2,0.0781379,0.209699,0.372619,1.76101e-07
8607,Solyc10g085255.1,proximal,TE-like,Solyc10g085285.1,0.442726,0.972142,0.455413,0.00661636
8608,Solyc10g085260.1,proximal,TE-like,Solyc10g085280.1,0.109289,0.272685,0.400789,0.085575
8609,Solyc10g085280.1,proximal,Unclassified,Solyc10g085260.1,0.109289,0.272685,0.400789,0.085575
8610,Solyc10g085285.1,proximal,TE-like,Solyc10g085255.1,0.442726,0.972142,0.455413,0.00661636
8611,Solyc10g085505.1,proximal,TE-like,Solyc10g085530.1,0.107955,0.226303,0.477035,8.77691e-06
8612,Solyc10g086290.2,proximal,TE-like,Solyc10g086270.2,0.247855,1.33063,0.186269,3.42266e-14
8613,Solyc11g005180.1,proximal,gbM,Solyc11g005230.1,0.399723,0.689699,0.579562,0.00518564
8614,Solyc11g005260.2,proximal,TE-like,Solyc11g005240.1,0.716428,3.74046,0.191535,1.04035e-19
8615,Solyc11g005350.2,proximal,TE-like,Solyc11g005410.2,0.469201,4.08209,0.114941,3.0292e-31
8616,Solyc11g005410.2,proximal,gbM,Solyc11g005350.2,0.469201,4.08209,0.114941,3.0292e-31
8617,Solyc11g005540.1,proximal,NA,Solyc11g005500.1,0.608205,2.98315,0.20388,3.94155e-10
8618,Solyc11g005640.2,proximal,gbM,Solyc11g005670.2,0.210161,3.37108,0.0623422,2.72067e-32
8619,Solyc11g005650.1,proximal,TE-like,Solyc11g005670.2,0.146522,0.333428,0.439439,0.0191809
8620,Solyc11g005670.2,proximal,gbM,Solyc11g005640.2,0.210161,3.37108,0.0623422,2.72067e-32
8621,Solyc11g005750.2,proximal,TE-like,Solyc11g005770.2,0.259563,1.63001,0.15924,1.63857e-58
8622,Solyc11g005770.2,proximal,Unclassified,Solyc11g005750.2,0.259563,1.63001,0.15924,1.63857e-58
8623,Solyc11g005860.2,proximal,TE-like,Solyc11g005840.2,0.0584822,0.358115,0.163306,2.72611e-31
8624,Solyc11g006100.1,proximal,TE-like,Solyc11g006110.1,0.0976745,0.308774,0.31633,0.000128427
8625,Solyc11g006110.1,proximal,Unclassified,Solyc11g006100.1,0.0976745,0.308774,0.31633,0.000128427
8626,Solyc11g006120.1,proximal,Unclassified,Solyc11g006100.1,0.170042,0.273476,0.62178,0.227461
8627,Solyc11g006140.1,proximal,TE-like,Solyc11g006170.2,0.251964,0.597997,0.421346,1.07322e-08
8628,Solyc11g006160.2,proximal,TE-like,Solyc11g006180.2,0.256755,0.491181,0.522731,0.0111356
8629,Solyc11g006170.2,proximal,TE-like,Solyc11g006140.1,0.251964,0.597997,0.421346,1.07322e-08
8630,Solyc11g006180.2,proximal,TE-like,Solyc11g006160.2,0.256755,0.491181,0.522731,0.0111356
8631,Solyc11g006270.2,proximal,gbM,Solyc11g006290.2,0.327042,2.73621,0.119524,1.27319e-26
8632,Solyc11g006597.1,proximal,TE-like,NA,NA,NA,NA,NA
8633,Solyc11g006630.1,proximal,TE-like,Solyc11g006640.2,0.171432,0.354196,0.484002,2.46043e-09
8634,Solyc11g006640.2,proximal,TE-like,Solyc11g006630.1,0.171432,0.354196,0.484002,2.46043e-09
8635,Solyc11g007380.1,proximal,TE-like,Solyc11g007460.1,0.240845,0.490076,0.491444,1.30039e-06
8636,Solyc11g007390.1,proximal,TE-like,Solyc11g007440.1,0.0999405,0.616703,0.162056,1.2878e-05
8637,Solyc11g007400.1,proximal,Unclassified,Solyc11g007420.1,0.0167607,0.0367411,0.456184,0.246226
8638,Solyc11g007410.2,proximal,Unclassified,Solyc11g007430.2,0.0669812,0.0540358,1.23957,0.809229
8639,Solyc11g007420.1,proximal,TE-like,Solyc11g007400.1,0.0167607,0.0367411,0.456184,0.246226
8640,Solyc11g007430.2,proximal,Unclassified,Solyc11g007410.2,0.0669812,0.0540358,1.23957,0.809229
8641,Solyc11g007440.1,proximal,Unclassified,Solyc11g007390.1,0.0999405,0.616703,0.162056,1.2878e-05
8642,Solyc11g007620.1,proximal,TE-like,Solyc11g007650.1,0.0137976,0.0245214,0.562677,0.319348
8643,Solyc11g007650.1,proximal,TE-like,Solyc11g007620.1,0.0137976,0.0245214,0.562677,0.319348
8644,Solyc11g008230.1,proximal,TE-like,Solyc11g008240.1,0.149427,0.139673,1.06984,0.875594
8645,Solyc11g008240.1,proximal,gbM,Solyc11g008230.1,0.149427,0.139673,1.06984,0.875594
8646,Solyc11g008400.2,proximal,TE-like,Solyc11g008420.2,0.500908,2.30885,0.216951,1.9563e-05
8647,Solyc11g008420.2,proximal,Unclassified,Solyc11g008400.2,0.500908,2.30885,0.216951,1.9563e-05
8648,Solyc11g008590.2,proximal,TE-like,Solyc11g008610.2,0.826862,3.66705,0.225484,3.52164e-07
8649,Solyc11g008610.2,proximal,TE-like,Solyc11g008590.2,0.826862,3.66705,0.225484,3.52164e-07
8650,Solyc11g008660.1,proximal,TE-like,Solyc11g008640.1,0.243228,1.73703,0.140026,1.48908e-13
8651,Solyc11g011060.2,proximal,TE-like,Solyc11g011080.2,0.244277,0.426998,0.572081,8.5048e-07
8652,Solyc11g011080.2,proximal,TE-like,Solyc11g011060.2,0.244277,0.426998,0.572081,8.5048e-07
8653,Solyc11g011270.1,proximal,TE-like,Solyc11g011285.1,0.116614,0.281076,0.414885,0.000155176
8654,Solyc11g011280.3,proximal,TE-like,Solyc11g011285.1,0.192225,0.601826,0.319403,1.71256e-08
8655,Solyc11g011502.1,proximal,TE-like,Solyc11g011508.1,0.292383,0.376964,0.775626,0.219433
8656,Solyc11g011504.1,proximal,gbM,Solyc11g011548.1,0.243123,0.621983,0.390884,4.53556e-05
8657,Solyc11g011508.1,proximal,TE-like,Solyc11g011502.1,0.292383,0.376964,0.775626,0.219433
8658,Solyc11g011546.1,proximal,gbM,Solyc11g011542.1,0.54296,1.54302,0.351882,0.000328958
8659,Solyc11g011548.1,proximal,gbM,Solyc11g011504.1,0.243123,0.621983,0.390884,4.53556e-05
8660,Solyc11g011600.2,proximal,TE-like,Solyc11g011580.2,0.0737171,0.397036,0.185669,4.01686e-09
8661,Solyc11g011610.2,proximal,TE-like,Solyc11g011620.2,0.0247461,0.0712445,0.347341,0.0403976
8662,Solyc11g011620.2,proximal,TE-like,Solyc11g011610.2,0.0247461,0.0712445,0.347341,0.0403976
8663,Solyc11g011630.2,proximal,TE-like,Solyc11g011640.1,0.0665972,0.226387,0.294174,0.000296993
8664,Solyc11g011655.1,proximal,Unclassified,Solyc11g011650.1,0.0536915,0.284277,0.18887,0.00128829
8665,Solyc11g011660.1,proximal,Unclassified,Solyc11g011640.1,0.0905207,0.380733,0.237753,8.63537e-07
8666,Solyc11g011670.1,proximal,Unclassified,Solyc11g011690.1,0.068056,0.233952,0.290897,9.64955e-05
8667,Solyc11g011700.1,proximal,Unclassified,Solyc11g011680.1,0.039738,0.212852,0.186693,0.000383818
8668,Solyc11g011710.1,proximal,Unclassified,Solyc11g011730.1,0.0718846,0.212003,0.339073,0.000814251
8669,Solyc11g011720.1,proximal,Unclassified,Solyc11g011700.1,0.0398818,0.242149,0.1647,0.0001365
8670,Solyc11g011820.2,proximal,TE-like,Solyc11g011840.2,0.0170765,0.0296936,0.575089,0.195628
8671,Solyc11g011840.2,proximal,TE-like,Solyc11g011820.2,0.0170765,0.0296936,0.575089,0.195628
8672,Solyc11g011870.2,proximal,TE-like,Solyc11g011880.2,0.103426,0.369874,0.279625,1.77012e-08
8673,Solyc11g011875.1,proximal,TE-like,Solyc11g011880.2,0.180232,0.516014,0.349277,0.000136575
8674,Solyc11g013400.2,proximal,TE-like,Solyc11g013430.2,0.133728,0.147669,0.905592,0.725272
8675,Solyc11g013430.2,proximal,TE-like,Solyc11g013400.2,0.133728,0.147669,0.905592,0.725272
8676,Solyc11g013537.1,proximal,TE-like,Solyc11g013680.1,0.0990978,0.0600394,1.65055,0.572897
8677,Solyc11g013560.1,proximal,TE-like,Solyc11g013620.1,0.152558,0.256257,0.595332,0.0535855
8678,Solyc11g013570.2,proximal,NA,Solyc11g013650.1,0.0352515,0.0347577,1.01421,0.999471
8679,Solyc11g013620.1,proximal,TE-like,Solyc11g013675.1,0.202318,0.466451,0.43374,0.0011643
8680,Solyc11g013630.1,proximal,TE-like,Solyc11g013670.1,0.299389,0.167273,1.78982,0.0358015
8681,Solyc11g013650.1,proximal,TE-like,Solyc11g013700.1,0.0400742,0.041061,0.975968,0.855352
8682,Solyc11g013660.1,proximal,TE-like,Solyc11g013620.1,0.392642,0.765692,0.512794,0.0155036
8683,Solyc11g013670.1,proximal,TE-like,Solyc11g013720.1,0.233765,0.211872,1.10333,0.744543
8684,Solyc11g013675.1,proximal,TE-like,Solyc11g013620.1,0.202318,0.466451,0.43374,0.0011643
8685,Solyc11g013680.1,proximal,TE-like,Solyc11g013537.1,0.0990978,0.0600394,1.65055,0.572897
8686,Solyc11g013687.1,proximal,TE-like,NA,NA,NA,NA,NA
8687,Solyc11g013720.1,proximal,TE-like,Solyc11g013670.1,0.233765,0.211872,1.10333,0.744543
8688,Solyc11g015910.1,proximal,TE-like,Solyc11g016930.1,0.195291,0.594939,0.328254,4.34531e-05
8689,Solyc11g016930.1,proximal,Unclassified,Solyc11g015910.1,0.195291,0.594939,0.328254,4.34531e-05
8690,Solyc11g017040.2,proximal,TE-like,Solyc11g017060.2,0.165027,0.385777,0.427778,0.00105938
8691,Solyc11g017060.2,proximal,gbM,Solyc11g017040.2,0.165027,0.385777,0.427778,0.00105938
8692,Solyc11g017310.2,proximal,TE-like,Solyc11g017330.1,0.327793,0.495127,0.662037,0.308998
8693,Solyc11g017320.2,proximal,TE-like,Solyc11g017340.1,0.0842845,0.284016,0.296759,0.013665
8694,Solyc11g017330.1,proximal,TE-like,Solyc11g017310.2,0.327793,0.495127,0.662037,0.308998
8695,Solyc11g017340.1,proximal,Unmethylated,Solyc11g017370.2,0.103942,0.459906,0.226006,0.00161692
8696,Solyc11g017370.2,proximal,TE-like,Solyc11g017340.1,0.103942,0.459906,0.226006,0.00161692
8697,Solyc11g018490.2,proximal,TE-like,Solyc11g018500.2,0.0827692,1.33259,0.0621115,9.59595e-42
8698,Solyc11g018500.2,proximal,TE-like,Solyc11g018540.2,NA,0.0431283,2.57423e-14,NA
8699,Solyc11g018540.2,proximal,TE-like,Solyc11g018500.2,NA,0.0431283,2.57423e-14,NA
8700,Solyc11g018770.2,proximal,TE-like,Solyc11g018820.2,0.100255,0.156084,0.642312,0.0277429
8701,Solyc11g018810.2,proximal,TE-like,Solyc11g018770.2,NA,0.0278846,0,NA
8702,Solyc11g018820.2,proximal,TE-like,Solyc11g018770.2,0.100255,0.156084,0.642312,0.0277429
8703,Solyc11g018853.1,proximal,TE-like,Solyc11g018857.1,0.065278,0.0974611,0.669786,0.112354
8704,Solyc11g019850.1,proximal,NA,Solyc08g061760.2,0.0170188,0.0501328,0.339474,0.271359
8705,Solyc11g019860.2,proximal,Unclassified,Solyc11g019880.2,0.125798,0.235478,0.534221,0.0425171
8706,Solyc11g019870.2,proximal,NA,Solyc08g061760.2,0.0129681,0.0409968,0.316319,0.251564
8707,Solyc11g020080.2,proximal,TE-like,Solyc11g020100.2,0.147557,0.285988,0.515954,0.00426507
8708,Solyc11g020353.1,proximal,TE-like,Solyc11g020400.1,0.173117,0.165338,1.04705,0.999999
8709,Solyc11g020420.1,proximal,TE-like,Solyc11g020410.1,0.146559,0.073438,1.99569,0.285684
8710,Solyc11g020430.2,proximal,TE-like,Solyc11g020400.1,0.205445,0.210626,0.975399,0.999979
8711,Solyc11g020498.1,proximal,NA,Solyc11g020496.1,0.197724,0.305183,0.647886,0.297829
8712,Solyc11g020620.1,proximal,TE-like,Solyc11g020660.1,0.124703,0.24017,0.519226,0.0102892
8713,Solyc11g020660.1,proximal,Unclassified,Solyc11g020620.1,0.124703,0.24017,0.519226,0.0102892
8714,Solyc11g020960.2,proximal,Unmethylated,Solyc11g020990.2,0.304412,3.25344,0.0935662,4.97366e-22
8715,Solyc11g020973.1,proximal,TE-like,Solyc11g020990.2,0.343495,0.364503,0.942364,0.999999
8716,Solyc11g020990.2,proximal,TE-like,Solyc11g020973.1,0.343495,0.364503,0.942364,0.999999
8717,Solyc11g021020.1,proximal,TE-like,Solyc11g021060.2,0.365103,0.805038,0.453523,0.685199
8718,Solyc11g021060.2,proximal,Unclassified,Solyc11g021020.1,0.365103,0.805038,0.453523,0.685199
8719,Solyc11g022400.1,proximal,gbM,Solyc11g022460.2,0.053517,0.146856,0.364419,2.9239e-10
8720,Solyc11g022460.2,proximal,gbM,Solyc11g022400.1,0.053517,0.146856,0.364419,2.9239e-10
8721,Solyc11g027630.1,proximal,Unclassified,Solyc11g027730.1,0.162345,0.259484,0.625648,0.361475
8722,Solyc11g027670.1,proximal,TE-like,Solyc11g027760.1,0.175845,0.225183,0.780897,0.548531
8723,Solyc11g027730.1,proximal,NA,Solyc11g027630.1,0.162345,0.259484,0.625648,0.361475
8724,Solyc11g027760.1,proximal,NA,Solyc11g027670.1,0.175845,0.225183,0.780897,0.548531
8725,Solyc11g027880.2,proximal,Unclassified,Solyc11g027887.1,0.424967,3.21654,0.132119,3.31844e-12
8726,Solyc11g027887.1,proximal,TE-like,Solyc11g027880.2,0.424967,3.21654,0.132119,3.31844e-12
8727,Solyc11g028183.1,proximal,TE-like,Solyc11g028201.1,0.0769918,0.2234,0.344636,0.0311945
8728,Solyc11g028201.1,proximal,TE-like,Solyc11g028183.1,0.0769918,0.2234,0.344636,0.0311945
8729,Solyc11g030860.2,proximal,TE-like,Solyc11g030905.1,0.426793,1.51203,0.282264,9.84236e-07
8730,Solyc11g030945.1,proximal,NA,Solyc11g030953.1,0.0141587,0.0158116,0.895463,0.65091
8731,Solyc11g030953.1,proximal,NA,Solyc11g030945.1,0.0141587,0.0158116,0.895463,0.65091
8732,Solyc11g031960.2,proximal,TE-like,Solyc11g032050.2,0.44668,3.95667,0.112893,2.05802e-74
8733,Solyc11g032133.1,proximal,TE-like,Solyc11g032220.2,0.203547,0.554458,0.36711,1.13248e-05
8734,Solyc11g032220.2,proximal,Unclassified,Solyc11g032133.1,0.203547,0.554458,0.36711,1.13248e-05
8735,Solyc11g040060.2,proximal,TE-like,Solyc11g040090.1,0.0679896,0.130295,0.521812,0.0170235
8736,Solyc11g040090.1,proximal,TE-like,Solyc11g040060.2,0.0679896,0.130295,0.521812,0.0170235
8737,Solyc11g042421.1,proximal,TE-like,Solyc11g042423.1,0.300987,0.409961,0.734185,0.379641
8738,Solyc11g042426.1,proximal,TE-like,NA,NA,NA,NA,NA
8739,Solyc11g042428.1,proximal,TE-like,Solyc11g042424.1,0.269515,0.247327,1.08971,0.723679
8740,Solyc11g043020.1,proximal,TE-like,Solyc11g043080.2,0.199124,0.272026,0.732005,0.479924
8741,Solyc11g043050.1,proximal,TE-like,Solyc11g043080.2,0.124813,0.0990156,1.26054,0.571486
8742,Solyc11g043080.2,proximal,TE-like,Solyc11g043050.1,0.124813,0.0990156,1.26054,0.571486
8743,Solyc11g044632.1,proximal,TE-like,Solyc11g044670.1,0.214061,0.23634,0.905732,0.695001
8744,Solyc11g044670.1,proximal,TE-like,Solyc11g044632.1,0.214061,0.23634,0.905732,0.695001
8745,Solyc11g045680.2,proximal,TE-like,Solyc11g045690.2,0.0602828,0.0838019,0.719348,0.32452
8746,Solyc11g045690.2,proximal,TE-like,Solyc11g045680.2,0.0602828,0.0838019,0.719348,0.32452
8747,Solyc11g050900.2,proximal,TE-like,Solyc11g050930.1,0.0664296,0.0806946,0.823223,0.634786
8748,Solyc11g050930.1,proximal,TE-like,Solyc11g050900.2,0.0664296,0.0806946,0.823223,0.634786
8749,Solyc11g050960.1,proximal,TE-like,Solyc11g050930.1,0.0676522,0.0963567,0.702102,0.729449
8750,Solyc11g050990.1,proximal,Unclassified,Solyc11g051010.2,0.336725,0.475168,0.708643,0.584516
8751,Solyc11g050993.1,proximal,TE-like,Solyc11g051020.2,0.327391,0.682077,0.479991,0.0432222
8752,Solyc11g050997.1,proximal,TE-like,Solyc11g051010.2,0.353921,0.396239,0.893201,0.694803
8753,Solyc11g051005.1,proximal,TE-like,Solyc11g051020.2,0.193167,0.424746,0.454783,0.690823
8754,Solyc11g051060.2,proximal,Unmethylated,Solyc11g051120.2,0.393397,2.1723,0.181097,5.52715e-13
8755,Solyc11g051120.2,proximal,Unclassified,Solyc11g051060.2,0.393397,2.1723,0.181097,5.52715e-13
8756,Solyc11g061776.1,proximal,TE-like,Solyc11g061814.1,0.0833995,0.0876523,0.951482,0.790078
8757,Solyc11g061778.1,proximal,TE-like,Solyc11g061818.1,0.0864016,0.0623066,1.38672,0.421701
8758,Solyc11g061780.1,proximal,NA,Solyc11g061820.2,0.130173,0.198306,0.656425,0.2531
8759,Solyc11g061790.1,proximal,TE-like,Solyc11g061820.2,0.0943332,0.19219,0.490832,0.149835
8760,Solyc11g061800.1,proximal,TE-like,Solyc11g061820.2,0.0460761,0.219224,0.210178,0.0111169
8761,Solyc11g061810.2,proximal,TE-like,Solyc11g061818.1,0.0729491,0.0401364,1.81753,0.147039
8762,Solyc11g061814.1,proximal,TE-like,Solyc11g061818.1,0.186323,0.213068,0.874476,0.598654
8763,Solyc11g061913.1,proximal,NA,Solyc11g061818.1,0.0228028,0.0198698,1.14761,0.979949
8764,Solyc11g062130.2,proximal,Unclassified,Solyc11g062190.2,0.00345245,0.0396972,0.0869696,3.06428e-05
8765,Solyc11g062190.2,proximal,Unclassified,Solyc11g062130.2,0.00345245,0.0396972,0.0869696,3.06428e-05
8766,Solyc11g063670.1,proximal,TE-like,Solyc11g063700.1,0.0995498,0.13251,0.751265,0.516479
8767,Solyc11g063680.1,proximal,Unclassified,Solyc11g063650.1,0.0402188,0.0282973,1.42129,0.67721
8768,Solyc11g063693.1,proximal,TE-like,Solyc11g063665.1,0.152682,0.216545,0.705083,0.29781
8769,Solyc11g063695.1,proximal,TE-like,Solyc11g063690.2,0.038948,0.0903486,0.431086,0.104433
8770,Solyc11g063697.1,proximal,TE-like,Solyc11g063740.2,0.0317541,0.0366957,0.865336,0.795394
8771,Solyc11g063700.1,proximal,Unclassified,Solyc11g063670.1,0.0995498,0.13251,0.751265,0.516479
8772,Solyc11g063730.2,proximal,TE-like,Solyc11g063670.1,0.0364193,0.0876235,0.415634,0.227378
8773,Solyc11g065300.1,proximal,Unclassified,Solyc11g065280.1,0.116383,0.48004,0.242444,0.00279035
8774,Solyc11g065440.2,proximal,TE-like,Solyc11g065460.1,0.0916692,0.816648,0.112251,9.93704e-14
8775,Solyc11g065450.1,proximal,TE-like,Solyc11g065470.2,0.17052,1.19124,0.143146,1.59088e-07
8776,Solyc11g065545.1,proximal,TE-like,Solyc11g065610.1,0.146666,0.281137,0.521691,0.242457
8777,Solyc11g065610.1,proximal,Unclassified,Solyc11g065545.1,0.146666,0.281137,0.521691,0.242457
8778,Solyc11g065780.2,proximal,TE-like,Solyc11g065790.1,0.11835,0.102197,1.15806,0.829518
8779,Solyc11g065790.1,proximal,TE-like,Solyc11g065780.2,0.11835,0.102197,1.15806,0.829518
8780,Solyc11g066170.2,proximal,TE-like,Solyc11g066195.1,0.146116,0.315608,0.462967,0.0371724
8781,Solyc11g066230.1,proximal,TE-like,Solyc11g066200.1,0.0951352,0.103558,0.918665,0.779813
8782,Solyc11g067270.1,proximal,gbM,Solyc11g067290.1,0.27648,0.672974,0.410833,4.87773e-09
8783,Solyc11g067290.1,proximal,TE-like,Solyc11g067270.1,0.27648,0.672974,0.410833,4.87773e-09
8784,Solyc11g069620.2,proximal,TE-like,Solyc11g069660.2,0.151492,0.231103,0.655516,0.000553248
8785,Solyc11g069670.2,proximal,Unmethylated,Solyc11g069660.2,NA,0.187759,1.18261e-14,NA
8786,Solyc11g069920.1,proximal,TE-like,Solyc11g069925.1,0.174755,0.419966,0.416117,0.00139305
8787,Solyc11g069975.1,proximal,TE-like,Solyc11g070010.2,0.359431,0.656874,0.547185,0.000772323
8788,Solyc11g070010.2,proximal,Unmethylated,Solyc11g069975.1,0.359431,0.656874,0.547185,0.000772323
8789,Solyc11g070050.2,proximal,Unclassified,Solyc11g070060.2,0.0914478,0.179906,0.508307,0.0442649
8790,Solyc11g070055.1,proximal,TE-like,Solyc11g070070.2,0.22621,0.926665,0.244112,0.000368927
8791,Solyc11g070060.2,proximal,gbM,Solyc11g070050.2,0.0914478,0.179906,0.508307,0.0442649
8792,Solyc11g070070.2,proximal,gbM,Solyc11g070055.1,0.22621,0.926665,0.244112,0.000368927
8793,Solyc11g071390.1,proximal,TE-like,Solyc11g071420.2,0.150835,0.285637,0.528064,0.000481263
8794,Solyc11g071400.1,proximal,TE-like,Solyc11g071420.2,0.395684,0.636145,0.622003,0.121078
8795,Solyc11g071580.2,proximal,gbM,Solyc11g071600.2,0.0721858,0.232196,0.310883,1.20939e-23
8796,Solyc11g072340.2,proximal,TE-like,Solyc11g072320.2,0.0225751,0.0286701,0.787408,0.629114
8797,Solyc11g072390.2,proximal,TE-like,Solyc11g072320.2,0.0456849,0.150018,0.304529,4.9573e-08
8798,Solyc11g072640.2,proximal,Unclassified,Solyc11g072650.2,0.334631,1.58606,0.210983,2.6522e-06
8799,Solyc11g072790.2,proximal,Unclassified,Solyc11g072770.2,0.402356,3.32756,0.120916,6.46378e-19
8800,Solyc11g072830.1,proximal,gbM,Solyc11g072760.1,0.287408,3.87457,0.0741781,1.00402e-72
8801,Solyc12g006470.2,proximal,Unclassified,Solyc12g006450.2,0.123578,0.951997,0.129809,6.3353e-39
8802,Solyc12g008920.2,proximal,TE-like,Solyc12g008900.2,0.0497953,0.258625,0.192539,2.66033e-08
8803,Solyc12g009360.1,proximal,TE-like,Solyc12g009340.2,0.0773145,0.200121,0.38634,0.0170006
8804,Solyc12g009370.2,proximal,TE-like,Solyc12g009350.1,0.177969,0.354009,0.502724,0.0226347
8805,Solyc12g009413.1,proximal,TE-like,Solyc12g009417.1,0.345138,2.92434,0.118022,8.37797e-16
8806,Solyc12g009415.1,proximal,gbM,Solyc12g009450.2,0.477053,2.53141,0.188453,1.7188e-17
8807,Solyc12g009417.1,proximal,TE-like,Solyc12g009413.1,0.345138,2.92434,0.118022,8.37797e-16
8808,Solyc12g009450.2,proximal,gbM,Solyc12g009415.1,0.477053,2.53141,0.188453,1.7188e-17
8809,Solyc12g009460.1,proximal,TE-like,Solyc12g009450.2,0.122166,0.288579,0.423335,9.81789e-13
8810,Solyc12g009550.1,proximal,TE-like,Solyc12g009520.2,0.206397,0.449882,0.458782,0.000525234
8811,Solyc12g009690.1,proximal,TE-like,Solyc12g009730.2,0.216777,0.498911,0.434501,1.47247e-06
8812,Solyc12g009700.2,proximal,TE-like,Solyc12g009740.2,0.0470054,0.0345814,1.35927,0.71014
8813,Solyc12g010020.2,proximal,Unclassified,Solyc12g010030.2,0.015388,0.044229,0.347916,0.280755
8814,Solyc12g010025.1,proximal,NA,Solyc12g010040.2,0.122689,0.326006,0.376341,5.02469e-10
8815,Solyc12g011320.2,proximal,Unclassified,Solyc12g011310.2,0.341298,3.67669,0.0928275,9.67676e-26
8816,Solyc12g011455.1,proximal,Unmethylated,Solyc12g013510.1,0.00999021,0.295493,0.0338086,4.61578e-11
8817,Solyc12g013510.1,proximal,Unmethylated,Solyc12g011455.1,0.00999021,0.295493,0.0338086,4.61578e-11
8818,Solyc12g013680.2,proximal,TE-like,Solyc12g013730.2,0.103777,0.19886,0.521858,0.000809636
8819,Solyc12g013690.2,proximal,TE-like,Solyc12g013720.1,0.0552241,0.170953,0.323037,0.00606628
8820,Solyc12g013720.1,proximal,Unclassified,Solyc12g013690.2,0.0552241,0.170953,0.323037,0.00606628
8821,Solyc12g013730.2,proximal,TE-like,Solyc12g013680.2,0.103777,0.19886,0.521858,0.000809636
8822,Solyc12g013750.2,proximal,TE-like,Solyc12g013665.1,0.0434172,0.0709238,0.612167,0.401247
8823,Solyc12g015980.1,proximal,TE-like,Solyc12g016030.2,0.0397884,2.59999e-06,15303.3,0.064888
8824,Solyc12g016010.2,proximal,TE-like,Solyc12g016050.1,0.0583568,0.222201,0.26263,0.0146207
8825,Solyc12g016020.2,proximal,TE-like,Solyc12g016100.1,0.015884,0.269336,0.0589747,9.19163e-05
8826,Solyc12g016030.2,proximal,TE-like,Solyc12g015980.1,0.0397884,2.59999e-06,15303.3,0.064888
8827,Solyc12g016035.1,proximal,TE-like,Solyc12g016060.1,0.0989233,0.0967466,1.0225,0.998336
8828,Solyc12g016040.2,proximal,TE-like,Solyc12g016100.1,0.135727,0.322791,0.420481,0.0116209
8829,Solyc12g016050.1,proximal,TE-like,Solyc12g016090.1,0.017947,0.0376712,0.476412,0.405207
8830,Solyc12g016060.1,proximal,TE-like,Solyc12g016035.1,0.0989233,0.0967466,1.0225,0.998336
8831,Solyc12g016070.1,proximal,TE-like,Solyc12g016110.1,0.0763723,0.146016,0.523041,0.254726
8832,Solyc12g016090.1,proximal,TE-like,Solyc12g016050.1,0.017947,0.0376712,0.476412,0.405207
8833,Solyc12g016100.1,proximal,TE-like,Solyc12g016020.2,0.015884,0.269336,0.0589747,9.19163e-05
8834,Solyc12g016110.1,proximal,TE-like,Solyc12g016070.1,0.0763723,0.146016,0.523041,0.254726
8835,Solyc12g016130.1,proximal,TE-like,Solyc12g016090.1,0.0274519,0.0411919,0.66644,0.626411
8836,Solyc12g016140.1,proximal,TE-like,Solyc12g016100.1,0.0264471,0.11073,0.238843,0.000116462
8837,Solyc12g016150.1,proximal,TE-like,Solyc12g016170.1,0.0717702,0.19848,0.361599,0.00201573
8838,Solyc12g017630.2,proximal,TE-like,Solyc12g017675.1,0.328133,0.712452,0.460568,0.00589516
8839,Solyc12g017675.1,proximal,TE-like,Solyc12g017630.2,0.328133,0.712452,0.460568,0.00589516
8840,Solyc12g017710.1,proximal,TE-like,Solyc12g017740.1,0.170316,0.319367,0.533292,0.286983
8841,Solyc12g017720.1,proximal,TE-like,Solyc12g017770.1,0.255899,0.178224,1.43583,0.355347
8842,Solyc12g017740.1,proximal,TE-like,Solyc12g017760.1,0.106849,0.155106,0.68888,0.323757
8843,Solyc12g017760.1,proximal,TE-like,Solyc12g017790.1,0.229239,0.219684,1.0435,0.640151
8844,Solyc12g017770.1,proximal,TE-like,Solyc12g017720.1,0.255899,0.178224,1.43583,0.355347
8845,Solyc12g017790.1,proximal,TE-like,Solyc12g017760.1,0.229239,0.219684,1.0435,0.640151
8846,Solyc12g019110.2,proximal,TE-like,Solyc12g019100.2,0.0461012,0.0575078,0.801651,0.448602
8847,Solyc12g019144.1,proximal,TE-like,Solyc12g019190.1,0.222443,0.647855,0.343354,9.39715e-06
8848,Solyc12g019230.2,proximal,TE-like,Solyc12g019180.2,0.16443,3.2731,0.0502367,1.30674e-52
8849,Solyc12g019680.1,proximal,TE-like,Solyc12g019627.1,0.0409845,0.058525,0.70029,0.52723
8850,Solyc12g019810.1,proximal,TE-like,Solyc12g019840.1,0.121288,0.317097,0.382495,0.0631864
8851,Solyc12g019820.2,proximal,TE-like,Solyc12g019910.1,0.127449,0.55482,0.229712,6.38892e-05
8852,Solyc12g019830.1,proximal,TE-like,Solyc12g019900.2,0.321067,0.304035,1.05602,0.694499
8853,Solyc12g019840.1,proximal,TE-like,Solyc12g019810.1,0.121288,0.317097,0.382495,0.0631864
8854,Solyc12g019940.1,proximal,TE-like,Solyc12g020020.1,0.226448,0.320015,0.707619,0.400006
8855,Solyc12g020020.1,proximal,TE-like,Solyc12g019940.1,0.226448,0.320015,0.707619,0.400006
8856,Solyc12g027690.1,proximal,TE-like,Solyc12g027710.1,0.188273,0.272021,0.692127,0.174484
8857,Solyc12g027710.1,proximal,TE-like,Solyc12g027690.1,0.188273,0.272021,0.692127,0.174484
8858,Solyc12g032930.2,proximal,Unclassified,Solyc12g032950.2,0.383589,3.51683,0.109072,3.3797e-23
8859,Solyc12g032933.1,proximal,Unclassified,Solyc12g032950.2,0.29051,2.99228,0.0970865,1.76545e-19
8860,Solyc12g032970.1,proximal,Unclassified,Solyc12g033050.2,0.281885,0.399699,0.705244,0.524237
8861,Solyc12g032980.1,proximal,TE-like,Solyc12g033050.2,0.215862,0.283705,0.760869,0.684607
8862,Solyc12g032990.1,proximal,TE-like,Solyc12g033040.1,0.642267,3.37579,0.190257,3.03833e-12
8863,Solyc12g033000.1,proximal,TE-like,Solyc12g033070.1,0.0612547,0.0760528,0.805424,0.63395
8864,Solyc12g033010.1,proximal,TE-like,Solyc12g033070.1,0.0478519,0.208232,0.229801,0.0839853
8865,Solyc12g033020.1,proximal,TE-like,Solyc12g033080.1,0.066019,0.0737522,0.895146,0.98781
8866,Solyc12g033030.1,proximal,TE-like,Solyc12g033090.2,0.0791427,0.0542051,1.46006,0.760374
8867,Solyc12g033040.1,proximal,TE-like,Solyc12g033060.1,0.448487,3.25142,0.137936,0
8868,Solyc12g033050.2,proximal,TE-like,Solyc12g032980.1,0.215862,0.283705,0.760869,0.684607
8869,Solyc12g033060.1,proximal,TE-like,Solyc12g033040.1,0.448487,3.25142,0.137936,0
8870,Solyc12g033070.1,proximal,TE-like,Solyc12g033010.1,0.0478519,0.208232,0.229801,0.0839853
8871,Solyc12g033080.1,proximal,TE-like,Solyc12g033020.1,0.066019,0.0737522,0.895146,0.98781
8872,Solyc12g033090.2,proximal,TE-like,Solyc12g033030.1,0.0791427,0.0542051,1.46006,0.760374
8873,Solyc12g036505.1,proximal,TE-like,Solyc12g036520.2,0.208994,0.437072,0.478168,0.0242972
8874,Solyc12g036520.2,proximal,TE-like,Solyc12g036505.1,0.208994,0.437072,0.478168,0.0242972
8875,Solyc12g038020.2,proximal,TE-like,Solyc12g038120.2,0.380155,0.408594,0.930397,1
8876,Solyc12g038030.1,proximal,TE-like,Solyc12g038110.1,0.165942,0.223766,0.741585,0.481207
8877,Solyc12g038040.2,proximal,TE-like,Solyc12g038100.1,0.0506363,0.245662,0.206121,0.000110655
8878,Solyc12g038100.1,proximal,TE-like,Solyc12g038040.2,0.0506363,0.245662,0.206121,0.000110655
8879,Solyc12g038110.1,proximal,TE-like,Solyc12g038030.1,0.165942,0.223766,0.741585,0.481207
8880,Solyc12g038120.2,proximal,TE-like,Solyc12g038020.2,0.380155,0.408594,0.930397,1
8881,Solyc12g038130.1,proximal,TE-like,Solyc12g038140.1,0.0245923,0.0418706,0.587341,0.196424
8882,Solyc12g038140.1,proximal,TE-like,Solyc12g038130.1,0.0245923,0.0418706,0.587341,0.196424
8883,Solyc12g040210.2,proximal,TE-like,Solyc12g040305.1,0.28473,0.726361,0.391995,5.42096e-05
8884,Solyc12g040230.1,proximal,TE-like,Solyc12g040270.2,0.0365926,0.0236102,1.54986,0.620443
8885,Solyc12g040305.1,proximal,TE-like,Solyc12g040210.2,0.28473,0.726361,0.391995,5.42096e-05
8886,Solyc12g040340.2,proximal,TE-like,Solyc12g040280.2,0.251566,0.28055,0.89669,0.75041
8887,Solyc12g041950.2,proximal,TE-like,Solyc12g041960.2,0.0797238,0.27755,0.287241,0.000132675
8888,Solyc12g041960.2,proximal,TE-like,Solyc12g041950.2,0.0797238,0.27755,0.287241,0.000132675
8889,Solyc12g042020.2,proximal,TE-like,Solyc12g042030.2,0.233477,0.336103,0.694659,0.187951
8890,Solyc12g042030.2,proximal,TE-like,Solyc12g042055.1,0.356326,0.354331,1.00563,0.867383
8891,Solyc12g042055.1,proximal,TE-like,Solyc12g042030.2,0.356326,0.354331,1.00563,0.867383
8892,Solyc12g042130.1,proximal,TE-like,Solyc12g042160.1,0.0764155,0.104842,0.728866,0.445518
8893,Solyc12g042150.1,proximal,TE-like,Solyc12g042160.1,0.185445,0.209507,0.885152,0.598003
8894,Solyc12g042160.1,proximal,TE-like,Solyc12g042150.1,0.185445,0.209507,0.885152,0.598003
8895,Solyc12g042240.2,proximal,TE-like,Solyc12g042270.2,0.236317,1.30427,0.181187,2.2266e-08
8896,Solyc12g042270.2,proximal,TE-like,Solyc12g042240.2,0.236317,1.30427,0.181187,2.2266e-08
8897,Solyc12g042280.2,proximal,TE-like,Solyc12g042300.2,0.171089,0.31388,0.545079,0.00127198
8898,Solyc12g042500.2,proximal,Unmethylated,Solyc12g042520.2,0.0631886,0.758238,0.0833361,3.23575e-07
8899,Solyc12g042520.2,proximal,Unmethylated,Solyc12g042500.2,0.0631886,0.758238,0.0833361,3.23575e-07
8900,Solyc12g042600.2,proximal,TE-like,Solyc12g042605.1,0.0883337,0.148362,0.595394,0.309467
8901,Solyc12g042620.1,proximal,TE-like,Solyc12g042600.2,0.03261,0.0909761,0.358446,0.0145617
8902,Solyc12g042700.2,proximal,Unclassified,Solyc12g042720.2,0.0136739,NA,NA,NA
8903,Solyc12g042720.2,proximal,Unclassified,Solyc12g042700.2,0.0136739,NA,NA,NA
8904,Solyc12g044180.2,proximal,TE-like,Solyc12g044190.2,0.0556437,0.0501075,1.11049,0.598396
8905,Solyc12g044183.1,proximal,TE-like,Solyc12g044195.1,0.0108929,0.0345882,0.31493,0.374307
8906,Solyc12g044190.2,proximal,TE-like,Solyc12g044180.2,0.0556437,0.0501075,1.11049,0.598396
8907,Solyc12g044195.1,proximal,TE-like,Solyc12g044183.1,0.0108929,0.0345882,0.31493,0.374307
8908,Solyc12g044200.2,proximal,TE-like,Solyc12g044190.2,0.0634091,0.0505678,1.25394,0.200947
8909,Solyc12g044580.2,proximal,TE-like,Solyc12g044560.1,0.345536,0.466367,0.740909,0.364914
8910,Solyc12g044650.2,proximal,gbM,Solyc12g044700.2,0.323586,0.254456,1.27168,0.285355
8911,Solyc12g044653.1,proximal,TE-like,Solyc12g044700.2,0.4393,0.679563,0.646445,0.0961266
8912,Solyc12g044655.1,proximal,Unclassified,Solyc12g044685.1,0.0446302,0.108369,0.411835,0.112033
8913,Solyc12g044685.1,proximal,TE-like,Solyc12g044655.1,0.0446302,0.108369,0.411835,0.112033
8914,Solyc12g044983.1,proximal,TE-like,Solyc12g045020.2,0.142556,0.867844,0.164265,1.83411e-25
8915,Solyc12g045020.2,proximal,TE-like,Solyc12g044983.1,0.142556,0.867844,0.164265,1.83411e-25
8916,Solyc12g049030.1,proximal,TE-like,Solyc12g044950.2,0.17461,0.66669,0.261905,5.6985e-16
8917,Solyc12g049070.1,proximal,TE-like,Solyc12g049050.1,0.0545937,0.109757,0.497407,0.0891457
8918,Solyc12g049610.1,proximal,TE-like,Solyc12g049617.1,0.205505,0.258125,0.796146,0.661973
8919,Solyc12g049617.1,proximal,TE-like,Solyc12g049610.1,0.205505,0.258125,0.796146,0.661973
8920,Solyc12g049640.2,proximal,TE-like,NA,NA,NA,NA,NA
8921,Solyc12g049665.1,proximal,TE-like,Solyc12g055690.2,0.275655,0.386097,0.713953,0.406104
8922,Solyc12g055690.2,proximal,TE-like,Solyc12g049665.1,0.275655,0.386097,0.713953,0.406104
8923,Solyc12g055700.2,proximal,Unclassified,Solyc12g055680.1,0.0653716,0.212363,0.307829,0.00302109
8924,Solyc12g057075.1,proximal,TE-like,Solyc12g057100.2,0.0586508,0.145583,0.402868,0.0105059
8925,Solyc12g057100.2,proximal,TE-like,Solyc12g057075.1,0.0586508,0.145583,0.402868,0.0105059
8926,Solyc12g062220.1,proximal,TE-like,Solyc12g062170.1,0.223818,0.206913,1.0817,0.612567
8927,Solyc12g077430.1,proximal,TE-like,Solyc12g077440.1,0.0624783,0.0664637,0.940037,0.999786
8928,Solyc12g077440.1,proximal,TE-like,Solyc12g077430.1,0.0624783,0.0664637,0.940037,0.999786
8929,Solyc12g088270.2,proximal,TE-like,Solyc12g088250.2,0.114627,0.24432,0.469168,0.0645506
8930,Solyc12g088500.2,proximal,gbM,Solyc12g088520.2,0.0670909,0.191641,0.350086,2.31238e-06
8931,Solyc12g088540.2,proximal,TE-like,Solyc12g088570.2,0.0760574,0.100119,0.759669,0.264713
8932,Solyc12g088550.1,proximal,TE-like,Solyc12g088590.1,0.146599,0.145659,1.00646,0.99957
8933,Solyc12g088560.1,proximal,TE-like,Solyc12g088580.1,0.1513,0.134766,1.12268,0.999059
8934,Solyc12g088570.2,proximal,TE-like,Solyc12g088540.2,0.0760574,0.100119,0.759669,0.264713
8935,Solyc12g088780.1,proximal,NA,Solyc12g088760.1,0.0774726,0.280712,0.275986,0.00933601
8936,Solyc12g096770.1,proximal,Unclassified,Solyc12g096790.1,0.0448417,0.161335,0.277941,2.11568e-08
8937,Solyc12g096880.2,proximal,TE-like,Solyc12g096900.2,0.316288,0.569444,0.555433,0.00828604
8938,Solyc12g097000.2,proximal,TE-like,Solyc12g097020.2,0.0625872,0.139179,0.44969,0.027475
8939,Solyc12g097020.2,proximal,TE-like,Solyc12g097000.2,0.0625872,0.139179,0.44969,0.027475
8940,Solyc12g098200.2,proximal,TE-like,Solyc12g098190.2,0.216538,1.14633,0.188897,2.27393e-20
8941,Solyc12g098240.1,proximal,TE-like,Solyc12g098260.1,NA,0.0884875,1.25467e-14,NA
8942,Solyc12g098260.1,proximal,Unclassified,Solyc12g098240.1,NA,0.0884875,1.25467e-14,NA
8943,Solyc12g098753.1,proximal,TE-like,Solyc12g098780.2,0.0117918,0.0275887,0.427416,0.0527079
8944,Solyc12g098800.2,proximal,NA,Solyc12g098757.1,0.0186015,0.0645828,0.288025,0.168725
8945,Solyc12g098840.2,proximal,gbM,Solyc12g098870.2,0.0570656,0.155106,0.367912,1.90764e-15
8946,Solyc12g098870.2,proximal,TE-like,Solyc12g098840.2,0.0570656,0.155106,0.367912,1.90764e-15
8947,Solyc12g098940.2,proximal,TE-like,Solyc12g099030.2,NA,0.301853,-7.35605e-15,NA
8948,Solyc12g099030.2,proximal,Unclassified,Solyc12g098940.2,NA,0.301853,-7.35605e-15,NA
8949,Solyc12g099670.1,proximal,TE-like,Solyc12g099720.2,0.672594,2.61392,0.257312,8.6955e-08
8950,Solyc12g099700.2,proximal,TE-like,Solyc12g099680.1,0.453943,5.17118,0.0877833,1.08132e-22
8951,Solyc12g099720.2,proximal,TE-like,Solyc12g099670.1,0.672594,2.61392,0.257312,8.6955e-08
8952,Solyc12g099730.2,proximal,gbM,Solyc12g099700.2,0.497515,2.12424,0.234208,1.4752e-16
8953,Solyc12g099880.1,proximal,Unclassified,Solyc12g099950.2,0.388772,2.77877,0.139908,7.46767e-06
8954,Solyc12g099950.2,proximal,TE-like,Solyc12g100010.1,0.229182,0.671611,0.341242,1.01432e-15
8955,Solyc12g100210.1,proximal,NA,Solyc12g100230.1,0.358804,2.48995,0.144101,1.7599e-11
8956,Solyc12g100230.1,proximal,TE-like,Solyc12g100250.2,0.165489,0.898774,0.184128,2.69836e-22
8957,Solyc00g005050.3,dispersed,Unclassified,Solyc04g009190.3,0.136569,1.32476,0.10309,9.3272e-23
8958,Solyc00g005280.1,dispersed,TE-like,Solyc03g046594.1,0.416038,1.15957,0.358786,0.000326423
8959,Solyc00g005285.1,dispersed,TE-like,Solyc03g097700.3,0.188057,0.457419,0.411127,0.00084229
8960,Solyc00g005903.1,dispersed,TE-like,Solyc00g012702.1,0.24046,0.447382,0.537483,0.00764907
8961,Solyc00g005907.1,dispersed,TE-like,Solyc00g012435.1,0.231837,0.337747,0.686421,0.0943059
8962,Solyc00g006020.1,dispersed,TE-like,Solyc06g036890.1,0.125709,0.759872,0.165434,9.87882e-08
8963,Solyc00g006480.1,dispersed,TE-like,Solyc00g006560.1,0.0276174,0.0644359,0.428603,0.0553255
8964,Solyc00g006483.1,dispersed,TE-like,Solyc05g016075.1,0.0980486,0.15368,0.638006,0.319857
8965,Solyc00g006487.1,dispersed,TE-like,Solyc09g057637.1,0.153409,0.744702,0.206001,3.65845e-06
8966,Solyc00g006590.2,dispersed,TE-like,Solyc06g005115.1,0.304666,0.508278,0.599407,0.08898
8967,Solyc00g006650.1,dispersed,TE-like,Solyc00g032943.1,0.212277,0.279956,0.75825,0.823339
8968,Solyc00g006655.1,dispersed,TE-like,Solyc00g032943.1,0.208876,0.26203,0.797142,0.500018
8969,Solyc00g006680.2,dispersed,TE-like,Solyc06g024210.2,0.178039,0.122415,1.45439,0.415505
8970,Solyc00g006683.1,dispersed,TE-like,Solyc08g054575.1,0.249677,0.222025,1.12455,0.672296
8971,Solyc00g006850.2,dispersed,TE-like,Solyc06g063380.1,0.331863,0.86166,0.385144,1.30151e-05
8972,Solyc00g006860.2,dispersed,TE-like,Solyc06g063380.1,0.149776,0.215252,0.695818,0.410141
8973,Solyc00g006903.1,dispersed,TE-like,Solyc00g013184.1,0.263619,0.313635,0.840527,0.404651
8974,Solyc00g006907.1,dispersed,TE-like,Solyc00g068985.1,0.266834,0.346125,0.77092,0.412748
8975,Solyc00g007020.1,dispersed,TE-like,Solyc02g038680.1,0.172953,0.236917,0.730014,0.284361
8976,Solyc00g007180.1,dispersed,TE-like,Solyc05g052740.1,0.0690845,0.27159,0.25437,2.40053e-10
8977,Solyc00g007225.1,dispersed,TE-like,Solyc09g074185.1,0.0371168,0.0280045,1.32539,0.717781
8978,Solyc00g007305.1,dispersed,TE-like,Solyc08g048470.2,0.0257493,0.00781536,3.2947,0.26532
8979,Solyc00g007910.1,dispersed,gbM,Solyc00g008030.1,0.0929177,0.0760091,1.22245,0.677232
8980,Solyc00g007990.1,dispersed,TE-like,Solyc12g082760.1,0.326433,0.504576,0.646945,0.0945646
8981,Solyc00g008030.1,dispersed,TE-like,Solyc00g014170.1,0.159476,0.163582,0.974894,1
8982,Solyc00g008070.2,dispersed,TE-like,Solyc00g016590.2,0.107398,0.127113,0.844901,0.669242
8983,Solyc00g008165.1,dispersed,TE-like,Solyc00g012435.1,0.249921,0.232524,1.07482,0.773814
8984,Solyc00g008265.1,dispersed,TE-like,Solyc00g174345.1,0.279079,0.392607,0.710834,0.288934
8985,Solyc00g008270.1,dispersed,gbM,Solyc00g012708.1,0.191221,0.226669,0.843613,0.652375
8986,Solyc00g008680.3,dispersed,TE-like,Solyc06g052040.3,0.6054,3.86801,0.156515,5.40699e-36
8987,Solyc00g008800.2,dispersed,NA,Solyc08g016795.1,0.0524266,0.0872818,0.600659,0.615228
8988,Solyc00g008910.1,dispersed,Unclassified,Solyc06g016695.1,0.261599,0.383252,0.682575,0.824797
8989,Solyc00g008915.1,dispersed,TE-like,Solyc00g013184.1,0.278625,0.362745,0.7681,0.083014
8990,Solyc00g009143.1,dispersed,TE-like,Solyc00g008915.1,0.315584,0.335039,0.941931,0.920144
8991,Solyc00g009144.1,dispersed,TE-like,Solyc00g032943.1,0.254001,0.181196,1.4018,0.185108
8992,Solyc00g009145.1,dispersed,TE-like,Solyc06g024203.1,0.226072,0.347641,0.650304,0.0930935
8993,Solyc00g009540.1,dispersed,TE-like,Solyc05g020030.1,0.116108,2.91973,0.0397669,1.01721e-26
8994,Solyc00g009760.2,dispersed,NA,Solyc11g051200.1,0.137752,0.190603,0.722719,0.272236
8995,Solyc00g010525.1,dispersed,TE-like,Solyc11g027710.1,0.494929,1.08998,0.454072,0.000393345
8996,Solyc00g010750.2,dispersed,TE-like,Solyc02g005060.2,0.0365544,0.0645603,0.566205,0.248145
8997,Solyc00g010760.1,dispersed,TE-like,Solyc01g057480.2,0.207424,3.42243,0.0606072,2.2458e-32
8998,Solyc00g011175.1,dispersed,TE-like,Solyc00g014190.1,0.233707,0.801349,0.291642,0.000290275
8999,Solyc00g011673.1,dispersed,TE-like,Solyc12g009075.1,0.169752,0.216201,0.785158,0.283484
9000,Solyc00g011677.1,dispersed,TE-like,Solyc08g007716.1,0.100518,0.120769,0.832322,0.454619
9001,Solyc00g011880.3,dispersed,TE-like,Solyc08g006070.3,0.197874,0.598807,0.330447,1.26415e-05
9002,Solyc00g011895.1,dispersed,NA,Solyc00g032943.1,0.249702,0.147591,1.69185,0.0339538
9003,Solyc00g012435.1,dispersed,TE-like,Solyc00g008165.1,0.249921,0.232524,1.07482,0.773814
9004,Solyc00g012440.1,dispersed,TE-like,Solyc06g024210.2,0.171304,0.250324,0.684329,0.387085
9005,Solyc00g012540.1,dispersed,TE-like,Solyc02g038790.2,0.157368,0.17292,0.910063,0.780628
9006,Solyc00g012640.1,dispersed,NA,Solyc02g062740.3,0.344363,4.2322,0.0813673,4.56529e-53
9007,Solyc00g012706.1,dispersed,NA,Solyc06g025415.1,0.243909,0.219783,1.10977,0.59059
9008,Solyc00g013110.1,dispersed,NA,Solyc05g023950.1,0.0934177,0.078358,1.19219,0.984723
9009,Solyc00g013120.3,dispersed,Unmethylated,Solyc00g126010.1,0.0992764,0.529616,0.18745,0.000436317
9010,Solyc00g013130.3,dispersed,Unmethylated,Solyc00g126000.1,0.0193539,0.0235236,0.822746,0.633086
9011,Solyc00g013133.1,dispersed,NA,Solyc03g063497.1,0.34956,0.441895,0.791048,0.356741
9012,Solyc00g013137.1,dispersed,NA,Solyc00g125980.1,0.0171013,0.010248,1.66875,0.615552
9013,Solyc00g013180.1,dispersed,Unmethylated,Solyc10g062000.1,0.116958,0.0556371,2.10217,0.352045
9014,Solyc00g013184.1,dispersed,TE-like,Solyc00g017933.1,0.21478,0.252501,0.850613,0.475973
9015,Solyc00g014170.1,dispersed,TE-like,Solyc00g009148.1,0.377487,0.476074,0.792917,0.482591
9016,Solyc00g014180.1,dispersed,TE-like,Solyc00g007920.1,0.196799,0.255723,0.769578,0.48348
9017,Solyc00g014390.1,dispersed,TE-like,Solyc10g068340.2,NA,0.0262556,-4.22852e-14,NA
9018,Solyc00g014395.1,dispersed,TE-like,Solyc00g009148.1,0.301887,0.204092,1.47917,0.171322
9019,Solyc00g014790.2,dispersed,Unmethylated,Solyc12g036570.1,0.0695665,0.0822526,0.845766,0.791157
9020,Solyc00g014820.2,dispersed,Unclassified,Solyc12g036580.1,0.217626,0.274988,0.7914,0.40511
9021,Solyc00g014830.3,dispersed,Unmethylated,Solyc09g009360.1,0.0380748,0.0727921,0.523062,0.138655
9022,Solyc00g014960.1,dispersed,NA,Solyc00g018770.1,0.47172,3.94635,0.119533,2.1638e-24
9023,Solyc00g014970.1,dispersed,NA,Solyc09g042270.1,0.456587,4.03934,0.113035,6.5931e-44
9024,Solyc00g014980.1,dispersed,NA,Solyc07g044920.1,0.626565,3.92413,0.15967,1.50311e-32
9025,Solyc00g015000.1,dispersed,NA,Solyc02g062740.3,0.135901,3.59897,0.037761,8.05638e-48
9026,Solyc00g015600.1,dispersed,NA,Solyc06g050890.1,NA,0.0252142,4.40317e-14,NA
9027,Solyc00g015735.1,dispersed,TE-like,Solyc08g054575.1,0.44608,0.607652,0.734104,0.403842
9028,Solyc00g015737.1,dispersed,TE-like,Solyc00g068985.1,0.209776,0.222254,0.94386,0.893324
9029,Solyc00g016490.1,dispersed,NA,Solyc00g014960.1,0.442384,2.73118,0.161975,1.14008e-20
9030,Solyc00g016590.2,dispersed,TE-like,Solyc00g008070.2,0.107398,0.127113,0.844901,0.669242
9031,Solyc00g016915.1,dispersed,NA,Solyc06g024203.1,0.28618,0.414433,0.690534,0.0825159
9032,Solyc00g017235.1,dispersed,TE-like,Solyc00g013184.1,0.0966836,0.216103,0.447396,0.00755386
9033,Solyc00g017860.1,dispersed,NA,Solyc02g067480.3,0.441798,2.94626,0.149952,9.2761e-17
9034,Solyc00g017890.1,dispersed,NA,Solyc05g049900.3,0.846817,3.88527,0.217956,1.89013e-10
9035,Solyc00g017910.1,dispersed,NA,Solyc01g008560.3,0.971547,4.1307,0.235201,9.10986e-26
9036,Solyc00g017920.1,dispersed,NA,Solyc03g118640.3,0.857933,3.54483,0.242024,1.58543e-09
9037,Solyc00g017930.1,dispersed,NA,Solyc04g039820.2,0.655087,3.37458,0.194124,6.2549e-08
9038,Solyc00g017933.1,dispersed,TE-like,Solyc00g013184.1,0.21478,0.252501,0.850613,0.475973
9039,Solyc00g018770.1,dispersed,NA,Solyc00g014960.1,0.47172,3.94635,0.119533,2.1638e-24
9040,Solyc00g018970.1,dispersed,TE-like,Solyc06g024380.1,0.113105,0.191401,0.590932,0.412447
9041,Solyc00g019730.2,dispersed,Unclassified,Solyc03g013390.1,0.232275,0.568732,0.408409,0.00163074
9042,Solyc00g019950.1,dispersed,Unmethylated,Solyc08g065550.1,0.0902554,0.0968689,0.931727,0.760662
9043,Solyc00g019980.2,dispersed,Unmethylated,Solyc01g020460.2,0.16113,0.175264,0.919361,0.782217
9044,Solyc00g019990.1,dispersed,Unmethylated,Solyc01g020450.1,0.0614123,0.0752651,0.815947,0.736254
9045,Solyc00g020040.1,dispersed,Unmethylated,Solyc11g028160.1,0.195609,0.254043,0.769983,0.312676
9046,Solyc00g020540.2,dispersed,TE-like,Solyc09g009160.2,0.518688,1.5982,0.324545,1.65824e-31
9047,Solyc00g021520.1,dispersed,NA,Solyc04g080770.3,0.507911,4.24105,0.119761,3.48692e-65
9048,Solyc00g021630.1,dispersed,Unmethylated,Solyc10g045730.1,0.129409,0.141451,0.914864,0.849469
9049,Solyc00g021640.3,dispersed,Unmethylated,Solyc11g030940.2,0.114192,0.170107,0.671296,0.0964187
9050,Solyc00g021655.1,dispersed,TE-like,Solyc08g016793.1,0.256297,0.273484,0.937153,0.805265
9051,Solyc00g022107.1,dispersed,Unmethylated,Solyc02g092280.1,0.24876,0.548848,0.45324,0.00644086
9052,Solyc00g022920.2,dispersed,NA,Solyc11g006340.2,0.536317,3.47648,0.15427,1.28593e-16
9053,Solyc00g023020.2,dispersed,NA,Solyc11g006340.2,0.196029,3.47248,0.0564523,1.67379e-36
9054,Solyc00g023030.1,dispersed,NA,Solyc08g044265.1,0.364644,3.39583,0.10738,1.2056e-27
9055,Solyc00g023040.1,dispersed,NA,Solyc01g088400.3,0.337557,4.09065,0.0825192,1.30515e-52
9056,Solyc00g023050.2,dispersed,NA,Solyc01g088430.3,0.293823,3.43086,0.0856413,5.94011e-33
9057,Solyc00g023270.2,dispersed,NA,Solyc06g073510.3,0.191933,2.98054,0.0643955,7.31682e-33
9058,Solyc00g023710.1,dispersed,TE-like,Solyc11g063640.1,0.010133,0.0386135,0.26242,0.0174674
9059,Solyc00g024020.1,dispersed,NA,Solyc11g065070.2,0.842455,2.50025,0.336948,1.80806e-08
9060,Solyc00g024050.1,dispersed,NA,Solyc02g067480.3,0.606569,3.68248,0.164718,3.48779e-16
9061,Solyc00g024150.3,dispersed,TE-like,Solyc02g005510.3,0.808313,3.61047,0.223881,1.5347e-10
9062,Solyc00g025300.1,dispersed,Unmethylated,Solyc11g056330.1,0.305818,0.95468,0.320336,0.00174563
9063,Solyc00g025400.2,dispersed,Unmethylated,Solyc08g036540.1,0.490025,0.839847,0.58347,0.0750841
9064,Solyc00g025540.2,dispersed,NA,Solyc00g031370.2,0.80483,2.3074,0.348804,3.55867e-10
9065,Solyc00g026860.1,dispersed,NA,Solyc08g043170.3,0.941694,4.39791,0.214123,4.02514e-18
9066,Solyc00g026875.1,dispersed,NA,Solyc02g078200.3,0.526219,3.22677,0.163079,8.45575e-19
9067,Solyc00g026905.1,dispersed,TE-like,Solyc09g020155.1,0.0225687,0.0172936,1.30503,0.750949
9068,Solyc00g026907.1,dispersed,TE-like,Solyc01g094725.1,0.0273551,0.0265948,1.02859,1
9069,Solyc00g027640.1,dispersed,NA,Solyc10g084850.2,0.0799956,2.04413,0.0391342,1.41507e-37
9070,Solyc00g028420.1,dispersed,TE-like,Solyc01g014980.3,0.329717,0.456383,0.722458,0.341577
9071,Solyc00g028560.1,dispersed,NA,Solyc00g031383.1,0.404466,3.20258,0.126294,2.71285e-22
9072,Solyc00g029190.3,dispersed,Unclassified,Solyc01g005230.3,0.105438,0.211109,0.499449,0.00230886
9073,Solyc00g029500.1,dispersed,Unclassified,Solyc11g030650.1,0.155154,0.114268,1.35781,0.617577
9074,Solyc00g030100.1,dispersed,TE-like,Solyc07g017930.1,0.198607,0.353847,0.561281,0.19902
9075,Solyc00g030210.2,dispersed,NA,Solyc11g005580.1,0.833683,4.09175,0.203747,6.10875e-25
9076,Solyc00g030510.3,dispersed,TE-like,Solyc07g044870.3,0.208027,1.70318,0.12214,1.59392e-29
9077,Solyc00g030820.1,dispersed,TE-like,Solyc01g044305.1,0.369997,0.576021,0.642333,0.359855
9078,Solyc00g031370.2,dispersed,NA,Solyc00g025540.2,0.80483,2.3074,0.348804,3.55867e-10
9079,Solyc00g031383.1,dispersed,NA,Solyc00g028560.1,0.404466,3.20258,0.126294,2.71285e-22
9080,Solyc00g032940.1,dispersed,TE-like,Solyc08g048470.2,0.00794796,0.093926,0.0846193,0.00172929
9081,Solyc00g032943.1,dispersed,TE-like,Solyc03g070435.1,0.363708,0.29615,1.22812,0.155252
9082,Solyc00g032947.1,dispersed,TE-like,Solyc04g055260.3,0.0186401,0.0554822,0.335965,0.075266
9083,Solyc00g036520.1,dispersed,Unmethylated,Solyc01g010210.1,0.00837034,0.0229263,0.365098,0.129928
9084,Solyc00g041190.1,dispersed,NA,Solyc03g118410.3,0.483867,1.75553,0.275625,0.000275919
9085,Solyc00g042640.1,dispersed,TE-like,Solyc06g011410.1,0.166526,3.45198,0.0482408,2.90422e-45
9086,Solyc00g042840.1,dispersed,Unclassified,Solyc08g082517.1,0.213171,0.713142,0.298919,8.34034e-07
9087,Solyc00g042858.1,dispersed,TE-like,Solyc00g059505.1,0.0585176,0.204259,0.286487,0.0392102
9088,Solyc00g044350.3,dispersed,Unclassified,NA,NA,NA,NA,NA
9089,Solyc00g044550.1,dispersed,NA,Solyc00g316530.1,0.0393649,0.0264761,1.48681,0.437198
9090,Solyc00g047180.1,dispersed,Unmethylated,Solyc11g039360.1,0.00543046,0.0306337,0.177271,0.158239
9091,Solyc00g047700.3,dispersed,gbM,Solyc08g007220.3,0.0234183,0.0610408,0.38365,0.00954466
9092,Solyc00g048515.1,dispersed,TE-like,NA,NA,NA,NA,NA
9093,Solyc00g049210.1,dispersed,TE-like,Solyc08g029270.2,0.129975,0.0783214,1.65951,0.569891
9094,Solyc00g052430.3,dispersed,Unclassified,Solyc04g071020.1,0.286495,1.49862,0.191172,8.70773e-09
9095,Solyc00g055985.1,dispersed,NA,Solyc07g065310.3,0.954227,5.29449,0.18023,3.31715e-09
9096,Solyc00g057280.1,dispersed,TE-like,Solyc10g053890.2,0.0651816,0.0576322,1.13099,0.999634
9097,Solyc00g058900.2,dispersed,Unclassified,Solyc12g010560.2,0.00175005,0.00800727,0.218558,0.0758349
9098,Solyc00g059500.2,dispersed,Unclassified,Solyc05g010440.2,NA,0.013754,0,NA
9099,Solyc00g059505.1,dispersed,TE-like,Solyc00g042858.1,0.0585176,0.204259,0.286487,0.0392102
9100,Solyc00g060810.3,dispersed,Unclassified,Solyc04g007760.3,0.196325,0.64705,0.303415,2.09155e-05
9101,Solyc00g065630.2,dispersed,NA,Solyc12g008370.2,0.549168,4.36095,0.125929,9.00139e-70
9102,Solyc00g066155.1,dispersed,TE-like,Solyc03g005550.3,0.0167535,0.0271559,0.61694,0.212316
9103,Solyc00g066350.1,dispersed,TE-like,Solyc03g005533.1,0.00838771,0.0157078,0.533984,0.508042
9104,Solyc00g068970.2,dispersed,NA,Solyc06g024230.1,0.218842,0.425751,0.514015,0.263817
9105,Solyc00g068985.1,dispersed,TE-like,Solyc00g015737.1,0.209776,0.222254,0.94386,0.893324
9106,Solyc00g069880.2,dispersed,Unclassified,Solyc02g083210.1,0.640013,0.95123,0.672827,0.235282
9107,Solyc00g069883.1,dispersed,TE-like,Solyc07g014585.1,0.536128,0.780045,0.687305,0.210222
9108,Solyc00g069887.1,dispersed,NA,Solyc06g034232.1,0.560309,3.63861,0.15399,8.76906e-32
9109,Solyc00g071180.3,dispersed,TE-like,Solyc01g009020.3,0.260145,0.562339,0.462612,0.0262386
9110,Solyc00g072100.3,dispersed,Unclassified,Solyc01g010200.3,0.20884,0.638203,0.327231,4.21867e-05
9111,Solyc00g072400.3,dispersed,NA,Solyc09g018600.1,0.129154,1.64608,0.0784611,1.3781e-29
9112,Solyc00g072405.1,dispersed,Unclassified,Solyc00g012704.1,0.199493,0.252043,0.791504,0.406025
9113,Solyc00g075035.1,dispersed,TE-like,Solyc12g098753.1,0.115764,0.561552,0.20615,2.62251e-22
9114,Solyc00g088190.1,dispersed,NA,Solyc11g006340.2,0.879008,4.01176,0.219108,9.51792e-15
9115,Solyc00g090110.1,dispersed,NA,Solyc07g008850.3,0.778243,4.05752,0.191802,3.74353e-28
9116,Solyc00g090130.2,dispersed,NA,Solyc01g080840.3,0.445176,4.05495,0.109786,0
9117,Solyc00g090860.2,dispersed,Unclassified,Solyc11g069750.2,0.0113409,0.0766043,0.148045,0.00477387
9118,Solyc00g091170.3,dispersed,TE-like,Solyc09g075620.2,0.406379,2.39931,0.169374,1.04608e-19
9119,Solyc00g093100.2,dispersed,NA,Solyc07g006730.3,0.31381,3.61528,0.0868009,3.64745e-44
9120,Solyc00g094530.1,dispersed,Unmethylated,Solyc05g023920.1,0.0816116,0.0160732,5.0775,0.0782993
9121,Solyc00g097260.1,dispersed,TE-like,Solyc12g062410.1,0.246308,0.238574,1.03242,0.872768
9122,Solyc00g101700.1,dispersed,NA,Solyc12g009020.2,0.674762,3.47798,0.19401,2.52297e-16
9123,Solyc00g102400.3,dispersed,NA,Solyc06g008790.3,0.0565188,0.146475,0.38586,2.76918e-10
9124,Solyc00g104940.1,dispersed,Unclassified,Solyc01g089940.1,0.147453,0.243249,0.606182,0.120974
9125,Solyc00g110370.1,dispersed,TE-like,Solyc00g207960.1,0.0337294,0.0306907,1.09901,0.959555
9126,Solyc00g111170.2,dispersed,TE-like,Solyc10g033575.1,0.0330518,0.0381505,0.866351,0.792943
9127,Solyc00g112930.3,dispersed,Unclassified,Solyc03g113845.1,0.0296379,0.0837669,0.353814,0.119104
9128,Solyc00g117657.1,dispersed,TE-like,Solyc00g008080.1,0.363152,0.462383,0.785392,0.398046
9129,Solyc00g123240.1,dispersed,TE-like,NA,NA,NA,NA,NA
9130,Solyc00g125275.1,dispersed,TE-like,Solyc12g049483.1,0.3478,2.22298,0.156456,3.24418e-25
9131,Solyc00g126000.1,dispersed,Unmethylated,Solyc00g013130.3,0.0193539,0.0235236,0.822746,0.633086
9132,Solyc00g126010.1,dispersed,Unmethylated,Solyc00g013120.3,0.0992764,0.529616,0.18745,0.000436317
9133,Solyc00g127550.1,dispersed,NA,Solyc04g051350.3,0.656905,3.37404,0.194694,1.92516e-19
9134,Solyc00g127560.2,dispersed,NA,Solyc04g012060.3,0.540422,4.15465,0.130076,0
9135,Solyc00g128870.3,dispersed,Unclassified,Solyc03g043855.1,0.343139,3.42301,0.100245,9.41378e-22
9136,Solyc00g129685.1,dispersed,NA,Solyc00g031383.1,0.653951,1.83543,0.356293,4.6978e-05
9137,Solyc00g133110.2,dispersed,TE-like,Solyc07g026710.2,0.346359,2.70828,0.127889,1.83167e-26
9138,Solyc00g134830.1,dispersed,NA,Solyc11g013460.2,0.887072,4.02319,0.22049,1.65122e-13
9139,Solyc00g136565.1,dispersed,TE-like,Solyc01g006575.1,0.0391354,0.0863086,0.453436,0.068946
9140,Solyc00g141560.2,dispersed,TE-like,Solyc02g014847.1,0.0447082,0.0979674,0.456358,0.0844352
9141,Solyc00g142160.1,dispersed,Unmethylated,Solyc11g030850.1,0.330237,1.63273,0.20226,4.13845e-09
9142,Solyc00g142170.3,dispersed,Unmethylated,Solyc03g063470.1,0.354701,1.54091,0.230189,1.04853e-12
9143,Solyc00g154480.2,dispersed,Unclassified,Solyc02g079890.2,0.32493,2.71634,0.119621,2.82515e-33
9144,Solyc00g154980.1,dispersed,TE-like,Solyc04g054840.1,0.227631,1.17437,0.193832,3.16278e-20
9145,Solyc00g157087.1,dispersed,Unmethylated,Solyc06g061215.1,0.350304,2.9211,0.119922,5.10508e-12
9146,Solyc00g160780.2,dispersed,Unclassified,Solyc11g069110.2,0.00882766,0.0218239,0.404495,0.430985
9147,Solyc00g160785.1,dispersed,NA,Solyc00g009148.1,0.139884,0.212872,0.657127,0.345655
9148,Solyc00g165195.1,dispersed,TE-like,Solyc08g044332.1,0.0403239,0.0305019,1.32201,0.448141
9149,Solyc00g171710.2,dispersed,TE-like,Solyc06g082340.2,0.38062,1.1522,0.330343,1.26891e-09
9150,Solyc00g171810.3,dispersed,Unmethylated,Solyc11g056450.2,0.128572,0.279746,0.459603,0.000182273
9151,Solyc00g172410.2,dispersed,TE-like,Solyc02g014325.1,0.11009,0.157239,0.700143,0.2549
9152,Solyc00g174345.1,dispersed,TE-like,Solyc00g008265.1,0.279079,0.392607,0.710834,0.288934
9153,Solyc00g180440.2,dispersed,TE-like,Solyc11g063440.2,0.133643,0.206139,0.648316,0.290718
9154,Solyc00g181250.2,dispersed,Unmethylated,Solyc11g056300.1,0.00884009,NA,NA,NA
9155,Solyc00g184357.1,dispersed,TE-like,Solyc06g084624.1,0.123306,0.167074,0.738033,0.208242
9156,Solyc00g195350.2,dispersed,Unclassified,Solyc09g061660.2,0.0235879,0.123276,0.191342,0.0147181
9157,Solyc00g198360.1,dispersed,TE-like,Solyc00g284510.1,0.0975662,0.163796,0.595658,0.101734
9158,Solyc00g201165.1,dispersed,TE-like,Solyc08g016586.1,0.0899285,0.246076,0.36545,0.000753224
9159,Solyc00g207960.1,dispersed,TE-like,Solyc01g103803.1,0.218877,0.664196,0.329537,1.41052e-05
9160,Solyc00g209460.2,dispersed,TE-like,Solyc08g082500.2,0.0204991,0.0247997,0.826586,0.553718
9161,Solyc00g210860.1,dispersed,Unclassified,Solyc08g036550.1,0.0054794,0.0279331,0.196161,0.174687
9162,Solyc00g212265.1,dispersed,Unclassified,Solyc02g032525.1,0.101233,0.195526,0.517751,0.0346397
9163,Solyc00g215560.2,dispersed,TE-like,Solyc01g110735.1,0.0179441,NA,NA,0.227756
9164,Solyc00g222063.1,dispersed,TE-like,Solyc00g010520.1,0.283721,0.526383,0.539002,0.119279
9165,Solyc00g230060.2,dispersed,Unmethylated,Solyc08g065535.1,0.662719,3.08883,0.214553,1.37983e-13
9166,Solyc00g230070.1,dispersed,Unclassified,Solyc10g018840.2,0.111249,0.28226,0.394138,0.0906555
9167,Solyc00g230080.1,dispersed,Unclassified,Solyc08g065370.1,0.083371,0.105527,0.790047,0.603178
9168,Solyc00g244290.1,dispersed,TE-like,Solyc03g063510.1,0.251777,0.313048,0.804277,0.382557
9169,Solyc00g245200.2,dispersed,TE-like,Solyc01g018090.2,0.103932,0.219111,0.474337,0.120936
9170,Solyc00g249200.2,dispersed,TE-like,Solyc08g048470.2,0.0453929,0.0369925,1.22708,0.812124
9171,Solyc00g249205.1,dispersed,TE-like,Solyc12g062875.1,0.0130505,0.0508269,0.256765,0.1125
9172,Solyc00g255510.1,dispersed,NA,Solyc02g061910.1,0.157568,0.451943,0.348646,1.58304e-06
9173,Solyc00g256710.2,dispersed,Unmethylated,Solyc08g008470.2,0.0302046,0.0559396,0.539951,0.434508
9174,Solyc00g272810.1,dispersed,TE-like,Solyc12g096840.2,0.476238,2.20901,0.215589,3.75905e-14
9175,Solyc00g277510.2,dispersed,TE-like,Solyc12g044580.2,0.306959,3.53338,0.0868742,1.41883e-10
9176,Solyc00g278110.3,dispersed,TE-like,Solyc01g088410.3,0.11162,0.343516,0.324933,4.96835e-07
9177,Solyc00g284510.1,dispersed,NA,Solyc00g012540.1,0.10005,0.15604,0.641179,0.0800797
9178,Solyc00g294233.1,dispersed,TE-like,Solyc07g005583.1,0.357279,1.09588,0.326021,0.000459109
9179,Solyc00g304030.2,dispersed,TE-like,Solyc07g026580.1,0.308334,1.63274,0.188844,9.66493e-09
9180,Solyc00g304035.1,dispersed,TE-like,Solyc04g071363.1,0.224985,0.416483,0.540202,0.000205038
9181,Solyc00g316530.1,dispersed,Unmethylated,Solyc00g044550.1,0.0393649,0.0264761,1.48681,0.437198
9182,Solyc00g322635.1,dispersed,TE-like,Solyc09g005500.3,0.345395,3.18967,0.108286,3.26712e-10
9183,Solyc01g005010.3,dispersed,Unmethylated,Solyc06g083410.3,0.841805,3.70624,0.227132,1.01686e-28
9184,Solyc01g005090.3,dispersed,TE-like,Solyc03g098030.3,0.331035,4.04827,0.0817719,2.09812e-46
9185,Solyc01g005180.1,dispersed,Unclassified,Solyc11g007100.1,0.389395,0.722812,0.538723,0.0311371
9186,Solyc01g005230.3,dispersed,Unclassified,Solyc00g029190.3,0.105438,0.211109,0.499449,0.00230886
9187,Solyc01g005240.3,dispersed,TE-like,Solyc11g040390.2,0.800308,4.37342,0.182994,6.74982e-36
9188,Solyc01g005385.1,dispersed,gbM,Solyc02g081920.3,0.894328,4.20703,0.212579,1.09885e-22
9189,Solyc01g005490.3,dispersed,TE-like,Solyc06g054410.3,0.139211,0.632367,0.220143,9.72772e-25
9190,Solyc01g005560.3,dispersed,gbM,Solyc11g011930.2,0.0493101,1.46431,0.0336746,1.36422e-76
9191,Solyc01g005790.1,dispersed,TE-like,Solyc01g008405.1,0.16475,0.372023,0.442851,0.00395024
9192,Solyc01g005825.1,dispersed,TE-like,Solyc12g009075.1,0.103338,0.106138,0.973619,0.848909
9193,Solyc01g005850.2,dispersed,TE-like,Solyc03g082790.3,0.0964149,0.232503,0.414683,6.09896e-05
9194,Solyc01g005880.1,dispersed,TE-like,Solyc02g030220.1,0.124645,0.318688,0.39112,9.17732e-08
9195,Solyc01g005910.3,dispersed,TE-like,Solyc05g014700.3,0.54761,2.02625,0.270258,1.76519e-10
9196,Solyc01g005950.3,dispersed,TE-like,Solyc01g073650.3,0.0388717,3.8232,0.0101673,1.25255e-125
9197,Solyc01g005960.3,dispersed,TE-like,Solyc01g006340.3,0.716318,4.33302,0.165316,6.05242e-32
9198,Solyc01g005970.3,dispersed,TE-like,Solyc09g065400.2,0.891715,3.99942,0.222961,1.07075e-22
9199,Solyc01g006060.3,dispersed,TE-like,Solyc01g021600.3,0.232852,1.45283,0.160275,2.5146e-14
9200,Solyc01g006160.3,dispersed,TE-like,Solyc01g016470.3,0.0502204,0.827355,0.0607,1.30457e-15
9201,Solyc01g006220.2,dispersed,TE-like,Solyc12g100290.2,0.12651,0.459606,0.275257,2.58691e-14
9202,Solyc01g006340.3,dispersed,TE-like,Solyc01g005960.3,0.716318,4.33302,0.165316,6.05242e-32
9203,Solyc01g006450.3,dispersed,TE-like,Solyc10g078740.2,0.147092,4.21146,0.0349265,1.52378e-91
9204,Solyc01g006460.2,dispersed,TE-like,Solyc12g041890.2,0.172275,0.442498,0.389322,2.71925e-07
9205,Solyc01g006470.1,dispersed,TE-like,Solyc01g073950.3,0.810339,3.91887,0.206779,9.28551e-13
9206,Solyc01g006575.1,dispersed,Unclassified,Solyc02g062463.1,0.309968,1.47258,0.210493,1.34828e-10
9207,Solyc01g006670.2,dispersed,TE-like,Solyc11g061980.1,0.257489,4.13336,0.0622953,5.53439e-61
9208,Solyc01g006710.3,dispersed,TE-like,Solyc03g118920.3,0.248562,4.89984,0.0507286,8.14624e-261
9209,Solyc01g006800.3,dispersed,TE-like,Solyc06g082090.3,0.818801,3.99641,0.204884,4.39153e-14
9210,Solyc01g006920.3,dispersed,TE-like,Solyc04g051480.1,0.576144,4.43753,0.129834,9.36077e-46
9211,Solyc01g006970.3,dispersed,TE-like,Solyc03g118920.3,0.437765,4.74347,0.0922878,5.43982e-165
9212,Solyc01g007250.3,dispersed,gbM,Solyc11g065980.2,0.00147846,0.126626,0.0116757,1.11071e-14
9213,Solyc01g007830.2,dispersed,TE-like,Solyc07g049680.3,0.391807,0.660644,0.593068,0.130597
9214,Solyc01g007930.3,dispersed,TE-like,Solyc05g013410.3,0.182778,1.83913,0.0993829,4.032e-34
9215,Solyc01g007950.3,dispersed,TE-like,Solyc05g013350.3,0.295179,4.20781,0.0701501,2.39378e-55
9216,Solyc01g007955.1,dispersed,TE-like,Solyc05g005000.3,0.107781,0.781617,0.137894,1.23869e-31
9217,Solyc01g008000.3,dispersed,gbM,Solyc06g072800.3,0.364143,3.58187,0.101663,8.93547e-45
9218,Solyc01g008005.1,dispersed,Unclassified,Solyc01g028930.3,0.144497,0.566318,0.255151,1.39706e-06
9219,Solyc01g008020.3,dispersed,Unclassified,Solyc07g008200.3,0.463273,4.22439,0.109666,4.6708e-49
9220,Solyc01g008040.1,dispersed,TE-like,Solyc09g091690.1,0.620865,3.9029,0.159078,7.44501e-18
9221,Solyc01g008070.3,dispersed,TE-like,Solyc08g075100.3,0.857096,4.16834,0.20562,3.98461e-16
9222,Solyc01g008110.3,dispersed,TE-like,Solyc01g108210.3,1.07006,4.31194,0.248162,6.28496e-11
9223,Solyc01g008120.3,dispersed,TE-like,Solyc04g008610.3,0.145148,0.58815,0.246788,3.49988e-69
9224,Solyc01g008170.3,dispersed,TE-like,Solyc04g008550.3,0.241945,0.72692,0.332836,2.80137e-21
9225,Solyc01g008180.3,dispersed,TE-like,Solyc08g045640.3,0.456359,4.20535,0.108519,9.40372e-39
9226,Solyc01g008220.3,dispersed,TE-like,Solyc04g009190.3,0.28961,0.729367,0.39707,0.000411096
9227,Solyc01g008230.3,dispersed,Unclassified,Solyc04g009180.2,0.142621,1.51713,0.0940074,2.79497e-31
9228,Solyc01g008300.2,dispersed,TE-like,Solyc06g051320.3,0.727934,1.87369,0.388503,6.30367e-08
9229,Solyc01g008340.3,dispersed,TE-like,Solyc08g078010.3,0.435567,3.64443,0.119516,1.52809e-30
9230,Solyc01g008405.1,dispersed,gbM,Solyc01g005790.1,0.16475,0.372023,0.442851,0.00395024
9231,Solyc01g008415.1,dispersed,NA,Solyc01g011497.1,0.236231,1.94525,0.12144,2.2981e-06
9232,Solyc01g008430.2,dispersed,TE-like,Solyc07g039620.2,0.491497,0.566464,0.86766,0.930464
9233,Solyc01g008440.3,dispersed,gbM,Solyc11g065660.2,0.0561061,1.31117,0.0427907,1.3638e-66
9234,Solyc01g008460.3,dispersed,TE-like,Solyc11g065640.2,0.165189,0.582548,0.283563,6.60372e-09
9235,Solyc01g008476.1,dispersed,NA,Solyc08g007716.1,0.172579,0.196727,0.87725,0.528047
9236,Solyc01g008560.3,dispersed,TE-like,Solyc00g017910.1,0.971547,4.1307,0.235201,9.10986e-26
9237,Solyc01g008660.3,dispersed,Unclassified,Solyc09g072930.1,0.743849,4.01091,0.185457,4.51691e-28
9238,Solyc01g008760.3,dispersed,TE-like,Solyc09g009850.3,0.0440959,0.21782,0.202442,2.72483e-07
9239,Solyc01g008840.3,dispersed,TE-like,Solyc11g062430.2,0.0334067,0.685035,0.0487664,3.59513e-59
9240,Solyc01g008900.3,dispersed,TE-like,Solyc03g098230.3,0.876377,4.12833,0.212283,1.5423e-15
9241,Solyc01g008970.3,dispersed,Unclassified,Solyc10g081330.2,0.511482,4.00484,0.127716,3.86216e-43
9242,Solyc01g008990.3,dispersed,TE-like,Solyc11g072180.2,0.0764961,0.573218,0.13345,1.09031e-15
9243,Solyc01g009020.3,dispersed,Unclassified,Solyc00g071180.3,0.260145,0.562339,0.462612,0.0262386
9244,Solyc01g009140.1,dispersed,TE-like,Solyc01g012560.1,0.0556188,0.0267962,2.07562,0.554141
9245,Solyc01g009160.2,dispersed,TE-like,Solyc02g036480.1,0.73175,2.75734,0.265382,6.01469e-11
9246,Solyc01g009180.3,dispersed,TE-like,Solyc10g081510.2,0.0707775,4.60277,0.0153771,1.40808e-212
9247,Solyc01g009290.3,dispersed,TE-like,Solyc03g113610.3,0.907344,4.0496,0.224058,1.35131e-14
9248,Solyc01g009370.2,dispersed,TE-like,Solyc10g078220.2,0.129661,1.7039,0.0760963,1.29283e-80
9249,Solyc01g009380.3,dispersed,TE-like,Solyc11g068670.2,0.0903233,0.710018,0.127213,7.7208e-52
9250,Solyc01g009470.2,dispersed,TE-like,Solyc11g067250.2,0.180808,1.73596,0.104154,1.313e-84
9251,Solyc01g009530.1,dispersed,TE-like,Solyc09g089940.1,0.270385,3.63117,0.0744623,3.67303e-51
9252,Solyc01g009540.1,dispersed,Unclassified,Solyc09g089940.1,0.227401,2.99588,0.0759047,6.60806e-23
9253,Solyc01g009550.1,dispersed,Unclassified,Solyc02g011830.1,0.185758,0.125586,1.47914,0.351644
9254,Solyc01g009635.1,dispersed,Unclassified,Solyc07g041650.2,0.208978,1.85787,0.112482,1.61502e-20
9255,Solyc01g009640.2,dispersed,Unclassified,Solyc07g041650.2,0.274191,1.28972,0.212598,6.64113e-05
9256,Solyc01g009820.3,dispersed,gbM,Solyc02g094410.3,0.415199,4.54889,0.0912747,6.17793e-59
9257,Solyc01g009860.3,dispersed,Unclassified,Solyc03g097650.3,0.311039,3.45002,0.0901558,3.0115e-42
9258,Solyc01g009870.3,dispersed,TE-like,Solyc02g094400.3,0.32192,4.07479,0.0790028,6.0063e-41
9259,Solyc01g009930.2,dispersed,TE-like,Solyc01g006545.1,0.147075,0.678828,0.216661,1.99762e-11
9260,Solyc01g009960.3,dispersed,TE-like,Solyc06g059710.3,0.175378,0.646881,0.271113,1.35256e-13
9261,Solyc01g009980.1,dispersed,TE-like,Solyc10g049340.1,0.2694,3.60349,0.0747609,2.53478e-10
9262,Solyc01g010083.1,dispersed,TE-like,Solyc01g010790.1,0.351656,0.287124,1.22475,0.222018
9263,Solyc01g010087.1,dispersed,TE-like,Solyc04g071363.1,0.0492248,0.0301486,1.63274,0.218268
9264,Solyc01g010210.1,dispersed,TE-like,Solyc00g036520.1,0.00837034,0.0229263,0.365098,0.129928
9265,Solyc01g010300.1,dispersed,TE-like,Solyc02g063500.1,0.137407,0.414028,0.331878,0.00216999
9266,Solyc01g010315.1,dispersed,TE-like,Solyc12g040830.1,0.148523,0.351051,0.42308,0.00408722
9267,Solyc01g010500.2,dispersed,TE-like,Solyc03g115160.3,0.473592,1.75696,0.269552,5.1472e-13
9268,Solyc01g010502.1,dispersed,TE-like,Solyc01g010797.1,0.459898,0.712573,0.645406,0.109398
9269,Solyc01g010510.3,dispersed,TE-like,Solyc09g009790.3,0.598537,4.32587,0.138362,2.92523e-40
9270,Solyc01g010690.1,dispersed,TE-like,Solyc05g055650.3,0.462846,3.97273,0.116506,8.25269e-27
9271,Solyc01g010793.1,dispersed,TE-like,Solyc01g017770.1,0.771319,0.96141,0.802279,0.638775
9272,Solyc01g010937.1,dispersed,TE-like,Solyc04g051283.1,0.012957,0.0259057,0.500161,0.173584
9273,Solyc01g011040.3,dispersed,TE-like,Solyc04g074050.3,0.615018,3.98015,0.154522,1.18742e-46
9274,Solyc01g011060.1,dispersed,TE-like,Solyc11g030900.1,0.108073,0.405159,0.266743,0.000238135
9275,Solyc01g011335.1,dispersed,TE-like,Solyc01g056883.1,0.266987,0.484999,0.55049,0.041496
9276,Solyc01g011340.3,dispersed,TE-like,Solyc05g006590.3,0.00838367,0.646464,0.0129685,2.47165e-52
9277,Solyc01g011350.3,dispersed,TE-like,Solyc04g008690.3,0.139255,1.3002,0.107103,1.81065e-27
9278,Solyc01g011397.1,dispersed,TE-like,Solyc05g041627.1,0.104993,0.181899,0.577206,0.182266
9279,Solyc01g011410.1,dispersed,TE-like,Solyc08g022160.1,0.226112,0.348504,0.648807,0.294113
9280,Solyc01g011460.2,dispersed,TE-like,Solyc09g009160.2,0.689113,2.166,0.318149,4.0488e-19
9281,Solyc01g011470.1,dispersed,TE-like,Solyc03g044930.2,0.202787,0.618614,0.327808,0.00402976
9282,Solyc01g011480.1,dispersed,TE-like,Solyc02g080635.1,0.214165,0.195305,1.09656,0.851555
9283,Solyc01g011497.1,dispersed,TE-like,Solyc01g008415.1,0.236231,1.94525,0.12144,2.2981e-06
9284,Solyc01g011510.3,dispersed,TE-like,Solyc01g012700.3,0.0464832,0.127632,0.364196,0.000739741
9285,Solyc01g011520.1,dispersed,TE-like,Solyc01g014420.1,0.0800276,0.16593,0.482298,0.0903267
9286,Solyc01g012560.1,dispersed,TE-like,Solyc01g009140.1,0.0556188,0.0267962,2.07562,0.554141
9287,Solyc01g012590.1,dispersed,TE-like,Solyc01g014790.2,0.302425,0.647522,0.46705,0.008314
9288,Solyc01g012670.2,dispersed,TE-like,Solyc01g013850.1,0.124683,0.220724,0.564881,0.160146
9289,Solyc01g012690.1,dispersed,TE-like,Solyc01g014020.1,0.0843976,0.208971,0.403873,0.026409
9290,Solyc01g012720.1,dispersed,TE-like,Solyc11g008520.2,0.153902,0.519164,0.296442,0.000730731
9291,Solyc01g012750.2,dispersed,Unclassified,Solyc01g013890.2,0.0719065,0.0687133,1.04647,0.992775
9292,Solyc01g013850.1,dispersed,TE-like,Solyc01g012670.2,0.124683,0.220724,0.564881,0.160146
9293,Solyc01g013870.1,dispersed,TE-like,Solyc01g008390.2,0.147655,0.51284,0.287917,0.0323776
9294,Solyc01g013885.1,dispersed,TE-like,Solyc04g017753.1,0.365595,0.38894,0.939978,0.879193
9295,Solyc01g013890.2,dispersed,TE-like,Solyc01g011510.3,0.0387785,0.124315,0.311936,0.000909656
9296,Solyc01g013895.1,dispersed,TE-like,NA,NA,NA,NA,NA
9297,Solyc01g013920.1,dispersed,TE-like,Solyc01g014400.1,0.129042,0.207942,0.620568,0.0884813
9298,Solyc01g013940.1,dispersed,TE-like,Solyc01g012730.1,0.0621972,0.169736,0.366434,0.076491
9299,Solyc01g013950.1,dispersed,TE-like,Solyc01g013770.1,0.135487,0.536899,0.252351,0.00025664
9300,Solyc01g013995.1,dispersed,TE-like,Solyc01g015210.1,0.152689,0.314787,0.485056,0.0159796
9301,Solyc01g014020.1,dispersed,TE-like,Solyc01g008390.2,0.270083,0.701659,0.38492,2.71874e-06
9302,Solyc01g014050.1,dispersed,TE-like,Solyc04g005730.3,0.366178,1.45937,0.250915,0.00044036
9303,Solyc01g014185.1,dispersed,TE-like,Solyc06g048897.1,0.0908664,0.267609,0.339549,0.0473134
9304,Solyc01g014210.1,dispersed,TE-like,Solyc11g062130.2,0.141475,0.695926,0.20329,1.97737e-17
9305,Solyc01g014320.3,dispersed,TE-like,Solyc01g005360.3,0.159127,0.594683,0.267583,1.88142e-09
9306,Solyc01g014393.1,dispersed,TE-like,Solyc09g059914.1,0.452314,1.99091,0.227189,3.82304e-11
9307,Solyc01g014410.1,dispersed,TE-like,Solyc11g008520.2,0.170221,0.682567,0.249383,1.87682e-05
9308,Solyc01g014495.1,dispersed,TE-like,Solyc11g028310.2,0.302991,0.747571,0.405301,0.000944073
9309,Solyc01g014540.2,dispersed,TE-like,Solyc01g014640.1,0.252143,0.491298,0.513219,0.0232742
9310,Solyc01g014640.1,dispersed,TE-like,Solyc01g014540.2,0.252143,0.491298,0.513219,0.0232742
9311,Solyc01g014725.1,dispersed,TE-like,Solyc09g055425.1,0.0143893,NA,NA,NA
9312,Solyc01g014780.1,dispersed,TE-like,Solyc01g013830.1,0.238463,0.63986,0.37268,0.00609645
9313,Solyc01g014790.2,dispersed,TE-like,Solyc01g012590.1,0.302425,0.647522,0.46705,0.008314
9314,Solyc01g014820.2,dispersed,TE-like,Solyc08g062900.2,0.238484,0.197608,1.20685,0.440387
9315,Solyc01g014840.3,dispersed,TE-like,Solyc04g056570.3,0.536086,2.31114,0.231958,3.36888e-60
9316,Solyc01g014980.3,dispersed,TE-like,Solyc07g039580.1,0.257952,0.313558,0.822659,0.536519
9317,Solyc01g015020.3,dispersed,TE-like,Solyc01g073770.2,0.347987,3.6747,0.0946981,1.04533e-43
9318,Solyc01g015085.1,dispersed,TE-like,Solyc10g051273.1,0.0588894,0.0650659,0.905074,0.722874
9319,Solyc01g015210.1,dispersed,TE-like,Solyc03g043580.2,0.211773,0.284009,0.745658,0.19486
9320,Solyc01g016300.1,dispersed,TE-like,Solyc02g021260.2,0.324843,0.955589,0.33994,0.000289333
9321,Solyc01g016350.1,dispersed,TE-like,Solyc06g009920.1,0.416895,0.713658,0.584167,0.117984
9322,Solyc01g016370.2,dispersed,TE-like,Solyc01g005775.1,0.140378,0.357789,0.392348,6.40106e-06
9323,Solyc01g016455.1,dispersed,TE-like,Solyc03g113370.3,0.457286,1.63222,0.280162,3.64357e-07
9324,Solyc01g016470.3,dispersed,Unmethylated,Solyc01g006160.3,0.0502204,0.827355,0.0607,1.30457e-15
9325,Solyc01g016475.1,dispersed,TE-like,Solyc01g059760.2,0.0545425,0.114729,0.475403,0.0614875
9326,Solyc01g016520.1,dispersed,TE-like,Solyc04g049730.1,0.182406,0.129957,1.40359,0.570101
9327,Solyc01g016590.1,dispersed,TE-like,Solyc09g012040.1,0.227466,0.712465,0.319267,0.0112348
9328,Solyc01g016610.1,dispersed,TE-like,NA,NA,NA,NA,NA
9329,Solyc01g016740.1,dispersed,TE-like,Solyc00g042640.1,0.113292,3.37573,0.0335608,3.74428e-26
9330,Solyc01g016750.1,dispersed,TE-like,Solyc07g042790.2,0.37841,2.94049,0.128689,2.40357e-11
9331,Solyc01g016900.1,dispersed,TE-like,Solyc05g055600.3,0.171839,0.524596,0.327565,0.0060741
9332,Solyc01g016970.1,dispersed,Unclassified,Solyc09g082920.1,0.0399434,0.0416974,0.957934,0.997598
9333,Solyc01g017050.1,dispersed,TE-like,Solyc06g043020.1,0.218815,0.240631,0.909339,0.833674
9334,Solyc01g017070.1,dispersed,TE-like,Solyc11g056350.1,0.255977,0.435226,0.588148,0.163721
9335,Solyc01g017083.1,dispersed,TE-like,Solyc11g063660.1,0.269165,0.712613,0.377716,0.0500522
9336,Solyc01g017110.1,dispersed,TE-like,Solyc04g024540.1,0.409013,0.589311,0.694053,0.0519645
9337,Solyc01g017120.1,dispersed,TE-like,Solyc10g018990.2,0.130055,0.194323,0.669273,0.32125
9338,Solyc01g017140.1,dispersed,TE-like,Solyc10g019000.2,0.355726,0.560482,0.634679,0.0144346
9339,Solyc01g017170.1,dispersed,TE-like,Solyc09g061460.2,0.0709787,0.0857581,0.827662,0.738751
9340,Solyc01g017200.2,dispersed,TE-like,NA,NA,NA,NA,NA
9341,Solyc01g017230.1,dispersed,TE-like,Solyc12g033070.1,0.0932574,0.464838,0.200624,0.000583848
9342,Solyc01g017250.1,dispersed,TE-like,Solyc11g056260.1,0.121359,0.201521,0.602218,0.200133
9343,Solyc01g017260.1,dispersed,TE-like,Solyc11g021090.2,0.135609,0.152421,0.889699,0.704163
9344,Solyc01g017310.1,dispersed,TE-like,Solyc06g009940.1,0.0886202,0.0244377,3.62636,0.250686
9345,Solyc01g017360.2,dispersed,TE-like,Solyc12g037940.2,0.0689115,0.165191,0.417162,0.0335772
9346,Solyc01g017370.1,dispersed,TE-like,Solyc07g021200.1,0.399673,0.964692,0.414301,0.0406395
9347,Solyc01g017410.2,dispersed,TE-like,Solyc03g078010.1,0.182365,0.148463,1.22836,0.562212
9348,Solyc01g017430.1,dispersed,TE-like,Solyc03g122000.3,0.197172,0.455495,0.432875,0.0182826
9349,Solyc01g017440.1,dispersed,TE-like,Solyc12g035890.2,0.252756,0.333683,0.757474,0.280502
9350,Solyc01g017450.1,dispersed,TE-like,Solyc12g035860.1,0.424542,0.517882,0.819767,0.620543
9351,Solyc01g017485.1,dispersed,TE-like,Solyc02g011873.1,0.291986,1.23978,0.235514,1.58579e-06
9352,Solyc01g017510.1,dispersed,TE-like,Solyc01g017420.1,0.159687,0.218654,0.730316,0.181976
9353,Solyc01g017540.1,dispersed,Unclassified,Solyc01g021600.3,0.088154,0.161351,0.546349,0.239697
9354,Solyc01g017563.1,dispersed,Unclassified,Solyc01g021600.3,0.076314,0.181146,0.421284,0.128651
9355,Solyc01g017630.1,dispersed,TE-like,Solyc11g030940.2,0.197066,0.4748,0.415051,0.0073646
9356,Solyc01g017650.2,dispersed,TE-like,Solyc01g017770.1,0.407282,0.52758,0.771982,0.542747
9357,Solyc01g017740.1,dispersed,TE-like,Solyc08g022170.1,0.281959,0.484146,0.582383,0.218631
9358,Solyc01g017760.1,dispersed,TE-like,Solyc02g050283.1,0.621931,3.4885,0.17828,5.56765e-15
9359,Solyc01g017770.1,dispersed,TE-like,Solyc01g010790.1,0.435264,0.699173,0.622542,0.0144184
9360,Solyc01g017797.1,dispersed,TE-like,Solyc03g025940.2,0.143093,0.345913,0.413668,0.000689506
9361,Solyc01g017850.1,dispersed,TE-like,Solyc07g042790.2,0.0771165,0.135556,0.56889,0.00229217
9362,Solyc01g018020.2,dispersed,TE-like,Solyc05g050970.3,0.46424,4.65781,0.0996694,2.21681e-74
9363,Solyc01g018025.1,dispersed,TE-like,Solyc01g028805.1,0.412671,0.964269,0.427963,2.96546e-05
9364,Solyc01g018040.1,dispersed,TE-like,Solyc01g110070.2,0.226012,3.43502,0.0657965,1.59043e-26
9365,Solyc01g018090.2,dispersed,TE-like,Solyc10g017890.1,0.2915,0.425706,0.684744,0.248745
9366,Solyc01g020190.2,dispersed,TE-like,Solyc01g107880.3,0.0651192,0.152059,0.428249,0.0273699
9367,Solyc01g020200.1,dispersed,Unclassified,Solyc07g041680.2,0.291704,0.72362,0.403117,0.00670492
9368,Solyc01g020285.1,dispersed,TE-like,Solyc06g043036.1,0.442127,1.09305,0.404488,0.00522338
9369,Solyc01g020290.1,dispersed,TE-like,NA,NA,NA,NA,NA
9370,Solyc01g020340.2,dispersed,TE-like,Solyc12g036530.1,0.117358,0.306796,0.382529,0.0321995
9371,Solyc01g020371.1,dispersed,TE-like,Solyc07g041030.1,0.134696,0.234402,0.574636,0.141552
9372,Solyc01g020374.1,dispersed,TE-like,Solyc02g088945.1,0.403405,0.665843,0.605857,0.043198
9373,Solyc01g020400.1,dispersed,TE-like,Solyc09g091710.2,0.517519,0.579047,0.893743,1
9374,Solyc01g020445.1,dispersed,TE-like,Solyc09g059700.2,0.276348,1.26076,0.219191,2.49184e-13
9375,Solyc01g020450.1,dispersed,TE-like,Solyc00g019990.1,0.0614123,0.0752651,0.815947,0.736254
9376,Solyc01g020460.2,dispersed,TE-like,Solyc00g019980.2,0.16113,0.175264,0.919361,0.782217
9377,Solyc01g020470.2,dispersed,TE-like,Solyc00g019950.1,0.0653366,0.0331332,1.97194,0.248387
9378,Solyc01g020480.1,dispersed,TE-like,Solyc08g021980.1,0.335529,0.684132,0.490444,0.000686607
9379,Solyc01g020510.1,dispersed,TE-like,Solyc08g062850.2,0.252632,0.457408,0.552311,0.0683451
9380,Solyc01g020520.3,dispersed,TE-like,Solyc01g049914.1,0.0690625,0.226543,0.304854,0.000796288
9381,Solyc01g020525.1,dispersed,TE-like,Solyc01g049910.3,0.0415897,0.0674732,0.616388,0.0798235
9382,Solyc01g021610.1,dispersed,TE-like,Solyc12g042510.1,0.63617,1.50189,0.423579,4.1342e-07
9383,Solyc01g021730.2,dispersed,Unclassified,Solyc07g053680.2,0.714049,1.93429,0.369154,0.0032993
9384,Solyc01g022740.3,dispersed,gbM,Solyc02g021600.1,0.741231,4.05247,0.182909,5.28016e-37
9385,Solyc01g028805.1,dispersed,TE-like,Solyc01g018025.1,0.412671,0.964269,0.427963,2.96546e-05
9386,Solyc01g028840.1,dispersed,TE-like,Solyc00g042640.1,0.198258,0.771729,0.256901,3.50066e-09
9387,Solyc01g028930.3,dispersed,TE-like,Solyc01g008005.1,0.144497,0.566318,0.255151,1.39706e-06
9388,Solyc01g028935.1,dispersed,TE-like,Solyc04g049380.3,0.736011,2.61085,0.281905,3.24502e-06
9389,Solyc01g028980.1,dispersed,TE-like,Solyc06g010130.1,0.243025,0.466878,0.520532,0.126917
9390,Solyc01g034010.1,dispersed,TE-like,Solyc11g020020.1,0.0422441,0.0650298,0.649611,0.0770531
9391,Solyc01g034020.3,dispersed,TE-like,Solyc01g073650.3,0.0483835,3.80699,0.0127091,4.29438e-129
9392,Solyc01g034023.1,dispersed,TE-like,Solyc05g012823.1,0.0129621,0.0178096,0.727815,0.569959
9393,Solyc01g034050.1,dispersed,TE-like,Solyc06g060390.3,0.158221,0.410385,0.385543,0.000590406
9394,Solyc01g034060.1,dispersed,TE-like,Solyc01g065830.1,0.0739941,0.23384,0.316431,0.0137927
9395,Solyc01g034085.1,dispersed,TE-like,Solyc10g026525.1,0.0779219,0.167545,0.465081,0.108061
9396,Solyc01g034155.1,dispersed,TE-like,Solyc01g107010.3,0.689503,3.7533,0.183706,1.91086e-32
9397,Solyc01g034190.1,dispersed,TE-like,Solyc03g036477.1,0.195673,0.274622,0.712516,0.348671
9398,Solyc01g034210.1,dispersed,TE-like,Solyc01g056915.1,0.579865,3.29807,0.175819,1.32571e-24
9399,Solyc01g035220.1,dispersed,TE-like,Solyc09g055840.1,0.0257616,0.109014,0.236314,0.0454597
9400,Solyc01g035225.1,dispersed,NA,Solyc00g012704.1,0.475507,0.485507,0.979402,0.915299
9401,Solyc01g038230.1,dispersed,TE-like,Solyc00g032943.1,0.430713,0.332523,1.29529,0.173878
9402,Solyc01g038235.1,dispersed,TE-like,Solyc03g070435.1,0.345851,0.465076,0.743644,0.292909
9403,Solyc01g044277.1,dispersed,TE-like,Solyc05g015955.1,0.0430812,0.0203111,2.12106,0.156379
9404,Solyc01g044305.1,dispersed,TE-like,Solyc00g030820.1,0.369997,0.576021,0.642333,0.359855
9405,Solyc01g044360.3,dispersed,TE-like,Solyc08g074460.2,0.579239,1.57155,0.368578,3.95124e-36
9406,Solyc01g044373.1,dispersed,Unclassified,Solyc10g012137.1,0.00704976,0.111703,0.0631119,5.90958e-06
9407,Solyc01g044565.1,dispersed,TE-like,Solyc07g006890.1,0.2741,1.0759,0.254764,3.75036e-07
9408,Solyc01g047580.1,dispersed,TE-like,Solyc10g033560.2,0.017164,0.0106856,1.60627,0.812425
9409,Solyc01g047590.2,dispersed,TE-like,Solyc11g062270.2,0.0644352,0.138408,0.465544,0.00264732
9410,Solyc01g047593.1,dispersed,TE-like,Solyc11g062270.2,0.111695,0.392882,0.284297,0.0029302
9411,Solyc01g047597.1,dispersed,TE-like,Solyc11g062270.2,0.242636,0.78385,0.309544,9.98276e-05
9412,Solyc01g048590.2,dispersed,TE-like,Solyc12g039030.1,0.0425636,0.0277338,1.53472,0.803316
9413,Solyc01g049640.2,dispersed,TE-like,Solyc04g025130.1,0.501785,0.59469,0.843776,0.68148
9414,Solyc01g049660.1,dispersed,TE-like,Solyc01g057010.1,0.333028,2.4245,0.13736,6.65108e-27
9415,Solyc01g049740.1,dispersed,TE-like,Solyc01g068320.2,0.213116,0.3995,0.533456,0.00187378
9416,Solyc01g049747.1,dispersed,TE-like,Solyc01g066080.2,0.413943,1.89761,0.218139,4.89137e-05
9417,Solyc01g049810.3,dispersed,gbM,Solyc09g092150.1,0.545735,4.24722,0.128492,1.91609e-66
9418,Solyc01g049845.1,dispersed,TE-like,Solyc08g044332.1,0.340625,0.349293,0.975184,0.943141
9419,Solyc01g049880.3,dispersed,Unclassified,Solyc11g021360.2,NA,0.0345085,6.43448e-14,NA
9420,Solyc01g049910.3,dispersed,TE-like,Solyc01g020525.1,0.0415897,0.0674732,0.616388,0.0798235
9421,Solyc01g049914.1,dispersed,TE-like,Solyc01g020520.3,0.0690625,0.226543,0.304854,0.000796288
9422,Solyc01g049950.1,dispersed,TE-like,Solyc09g050040.1,0.179943,0.537781,0.334603,0.0948454
9423,Solyc01g049970.2,dispersed,TE-like,Solyc08g048470.2,0.0601711,0.0780038,0.771387,0.227665
9424,Solyc01g056230.1,dispersed,TE-like,Solyc06g011460.1,0.260238,1.06781,0.243711,1.89611e-07
9425,Solyc01g056240.1,dispersed,Unclassified,Solyc01g057010.1,0.37066,3.27387,0.113218,3.95012e-23
9426,Solyc01g056330.2,dispersed,TE-like,Solyc08g028910.1,0.0424638,0.174307,0.243615,0.0230622
9427,Solyc01g056420.1,dispersed,TE-like,Solyc03g112293.1,0.588996,2.16383,0.272201,1.0387e-07
9428,Solyc01g056450.2,dispersed,TE-like,Solyc10g083830.2,0.322942,1.31534,0.24552,1.41596e-09
9429,Solyc01g056470.1,dispersed,TE-like,Solyc10g047410.1,0.561261,1.51774,0.3698,0.000441822
9430,Solyc01g056485.1,dispersed,TE-like,Solyc08g016582.1,0.0463578,0.0493983,0.93845,1
9431,Solyc01g056590.2,dispersed,TE-like,Solyc11g016980.2,0.0421394,0.0238785,1.76474,0.520005
9432,Solyc01g056655.1,dispersed,TE-like,Solyc02g063255.1,0.47628,0.528213,0.901681,0.788427
9433,Solyc01g056660.2,dispersed,TE-like,Solyc01g057010.1,0.384697,3.99092,0.0963929,3.57292e-16
9434,Solyc01g056720.3,dispersed,Unclassified,Solyc10g078490.2,0.71714,6.07867,0.117977,6.78208e-12
9435,Solyc01g056840.1,dispersed,TE-like,Solyc11g063590.1,0.461482,0.643402,0.717253,0.31054
9436,Solyc01g056870.2,dispersed,TE-like,Solyc11g062050.1,0.0237839,0.0171633,1.38574,0.780333
9437,Solyc01g056880.2,dispersed,TE-like,Solyc10g083350.2,0.163158,0.270401,0.603393,0.119397
9438,Solyc01g056883.1,dispersed,TE-like,Solyc03g044663.1,0.33541,0.623448,0.537992,0.0385648
9439,Solyc01g056915.1,dispersed,TE-like,Solyc01g034210.1,0.579865,3.29807,0.175819,1.32571e-24
9440,Solyc01g056950.1,dispersed,TE-like,Solyc07g032700.1,0.559406,2.92862,0.191013,2.14747e-06
9441,Solyc01g056960.1,dispersed,TE-like,Solyc01g065840.3,0.231209,0.306098,0.755341,0.24753
9442,Solyc01g057010.1,dispersed,Unclassified,Solyc01g056240.1,0.37066,3.27387,0.113218,3.95012e-23
9443,Solyc01g057020.3,dispersed,TE-like,Solyc01g088600.3,0.632166,3.2095,0.196967,5.40789e-10
9444,Solyc01g057040.3,dispersed,TE-like,Solyc01g088600.3,0.660302,3.91661,0.16859,1.79149e-28
9445,Solyc01g057060.1,dispersed,TE-like,Solyc02g067540.3,0.0866837,0.28009,0.309485,0.00198493
9446,Solyc01g057070.2,dispersed,TE-like,Solyc02g067540.3,0.23914,0.649469,0.368208,0.00107596
9447,Solyc01g057090.3,dispersed,TE-like,Solyc02g064580.3,0.618833,4.29946,0.143933,2.80617e-32
9448,Solyc01g057100.2,dispersed,Unclassified,Solyc06g074600.1,NA,0.0212443,5.22598e-14,NA
9449,Solyc01g057175.1,dispersed,gbM,Solyc01g066613.1,0.45964,0.852394,0.539234,0.056223
9450,Solyc01g057190.1,dispersed,TE-like,Solyc01g057010.1,0.389744,1.41464,0.275508,9.20848e-14
9451,Solyc01g057250.2,dispersed,Unclassified,Solyc03g117320.3,0.383464,0.902482,0.424899,0.0210646
9452,Solyc01g057260.3,dispersed,Unclassified,Solyc04g008910.2,0.164317,0.418018,0.393086,0.00340579
9453,Solyc01g057280.2,dispersed,TE-like,Solyc07g005640.3,0.0729099,0.106546,0.684305,0.314256
9454,Solyc01g057300.2,dispersed,TE-like,Solyc01g107950.2,0.1416,0.334935,0.42277,2.57248e-05
9455,Solyc01g057390.2,dispersed,TE-like,Solyc06g008715.1,0.176017,0.0874142,2.0136,0.0926913
9456,Solyc01g057400.1,dispersed,TE-like,Solyc08g044360.2,0.110789,3.0632,0.0361677,5.62664e-33
9457,Solyc01g057460.3,dispersed,Unmethylated,Solyc04g009500.3,0.0675295,0.303153,0.222757,0.000866509
9458,Solyc01g057465.1,dispersed,TE-like,Solyc03g044840.1,0.540938,2.70578,0.19992,5.5109e-22
9459,Solyc01g057480.2,dispersed,TE-like,Solyc00g009540.1,0.213209,3.49754,0.0609597,1.09779e-48
9460,Solyc01g057510.2,dispersed,Unclassified,Solyc01g090020.2,0.419482,0.736602,0.569482,0.0571048
9461,Solyc01g057535.1,dispersed,TE-like,Solyc05g041120.2,0.117496,0.139829,0.840285,0.681887
9462,Solyc01g057560.2,dispersed,TE-like,Solyc01g011040.3,0.134794,0.565449,0.238384,5.04854e-05
9463,Solyc01g057580.1,dispersed,TE-like,Solyc01g079340.3,0.178578,0.370874,0.481505,0.000180692
9464,Solyc01g057590.2,dispersed,Unclassified,Solyc11g072670.1,0.622768,0.782145,0.79623,0.391746
9465,Solyc01g057710.1,dispersed,TE-like,Solyc06g034070.2,0.0350482,0.0509939,0.687301,0.72235
9466,Solyc01g057745.1,dispersed,TE-like,Solyc04g057783.1,0.119341,0.116527,1.02414,0.996244
9467,Solyc01g057747.1,dispersed,TE-like,Solyc04g051427.1,0.633998,2.231,0.284176,1.6914e-06
9468,Solyc01g057760.3,dispersed,TE-like,Solyc10g009070.3,0.703606,4.40899,0.159584,7.23697e-40
9469,Solyc01g057773.1,dispersed,TE-like,Solyc09g031685.1,0.637878,3.1783,0.200698,7.01492e-11
9470,Solyc01g057800.1,dispersed,Unclassified,Solyc11g065130.1,0.167425,1.43252,0.116875,0.00230485
9471,Solyc01g057820.1,dispersed,TE-like,Solyc09g031710.1,0.158146,0.210283,0.752061,0.605079
9472,Solyc01g057852.1,dispersed,TE-like,Solyc05g024325.1,0.311702,0.441542,0.705941,0.496037
9473,Solyc01g057854.1,dispersed,TE-like,Solyc03g083843.1,0.0776471,0.0861725,0.901066,0.771639
9474,Solyc01g057856.1,dispersed,TE-like,Solyc09g059477.1,0.0516401,0.0516,1.00078,0.999982
9475,Solyc01g057900.3,dispersed,TE-like,Solyc09g007310.3,0.894456,4.69492,0.190516,1.15515e-94
9476,Solyc01g058000.3,dispersed,TE-like,Solyc01g067295.1,0.102891,0.232491,0.442556,0.0529228
9477,Solyc01g058120.1,dispersed,TE-like,Solyc07g032130.1,0.312343,0.204749,1.52549,0.145548
9478,Solyc01g058130.1,dispersed,TE-like,Solyc02g069000.1,0.189437,0.77166,0.245493,5.58286e-07
9479,Solyc01g058360.1,dispersed,TE-like,Solyc06g048680.2,0.0366958,0.0915018,0.401039,0.0846505
9480,Solyc01g058363.1,dispersed,TE-like,Solyc02g055535.1,0.141148,0.338441,0.417054,0.000194605
9481,Solyc01g058420.1,dispersed,TE-like,Solyc11g056270.2,0.560924,1.00912,0.555853,0.0150525
9482,Solyc01g058510.1,dispersed,TE-like,Solyc06g030630.1,0.143016,0.150149,0.952497,0.999551
9483,Solyc01g058530.3,dispersed,TE-like,Solyc10g084700.2,0.178292,0.499713,0.356789,0.000296977
9484,Solyc01g058590.1,dispersed,TE-like,Solyc01g103850.3,0.33514,0.68551,0.488892,0.00607745
9485,Solyc01g058595.1,dispersed,TE-like,Solyc06g048897.1,0.422795,1.00415,0.421047,0.00394741
9486,Solyc01g058680.2,dispersed,Unclassified,Solyc02g086540.2,0.255623,0.21072,1.21309,0.607496
9487,Solyc01g058690.1,dispersed,TE-like,Solyc02g086510.3,0.0489331,0.0715791,0.683623,0.393073
9488,Solyc01g059760.2,dispersed,TE-like,Solyc08g061030.3,0.108117,0.120365,0.898241,0.782957
9489,Solyc01g060043.1,dispersed,TE-like,Solyc11g044810.2,0.0982294,0.13147,0.747163,0.756225
9490,Solyc01g060047.1,dispersed,TE-like,Solyc11g072130.2,0.300669,0.388678,0.773568,0.427469
9491,Solyc01g060050.2,dispersed,TE-like,Solyc01g079510.3,0.169871,2.86417,0.059309,4.33687e-113
9492,Solyc01g060085.1,dispersed,TE-like,Solyc12g062540.2,0.253999,0.526614,0.482325,0.00526634
9493,Solyc01g060130.3,dispersed,Unclassified,Solyc01g100350.3,0.0508069,1.03913,0.0488937,6.25242e-41
9494,Solyc01g060160.1,dispersed,TE-like,Solyc04g049380.3,0.666483,3.79075,0.175818,1.12653e-27
9495,Solyc01g060245.1,dispersed,TE-like,Solyc04g056746.1,0.917907,4.43564,0.206939,1.63779e-35
9496,Solyc01g060280.3,dispersed,TE-like,Solyc03g119330.3,0.412653,4.36466,0.0945439,3.87318e-56
9497,Solyc01g060470.3,dispersed,TE-like,Solyc10g079660.2,0.770831,4.18728,0.184089,1.47189e-28
9498,Solyc01g065490.3,dispersed,Unmethylated,Solyc09g098090.3,0.12804,0.815848,0.156941,6.2796e-12
9499,Solyc01g065495.1,dispersed,gbM,Solyc09g098095.1,0.160795,0.883167,0.182066,2.60189e-12
9500,Solyc01g065593.1,dispersed,TE-like,Solyc10g047420.2,0.469983,1.7196,0.27331,0.00228717
9501,Solyc01g065700.3,dispersed,gbM,Solyc01g100040.3,0.27127,2.99053,0.0907096,1.80854e-35
9502,Solyc01g065740.3,dispersed,TE-like,Solyc04g072340.1,0.506667,1.36862,0.370202,0.0882672
9503,Solyc01g065770.2,dispersed,TE-like,Solyc09g009360.1,0.0597192,0.114266,0.522634,0.0579805
9504,Solyc01g065780.1,dispersed,TE-like,Solyc12g036610.1,0.219359,0.159813,1.37259,0.416383
9505,Solyc01g065810.2,dispersed,TE-like,Solyc12g036590.1,0.316885,0.704026,0.450104,0.00860896
9506,Solyc01g065830.1,dispersed,TE-like,Solyc03g117140.2,0.0375788,0.0282191,1.33168,0.77328
9507,Solyc01g065840.3,dispersed,gbM,Solyc01g065740.3,0.127733,0.222038,0.575277,0.00143167
9508,Solyc01g065843.1,dispersed,TE-like,Solyc10g049473.1,0.214037,0.327018,0.65451,0.152
9509,Solyc01g065860.1,dispersed,TE-like,Solyc07g032820.1,0.19043,0.427616,0.44533,0.00189428
9510,Solyc01g065870.1,dispersed,TE-like,Solyc00g042640.1,0.0420847,0.0268505,1.56737,0.816622
9511,Solyc01g065880.1,dispersed,TE-like,Solyc03g083220.1,0.052315,0.151653,0.344965,0.0144148
9512,Solyc01g065915.1,dispersed,TE-like,Solyc06g005115.1,0.328779,0.646711,0.508386,0.00380599
9513,Solyc01g065985.1,dispersed,TE-like,Solyc08g062787.1,0.27005,0.630012,0.428642,1.09351e-05
9514,Solyc01g066010.1,dispersed,TE-like,Solyc01g088100.3,0.197227,0.596017,0.330909,6.75566e-06
9515,Solyc01g066070.3,dispersed,Unclassified,Solyc06g009200.3,0.482465,4.12729,0.116896,1.14675e-48
9516,Solyc01g066207.1,dispersed,TE-like,NA,NA,NA,NA,NA
9517,Solyc01g066500.1,dispersed,Unmethylated,Solyc03g062820.1,0.55479,3.38973,0.163668,9.3924e-11
9518,Solyc01g066613.1,dispersed,TE-like,Solyc01g057175.1,0.45964,0.852394,0.539234,0.056223
9519,Solyc01g066650.1,dispersed,TE-like,Solyc01g110070.2,0.136771,0.368174,0.371486,0.00920584
9520,Solyc01g066660.1,dispersed,Unclassified,Solyc01g110070.2,0.0633082,0.0466638,1.35669,0.751391
9521,Solyc01g066720.3,dispersed,Unclassified,Solyc01g099820.3,0.283294,1.40174,0.202102,1.0609e-09
9522,Solyc01g066730.3,dispersed,TE-like,Solyc01g098050.1,0.441338,3.34591,0.131904,1.13696e-15
9523,Solyc01g066890.1,dispersed,TE-like,Solyc07g041360.1,0.0949695,0.114326,0.83069,0.557187
9524,Solyc01g066917.1,dispersed,TE-like,Solyc01g094725.1,0.0577457,0.0773877,0.746188,0.159411
9525,Solyc01g067147.1,dispersed,TE-like,Solyc06g069520.3,0.277568,0.659778,0.420699,0.0165513
9526,Solyc01g067150.1,dispersed,TE-like,Solyc10g079010.2,0.155087,0.612304,0.253284,6.76527e-08
9527,Solyc01g067165.1,dispersed,TE-like,Solyc04g048920.1,0.23509,0.604235,0.389071,0.000991838
9528,Solyc01g067295.1,dispersed,Unclassified,Solyc01g058000.3,0.102891,0.232491,0.442556,0.0529228
9529,Solyc01g067350.3,dispersed,gbM,Solyc04g081830.1,0.391888,3.98807,0.098265,2.53354e-41
9530,Solyc01g067417.1,dispersed,TE-like,Solyc10g077131.1,0.400912,3.20903,0.124932,8.29017e-16
9531,Solyc01g067425.1,dispersed,TE-like,Solyc06g048965.1,0.112821,0.134556,0.838473,0.524858
9532,Solyc01g067540.1,dispersed,Unclassified,Solyc11g045680.2,0.565305,3.42144,0.165224,0
9533,Solyc01g067560.3,dispersed,TE-like,Solyc12g098160.2,0.105305,0.317474,0.331697,2.55593e-26
9534,Solyc01g067600.3,dispersed,TE-like,Solyc09g074670.3,0.701514,5.14568,0.136331,7.05438e-95
9535,Solyc01g067630.3,dispersed,gbM,Solyc06g054530.3,0.128132,0.584613,0.219175,1.46753e-11
9536,Solyc01g067920.1,dispersed,TE-like,Solyc01g110070.2,0.179656,0.531993,0.337703,2.56043e-10
9537,Solyc01g067990.1,dispersed,Unclassified,Solyc02g064800.3,0.231271,0.542214,0.426531,0.000840497
9538,Solyc01g068160.3,dispersed,TE-like,Solyc05g007590.3,0.28048,4.27942,0.0655416,4.31318e-91
9539,Solyc01g068200.3,dispersed,TE-like,Solyc10g079210.2,0.202152,2.12342,0.0952014,2.30773e-76
9540,Solyc01g068545.1,dispersed,TE-like,Solyc06g064500.2,0.326891,2.45816,0.132982,1.59608e-33
9541,Solyc01g073640.3,dispersed,Unclassified,Solyc03g095970.3,0.0601417,0.351233,0.17123,3.20574e-15
9542,Solyc01g073650.3,dispersed,TE-like,Solyc01g034020.3,0.0483835,3.80699,0.0127091,4.29438e-129
9543,Solyc01g073710.2,dispersed,Unmethylated,Solyc03g031630.3,0.479732,2.28553,0.2099,4.84221e-11
9544,Solyc01g073770.2,dispersed,Unmethylated,Solyc01g015020.3,0.347987,3.6747,0.0946981,1.04533e-43
9545,Solyc01g073870.3,dispersed,TE-like,Solyc02g005360.2,0.368962,1.75552,0.210173,2.91385e-22
9546,Solyc01g073950.3,dispersed,Unclassified,Solyc01g006470.1,0.810339,3.91887,0.206779,9.28551e-13
9547,Solyc01g073980.1,dispersed,TE-like,Solyc01g086780.1,0.0372907,0.0366573,1.01728,0.997831
9548,Solyc01g074065.1,dispersed,TE-like,NA,NA,NA,NA,NA
9549,Solyc01g079090.3,dispersed,gbM,Solyc03g005080.3,0.841686,4.26123,0.197522,7.45575e-30
9550,Solyc01g079180.3,dispersed,TE-like,Solyc07g065350.2,0.506627,3.91945,0.12926,1.64646e-56
9551,Solyc01g079220.3,dispersed,Unclassified,Solyc01g103710.3,0.675648,3.21284,0.210296,3.45281e-10
9552,Solyc01g079330.3,dispersed,TE-like,Solyc09g007440.3,0.664655,4.28438,0.155134,5.16443e-56
9553,Solyc01g079340.3,dispersed,TE-like,Solyc07g055180.3,0.482927,4.18851,0.115298,6.51821e-53
9554,Solyc01g079610.3,dispersed,TE-like,Solyc04g007370.3,0.879717,3.94659,0.222906,1.96248e-14
9555,Solyc01g079780.3,dispersed,Unclassified,Solyc01g098860.3,0.463978,1.81297,0.255922,6.80552e-13
9556,Solyc01g079800.3,dispersed,TE-like,Solyc12g035130.2,0.799982,4.24964,0.188247,1.94511e-32
9557,Solyc01g079820.3,dispersed,TE-like,Solyc07g020860.3,0.617805,1.96451,0.314484,1.85954e-07
9558,Solyc01g080170.3,dispersed,TE-like,Solyc11g065070.2,0.276567,3.63973,0.0759856,4.59935e-57
9559,Solyc01g080190.3,dispersed,Unclassified,Solyc01g100790.1,0.569472,4.41965,0.12885,3.57975e-48
9560,Solyc01g080210.3,dispersed,gbM,Solyc02g094160.1,0.186008,3.96867,0.046869,6.54126e-107
9561,Solyc01g080610.3,dispersed,Unclassified,Solyc01g080720.3,0.146852,0.483186,0.303925,2.07539e-05
9562,Solyc01g080690.3,dispersed,TE-like,Solyc06g008880.3,0.215768,4.18961,0.0515007,4.2041e-80
9563,Solyc01g080700.3,dispersed,TE-like,Solyc04g050700.2,0.106044,0.939946,0.112819,1.82945e-09
9564,Solyc01g080710.1,dispersed,TE-like,Solyc04g024540.1,0.107297,0.388692,0.276046,0.0244037
9565,Solyc01g080720.3,dispersed,TE-like,Solyc01g080610.3,0.146852,0.483186,0.303925,2.07539e-05
9566,Solyc01g080725.1,dispersed,TE-like,Solyc08g014247.1,0.110496,0.202741,0.54501,0.00137537
9567,Solyc01g080783.1,dispersed,TE-like,Solyc01g060314.1,0.144893,0.157258,0.921375,0.720804
9568,Solyc01g080787.1,dispersed,TE-like,Solyc11g044367.1,0.277627,1.50414,0.184575,5.30699e-08
9569,Solyc01g080810.3,dispersed,TE-like,Solyc02g080990.2,0.79864,4.59402,0.173844,7.27956e-52
9570,Solyc01g080840.3,dispersed,TE-like,Solyc11g005020.2,0.442717,4.44777,0.099537,3.28532e-81
9571,Solyc01g080880.3,dispersed,gbM,Solyc04g082260.3,0.263356,4.31162,0.0610806,2.10285e-111
9572,Solyc01g080910.2,dispersed,Unmethylated,Solyc02g031830.1,0.215114,4.05217,0.0530862,2.55417e-55
9573,Solyc01g080960.3,dispersed,TE-like,Solyc07g056300.1,0.331629,3.80382,0.0871831,2.0334e-42
9574,Solyc01g081010.3,dispersed,TE-like,Solyc07g053730.3,0.0235881,0.28624,0.0824066,9.48155e-40
9575,Solyc01g081020.1,dispersed,TE-like,Solyc03g111210.3,0.449025,4.48752,0.100061,7.03237e-83
9576,Solyc01g081150.3,dispersed,Unclassified,Solyc03g031690.3,0.405849,2.43546,0.166642,6.75777e-09
9577,Solyc01g081220.2,dispersed,Unclassified,Solyc02g061620.2,0.0196376,0.0235354,0.834383,0.637616
9578,Solyc01g081240.3,dispersed,TE-like,Solyc02g062917.1,0.282616,0.541161,0.52224,0.0435602
9579,Solyc01g081340.3,dispersed,TE-like,Solyc04g055260.3,0.232267,0.982764,0.23634,2.67824e-16
9580,Solyc01g081460.3,dispersed,TE-like,Solyc09g008130.3,0.601496,3.96759,0.151602,4.79458e-30
9581,Solyc01g081470.3,dispersed,TE-like,Solyc12g019010.2,0.96241,3.86965,0.248707,2.52705e-08
9582,Solyc01g081500.3,dispersed,TE-like,Solyc10g024470.2,0.397675,1.58037,0.251634,6.85767e-12
9583,Solyc01g081510.3,dispersed,Unmethylated,Solyc01g099240.3,0.466289,4.04734,0.115209,2.45845e-29
9584,Solyc01g081620.3,dispersed,gbM,Solyc10g045380.2,0.152978,1.59939,0.0956478,1.28213e-59
9585,Solyc01g086690.2,dispersed,TE-like,Solyc02g086540.2,0.30368,1.05842,0.286918,1.12395e-17
9586,Solyc01g086755.1,dispersed,TE-like,Solyc06g048897.1,0.0873207,0.171592,0.508887,0.146911
9587,Solyc01g086780.1,dispersed,TE-like,Solyc01g073980.1,0.0372907,0.0366573,1.01728,0.997831
9588,Solyc01g086790.1,dispersed,TE-like,NA,NA,NA,NA,NA
9589,Solyc01g086810.2,dispersed,TE-like,Solyc08g005440.3,0.705007,4.57062,0.154248,9.01283e-43
9590,Solyc01g086840.3,dispersed,TE-like,Solyc03g118780.3,0.42338,3.77773,0.112072,9.0736e-41
9591,Solyc01g086860.3,dispersed,TE-like,Solyc01g112370.3,0.00826918,0.0276663,0.298889,0.231849
9592,Solyc01g086953.1,dispersed,TE-like,Solyc02g032825.1,0.704149,2.06655,0.340736,5.57121e-06
9593,Solyc01g086980.3,dispersed,TE-like,Solyc03g094080.3,0.560682,3.47619,0.161292,1.2343e-18
9594,Solyc01g086990.3,dispersed,TE-like,Solyc03g044030.1,0.316448,0.792952,0.399076,1.57406e-06
9595,Solyc01g087070.3,dispersed,Unclassified,Solyc11g062190.2,0.111273,4.12578,0.0269701,4.85369e-98
9596,Solyc01g087190.3,dispersed,Unclassified,Solyc11g065740.2,0.419007,3.55449,0.117881,6.80768e-21
9597,Solyc01g087200.3,dispersed,gbM,Solyc07g009180.1,0.393124,1.78684,0.220011,1.17997e-58
9598,Solyc01g087338.1,dispersed,Unmethylated,Solyc08g083155.1,0.0236393,0.0430939,0.548554,0.326
9599,Solyc01g087440.3,dispersed,TE-like,Solyc04g015580.3,0.247719,3.75743,0.0659279,3.14227e-48
9600,Solyc01g087510.2,dispersed,gbM,Solyc07g008590.1,0.576519,4.74064,0.121612,1.45515e-99
9601,Solyc01g087565.1,dispersed,Unmethylated,Solyc02g071470.3,0.280862,0.2976,0.943757,0.869727
9602,Solyc01g087600.3,dispersed,TE-like,Solyc04g015740.3,0.216277,4.49401,0.0481256,9.4314e-116
9603,Solyc01g087610.3,dispersed,TE-like,Solyc03g113820.2,0.30147,4.11372,0.073284,0
9604,Solyc01g087890.3,dispersed,Unclassified,Solyc05g009670.3,0.965649,2.62277,0.368179,1.01538e-10
9605,Solyc01g087900.3,dispersed,Unclassified,Solyc06g065230.3,0.66773,3.53642,0.188815,9.1987e-11
9606,Solyc01g087980.3,dispersed,Unclassified,Solyc04g050200.1,0.0487161,0.12147,0.401054,0.0368479
9607,Solyc01g088010.1,dispersed,Unclassified,Solyc01g103590.3,0.370446,3.26617,0.113419,0
9608,Solyc01g088020.3,dispersed,TE-like,Solyc07g039200.3,0.947258,4.05911,0.233366,3.67721e-10
9609,Solyc01g088060.3,dispersed,TE-like,Solyc04g015630.2,0.655141,4.32334,0.151536,6.31075e-28
9610,Solyc01g088150.3,dispersed,gbM,Solyc04g016330.3,0.0927805,2.72089,0.0340993,2.26841e-115
9611,Solyc01g088320.2,dispersed,Unclassified,NA,NA,NA,NA,NA
9612,Solyc01g088323.1,dispersed,TE-like,Solyc02g071830.2,0.194346,0.535314,0.36305,0.0223991
9613,Solyc01g088330.1,dispersed,Unclassified,Solyc02g071830.2,0.0568015,0.104566,0.543213,0.303842
9614,Solyc01g088360.3,dispersed,Unclassified,Solyc01g110520.3,0.175385,1.36472,0.128513,1.44274e-67
9615,Solyc01g088470.3,dispersed,Unclassified,Solyc04g056530.2,0.603846,6.02094,0.100291,2.02402e-09
9616,Solyc01g088490.3,dispersed,Unclassified,Solyc06g008180.2,0.92178,3.98569,0.231272,3.06663e-19
9617,Solyc01g088540.1,dispersed,TE-like,Solyc10g076810.1,0.315982,2.44566,0.129201,3.12501e-22
9618,Solyc01g088570.3,dispersed,Unclassified,Solyc04g015370.3,0.49935,1.58687,0.314677,3.0976e-07
9619,Solyc01g088600.3,dispersed,TE-like,Solyc01g057040.3,0.660302,3.91661,0.16859,1.79149e-28
9620,Solyc01g088650.3,dispersed,Unclassified,Solyc02g085860.3,0.657217,3.4279,0.191726,3.38646e-28
9621,Solyc01g088670.2,dispersed,TE-like,Solyc04g056746.1,0.82553,4.5065,0.183187,3.87877e-28
9622,Solyc01g088730.3,dispersed,TE-like,Solyc12g056890.1,0.244593,1.43911,0.169961,4.03775e-15
9623,Solyc01g088760.3,dispersed,TE-like,Solyc06g082730.2,0.406758,3.66455,0.110998,6.50396e-46
9624,Solyc01g088780.3,dispersed,Unclassified,Solyc02g077400.3,0.105145,3.63079,0.0289594,1.55848e-70
9625,Solyc01g089907.1,dispersed,Unclassified,Solyc11g030475.1,0.474254,0.934543,0.507471,0.237992
9626,Solyc01g089930.2,dispersed,TE-like,Solyc03g113830.2,0.0716731,0.0470555,1.52316,0.511351
9627,Solyc01g089980.3,dispersed,gbM,Solyc10g008470.3,0.318662,3.79466,0.0839766,2.38714e-33
9628,Solyc01g090180.3,dispersed,Unclassified,Solyc11g072550.2,0.185423,1.88225,0.0985118,8.44241e-31
9629,Solyc01g090190.3,dispersed,TE-like,Solyc08g007220.3,0.302565,1.66332,0.181904,1.51818e-22
9630,Solyc01g090390.1,dispersed,Unclassified,Solyc05g009400.2,0.61697,4.38211,0.140793,2.22459e-36
9631,Solyc01g090480.3,dispersed,gbM,Solyc05g007810.3,0.794741,4.04392,0.196527,5.07984e-76
9632,Solyc01g090500.3,dispersed,gbM,Solyc02g069320.1,0.775724,4.27609,0.18141,1.20206e-34
9633,Solyc01g090690.3,dispersed,TE-like,Solyc08g079180.3,0.567005,4.6581,0.121725,5.11659e-74
9634,Solyc01g091020.3,dispersed,TE-like,Solyc06g065740.3,0.645203,3.66465,0.176061,2.05786e-18
9635,Solyc01g091070.3,dispersed,TE-like,Solyc05g009780.3,0.54013,4.06723,0.1328,3.97183e-51
9636,Solyc01g091145.1,dispersed,Unclassified,NA,NA,NA,NA,NA
9637,Solyc01g091190.3,dispersed,gbM,Solyc05g050980.3,0.0735973,0.641186,0.114783,7.65932e-50
9638,Solyc01g091240.3,dispersed,Unclassified,Solyc06g076900.3,0.588061,4.45943,0.131869,1.7195e-39
9639,Solyc01g091330.3,dispersed,Unclassified,Solyc01g102660.3,0.307136,3.68659,0.0833116,1.38741e-36
9640,Solyc01g091520.3,dispersed,Unmethylated,Solyc05g010720.3,0.308645,2.69782,0.114406,1.43238e-30
9641,Solyc01g091580.3,dispersed,Unclassified,Solyc09g009940.3,0.685737,4.14325,0.165507,1.82658e-25
9642,Solyc01g091600.3,dispersed,Unclassified,Solyc06g071420.3,0.92584,3.82123,0.242288,1.34405e-07
9643,Solyc01g091750.3,dispersed,gbM,Solyc11g072320.2,0.204746,3.73413,0.054831,1.45289e-45
9644,Solyc01g091920.2,dispersed,gbM,Solyc06g062950.1,0.442637,4.68336,0.0945126,1.38701e-87
9645,Solyc01g094000.3,dispersed,TE-like,Solyc02g055390.2,0.185056,0.584262,0.316734,2.7182e-06
9646,Solyc01g094040.3,dispersed,TE-like,Solyc11g062350.2,0.578294,3.68638,0.156873,1.5182e-23
9647,Solyc01g094150.3,dispersed,TE-like,Solyc02g094100.3,0.628408,4.28533,0.146642,5.32971e-49
9648,Solyc01g094230.3,dispersed,TE-like,Solyc04g056540.3,0.757547,1.99041,0.380599,5.90325e-06
9649,Solyc01g094280.3,dispersed,gbM,Solyc08g048240.3,0.30504,4.07863,0.07479,7.0275e-59
9650,Solyc01g094300.1,dispersed,Unmethylated,Solyc08g078430.3,0.279693,0.828423,0.337621,3.0913e-08
9651,Solyc01g094310.1,dispersed,Unclassified,Solyc08g078430.3,0.0939441,0.971113,0.0967386,5.97098e-11
9652,Solyc01g094420.3,dispersed,TE-like,Solyc06g008150.3,0.400706,1.76737,0.226725,1.22652e-23
9653,Solyc01g094480.3,dispersed,gbM,Solyc09g010620.1,0.187527,2.55826,0.0733027,2.44471e-26
9654,Solyc01g094500.3,dispersed,TE-like,Solyc04g056540.3,0.820663,4.132,0.198611,4.89456e-23
9655,Solyc01g094510.2,dispersed,Unclassified,Solyc05g049940.3,0.3635,0.876763,0.414594,0.0120945
9656,Solyc01g094520.3,dispersed,TE-like,Solyc04g051870.2,0.788996,3.99081,0.197703,1.27955e-19
9657,Solyc01g094540.3,dispersed,Unmethylated,Solyc05g049950.3,0.124617,2.30236,0.0541256,3.35742e-32
9658,Solyc01g094600.2,dispersed,gbM,Solyc11g040060.2,0.668549,4.36428,0.153187,7.37988e-48
9659,Solyc01g094700.3,dispersed,TE-like,Solyc09g014350.3,0.27748,4.34163,0.0639115,5.8806e-137
9660,Solyc01g094725.1,dispersed,TE-like,Solyc03g034204.1,0.103894,0.180742,0.574821,0.000533533
9661,Solyc01g094850.2,dispersed,gbM,Solyc02g068630.1,0.616462,4.31608,0.142829,4.7275e-43
9662,Solyc01g094920.3,dispersed,gbM,Solyc03g115710.1,0.60159,4.23537,0.14204,8.89872e-67
9663,Solyc01g095000.3,dispersed,Unmethylated,Solyc01g097820.3,0.803677,3.71869,0.216118,9.00227e-17
9664,Solyc01g095050.3,dispersed,Unclassified,Solyc05g007800.3,0.372877,3.1754,0.117427,1.8145e-15
9665,Solyc01g095160.3,dispersed,Unclassified,Solyc05g010620.2,0.558393,4.53004,0.123264,1.51197e-75
9666,Solyc01g095300.3,dispersed,TE-like,Solyc11g007840.2,0.536387,4.80694,0.111586,1.73234e-84
9667,Solyc01g095360.2,dispersed,Unmethylated,Solyc03g005720.3,0.714047,3.9096,0.182639,7.99345e-23
9668,Solyc01g095540.3,dispersed,gbM,Solyc11g008590.2,0.587396,4.05164,0.144977,1.66311e-24
9669,Solyc01g095600.3,dispersed,gbM,Solyc04g054290.2,0.69806,4.62974,0.150777,4.0587e-49
9670,Solyc01g095710.3,dispersed,TE-like,Solyc01g110990.2,0.779156,4.76474,0.163525,1.58748e-67
9671,Solyc01g095740.3,dispersed,TE-like,Solyc12g056340.2,0.497287,4.62732,0.107468,1.78685e-126
9672,Solyc01g095950.1,dispersed,TE-like,NA,NA,NA,NA,NA
9673,Solyc01g095980.3,dispersed,Unmethylated,Solyc05g014700.3,0.505801,3.6223,0.139635,7.57741e-21
9674,Solyc01g096010.3,dispersed,TE-like,Solyc10g005410.3,0.703444,2.64584,0.265868,1.61975e-18
9675,Solyc01g096193.1,dispersed,Unclassified,Solyc09g092150.1,0.507292,4.13787,0.122598,9.03132e-39
9676,Solyc01g096440.3,dispersed,gbM,Solyc01g100790.1,0.632278,4.38585,0.144163,2.16908e-46
9677,Solyc01g096530.3,dispersed,Unclassified,Solyc10g006490.3,0.0243503,0.506809,0.0480463,7.86887e-25
9678,Solyc01g096570.3,dispersed,gbM,Solyc07g062750.3,0.890845,3.92883,0.226746,3.72873e-24
9679,Solyc01g096670.3,dispersed,Unclassified,Solyc10g078240.2,0.168877,1.98025,0.0852806,4.12944e-89
9680,Solyc01g096700.3,dispersed,TE-like,Solyc08g077290.1,0.738579,3.98693,0.18525,2.91626e-24
9681,Solyc01g096850.3,dispersed,TE-like,Solyc06g073670.3,0.266608,4.68792,0.0568711,2.45816e-126
9682,Solyc01g097130.3,dispersed,TE-like,Solyc12g014000.2,0.689631,4.19721,0.164307,4.65549e-39
9683,Solyc01g097350.3,dispersed,Unclassified,Solyc01g111040.3,1.0556,2.69063,0.392324,0.000458812
9684,Solyc01g097500.3,dispersed,gbM,Solyc09g065570.3,0.421702,3.9592,0.106512,6.6845e-30
9685,Solyc01g097530.2,dispersed,TE-like,Solyc02g011990.1,0.174587,0.511688,0.341199,0.00345184
9686,Solyc01g097570.2,dispersed,Unmethylated,Solyc01g097750.1,0.161788,0.233469,0.692974,0.169655
9687,Solyc01g097640.3,dispersed,TE-like,Solyc04g082330.3,0.854289,4.62257,0.184808,7.25191e-45
9688,Solyc01g097660.2,dispersed,Unclassified,Solyc06g005460.1,0.322248,0.663961,0.485342,0.0117331
9689,Solyc01g097750.1,dispersed,TE-like,Solyc01g097570.2,0.161788,0.233469,0.692974,0.169655
9690,Solyc01g097760.3,dispersed,Unclassified,Solyc06g064470.3,0.0138097,0.162416,0.0850263,1.72683e-12
9691,Solyc01g097820.3,dispersed,Unclassified,Solyc01g095000.3,0.803677,3.71869,0.216118,9.00227e-17
9692,Solyc01g097850.1,dispersed,TE-like,Solyc04g056740.1,0.304578,1.29408,0.235362,5.48688e-07
9693,Solyc01g097890.2,dispersed,Unmethylated,Solyc02g083750.1,0.273128,1.57637,0.173264,9.98649e-40
9694,Solyc01g097970.3,dispersed,Unmethylated,Solyc01g100030.4,0.119992,1.27129,0.094386,2.13483e-21
9695,Solyc01g098000.3,dispersed,gbM,Solyc07g016150.3,0.0405065,0.24068,0.1683,8.82224e-10
9696,Solyc01g098090.3,dispersed,TE-like,Solyc08g023570.2,0.327573,0.816405,0.401239,0.0114139
9697,Solyc01g098180.3,dispersed,TE-like,Solyc05g055770.3,0.929826,4.15216,0.223938,3.15052e-15
9698,Solyc01g098210.3,dispersed,Unclassified,Solyc06g069490.3,0.399363,1.57224,0.254009,1.48746e-21
9699,Solyc01g098320.3,dispersed,gbM,Solyc04g040170.3,0.0815039,0.358392,0.227416,5.58522e-09
9700,Solyc01g098350.3,dispersed,gbM,Solyc07g032480.3,0.78468,4.05972,0.193284,2.60686e-23
9701,Solyc01g098455.1,dispersed,Unclassified,Solyc12g014100.2,0.350374,1.2584,0.278429,8.62218e-06
9702,Solyc01g098480.2,dispersed,Unclassified,Solyc04g054290.2,0.639495,4.36867,0.146382,2.29703e-33
9703,Solyc01g098520.3,dispersed,gbM,Solyc02g082660.3,0.405218,0.560612,0.722813,0.363098
9704,Solyc01g098523.1,dispersed,TE-like,Solyc02g082660.3,0.389875,2.86409,0.136125,1.08721e-06
9705,Solyc01g098540.3,dispersed,Unclassified,Solyc04g080950.3,0.264935,0.77594,0.341437,0.00372271
9706,Solyc01g098860.3,dispersed,Unclassified,Solyc01g079780.3,0.463978,1.81297,0.255922,6.80552e-13
9707,Solyc01g098880.3,dispersed,TE-like,Solyc04g079870.2,0.105348,0.642688,0.163917,1.95978e-20
9708,Solyc01g098920.3,dispersed,TE-like,Solyc09g065130.3,0.170392,4.17305,0.0408315,2.14536e-94
9709,Solyc01g099240.3,dispersed,Unmethylated,Solyc01g081510.3,0.466289,4.04734,0.115209,2.45845e-29
9710,Solyc01g099250.2,dispersed,gbM,Solyc07g008600.1,0.606932,4.5994,0.131959,6.06742e-72
9711,Solyc01g099380.3,dispersed,Unclassified,Solyc11g008470.2,0.285582,0.577631,0.494403,8.08824e-05
9712,Solyc01g099410.3,dispersed,Unmethylated,Solyc09g010400.3,0.080156,3.16172,0.025352,2.20324e-39
9713,Solyc01g099670.3,dispersed,Unclassified,Solyc12g096540.2,0.041159,0.761677,0.0540373,3.27131e-27
9714,Solyc01g099690.3,dispersed,TE-like,Solyc08g077890.3,0.596557,3.95385,0.15088,1.55343e-24
9715,Solyc01g099730.3,dispersed,TE-like,Solyc09g065930.3,0.0253063,0.112017,0.225914,0.0014692
9716,Solyc01g099820.3,dispersed,Unmethylated,Solyc01g066720.3,0.283294,1.40174,0.202102,1.0609e-09
9717,Solyc01g100030.4,dispersed,Unmethylated,Solyc01g097970.3,0.119992,1.27129,0.094386,2.13483e-21
9718,Solyc01g100040.3,dispersed,gbM,Solyc01g065700.3,0.27127,2.99053,0.0907096,1.80854e-35
9719,Solyc01g100045.1,dispersed,TE-like,Solyc11g068740.2,0.491564,1.56809,0.313479,1.18826e-05
9720,Solyc01g100080.3,dispersed,gbM,Solyc12g038370.2,0.697488,3.71421,0.187789,1.20274e-12
9721,Solyc01g100110.3,dispersed,gbM,Solyc05g009070.3,0.205706,4.2621,0.048264,8.12836e-93
9722,Solyc01g100235.1,dispersed,TE-like,Solyc01g105893.1,0.00186621,NA,NA,NA
9723,Solyc01g100240.3,dispersed,gbM,Solyc07g006830.3,0.634332,4.33657,0.146275,2.13667e-65
9724,Solyc01g100310.2,dispersed,Unmethylated,Solyc01g108440.2,0.741068,3.97375,0.186491,8.02173e-21
9725,Solyc01g100340.3,dispersed,Unclassified,Solyc09g092150.1,0.553934,4.2143,0.131441,4.38871e-56
9726,Solyc01g100410.3,dispersed,Unclassified,Solyc11g006920.2,0.789269,2.55829,0.308515,0.000108113
9727,Solyc01g100420.3,dispersed,TE-like,Solyc04g025290.3,0.78135,4.25363,0.18369,2.99436e-32
9728,Solyc01g100440.2,dispersed,Unclassified,Solyc03g117675.1,0.650576,4.18055,0.15562,1.02986e-51
9729,Solyc01g100520.3,dispersed,gbM,Solyc02g091280.3,0.531198,3.77686,0.140645,4.9647e-36
9730,Solyc01g100530.3,dispersed,TE-like,Solyc11g044480.2,0.666565,4.88266,0.136517,3.05609e-60
9731,Solyc01g100570.3,dispersed,gbM,Solyc05g055880.3,0.541953,4.31557,0.125581,2.04621e-70
9732,Solyc01g100720.3,dispersed,TE-like,Solyc08g041890.3,0.167237,4.38759,0.038116,2.25333e-138
9733,Solyc01g100730.3,dispersed,TE-like,Solyc03g095760.3,0.662287,4.04496,0.163731,2.07348e-31
9734,Solyc01g100740.3,dispersed,TE-like,Solyc07g026960.3,0.907206,4.1822,0.216921,2.76813e-15
9735,Solyc01g100790.1,dispersed,gbM,Solyc12g006575.1,0.465601,4.527,0.10285,6.06504e-99
9736,Solyc01g100800.2,dispersed,gbM,Solyc02g079380.2,0.590423,4.37799,0.134862,3.43201e-67
9737,Solyc01g100850.3,dispersed,gbM,Solyc09g066470.3,0.415209,3.85222,0.107784,5.56152e-57
9738,Solyc01g101040.3,dispersed,gbM,Solyc05g005160.3,0.0986736,4.18225,0.0235934,8.82005e-135
9739,Solyc01g101080.2,dispersed,TE-like,Solyc03g078170.1,0.161914,0.180199,0.898527,0.827718
9740,Solyc01g101150.2,dispersed,gbM,Solyc08g076680.2,0.930375,4.55136,0.204417,4.64449e-40
9741,Solyc01g102260.3,dispersed,Unmethylated,Solyc03g043665.1,0.576137,3.71486,0.15509,1.13542e-16
9742,Solyc01g102370.3,dispersed,TE-like,Solyc03g119070.2,0.973477,4.19065,0.232297,2.8329e-11
9743,Solyc01g102610.3,dispersed,gbM,Solyc03g112320.3,0.715815,4.64871,0.153982,8.10083e-46
9744,Solyc01g102630.3,dispersed,Unclassified,Solyc02g082660.3,0.344808,0.779033,0.44261,0.00825922
9745,Solyc01g102633.1,dispersed,TE-like,Solyc02g082660.3,0.273985,0.638538,0.429081,0.00742639
9746,Solyc01g102660.3,dispersed,TE-like,Solyc01g091330.3,0.307136,3.68659,0.0833116,1.38741e-36
9747,Solyc01g102670.3,dispersed,Unclassified,Solyc02g005310.2,0.580018,3.92607,0.147735,1.37393e-36
9748,Solyc01g102690.3,dispersed,gbM,Solyc05g010620.2,0.558537,4.56041,0.122475,7.93244e-86
9749,Solyc01g102770.1,dispersed,Unclassified,Solyc11g050770.1,0.0218478,0.0466191,0.468645,0.360542
9750,Solyc01g102790.3,dispersed,Unclassified,Solyc01g100790.1,0.57655,4.57945,0.125899,2.16009e-69
9751,Solyc01g102800.3,dispersed,gbM,Solyc03g119280.3,0.834951,4.02405,0.20749,1.7025e-17
9752,Solyc01g103090.3,dispersed,TE-like,Solyc10g083640.2,0.808538,4.02871,0.200694,5.10078e-21
9753,Solyc01g103120.3,dispersed,gbM,Solyc11g039650.2,0.137652,1.89791,0.0725282,7.05129e-49
9754,Solyc01g103180.3,dispersed,TE-like,Solyc09g075640.3,0.293362,4.5753,0.0641187,8.11208e-110
9755,Solyc01g103220.3,dispersed,TE-like,Solyc11g042420.2,0.041827,3.03829,0.0137666,3.25227e-27
9756,Solyc01g103240.3,dispersed,TE-like,Solyc07g064820.1,0.504149,3.93812,0.128018,1.86224e-52
9757,Solyc01g103415.1,dispersed,TE-like,Solyc09g015850.3,0.39435,0.785972,0.501735,0.0235032
9758,Solyc01g103480.3,dispersed,gbM,Solyc10g038120.2,0.0700859,0.732637,0.0956625,3.47109e-55
9759,Solyc01g103500.3,dispersed,gbM,Solyc02g078720.3,0.490093,2.01822,0.242834,7.99105e-08
9760,Solyc01g103510.3,dispersed,gbM,Solyc01g104590.3,0.0377059,4.08866,0.00922207,1.13704e-127
9761,Solyc01g103550.1,dispersed,TE-like,Solyc11g020320.1,0.714018,3.70024,0.192965,2.7637e-26
9762,Solyc01g103610.3,dispersed,TE-like,Solyc01g087200.3,0.53419,1.4182,0.376666,8.85583e-24
9763,Solyc01g103620.3,dispersed,gbM,Solyc10g038090.1,0.222676,1.15173,0.193341,2.89463e-09
9764,Solyc01g103640.3,dispersed,Unclassified,Solyc11g019970.2,0.581993,4.15969,0.139913,5.21513e-27
9765,Solyc01g103690.3,dispersed,TE-like,Solyc01g006970.3,0.631743,4.35332,0.145117,3.09282e-66
9766,Solyc01g103695.1,dispersed,TE-like,Solyc01g006710.3,0.780172,3.9564,0.197193,2.62847e-21
9767,Solyc01g103710.3,dispersed,TE-like,Solyc01g079220.3,0.675648,3.21284,0.210296,3.45281e-10
9768,Solyc01g103800.3,dispersed,Unclassified,Solyc12g042650.2,0.0504043,2.29058,0.022005,6.72908e-44
9769,Solyc01g103850.3,dispersed,Unclassified,Solyc01g058590.1,0.33514,0.68551,0.488892,0.00607745
9770,Solyc01g103990.3,dispersed,gbM,Solyc06g064910.3,0.437432,1.99688,0.219057,1.5314e-72
9771,Solyc01g104010.2,dispersed,Unclassified,Solyc11g013330.2,0.236236,3.8493,0.0613713,1.07012e-62
9772,Solyc01g104070.3,dispersed,TE-like,Solyc11g011800.2,0.990723,4.43102,0.223588,3.83089e-22
9773,Solyc01g104090.3,dispersed,gbM,Solyc03g093630.2,0.477302,4.40032,0.10847,1.21836e-69
9774,Solyc01g104220.3,dispersed,Unclassified,Solyc10g045640.2,0.127208,0.696668,0.182594,1.07928e-15
9775,Solyc01g104270.3,dispersed,gbM,Solyc10g045620.2,0.171243,0.82952,0.206436,1.64679e-22
9776,Solyc01g104320.3,dispersed,Unclassified,Solyc11g044530.2,0.413004,2.49229,0.165713,2.88791e-17
9777,Solyc01g104340.2,dispersed,TE-like,Solyc08g065320.3,0.380477,1.35282,0.281246,4.96784e-14
9778,Solyc01g104350.3,dispersed,gbM,Solyc03g062900.3,0.692251,4.1741,0.165845,1.02378e-19
9779,Solyc01g104370.3,dispersed,Unmethylated,Solyc01g016470.3,0.0718512,1.25681,0.0571695,1.08718e-16
9780,Solyc01g104510.3,dispersed,Unclassified,Solyc04g005330.3,0.816949,3.92701,0.208033,3.08931e-27
9781,Solyc01g104580.3,dispersed,Unmethylated,Solyc03g123510.3,0.750374,3.74653,0.200285,4.2722e-12
9782,Solyc01g104590.3,dispersed,gbM,Solyc01g103510.3,0.0377059,4.08866,0.00922207,1.13704e-127
9783,Solyc01g104630.3,dispersed,TE-like,Solyc04g056746.1,0.626459,4.17828,0.149932,2.40558e-63
9784,Solyc01g104870.3,dispersed,Unclassified,Solyc04g074830.1,1.06103,4.05482,0.261672,2.34684e-15
9785,Solyc01g104940.2,dispersed,Unclassified,Solyc02g094080.1,0.36248,1.09205,0.331927,1.31094e-07
9786,Solyc01g104980.3,dispersed,gbM,Solyc02g021600.1,0.705253,4.0778,0.172949,1.2742e-27
9787,Solyc01g104990.3,dispersed,TE-like,Solyc12g088810.2,0.359224,3.65049,0.0984041,7.11277e-51
9788,Solyc01g105040.3,dispersed,gbM,Solyc11g019970.2,0.566852,4.11665,0.137698,3.19492e-41
9789,Solyc01g105080.2,dispersed,Unclassified,Solyc03g019830.3,0.654545,4.50667,0.145239,1.47069e-37
9790,Solyc01g105090.3,dispersed,TE-like,Solyc12g014280.2,0.463752,3.87278,0.119747,2.46813e-43
9791,Solyc01g105120.3,dispersed,TE-like,Solyc04g009050.3,0.343487,0.571969,0.600535,0.00664604
9792,Solyc01g105260.1,dispersed,Unclassified,Solyc01g104810.2,0.0809421,0.312736,0.258819,2.11373e-06
9793,Solyc01g105500.3,dispersed,TE-like,Solyc05g051260.3,0.546123,4.36447,0.125129,8.80277e-39
9794,Solyc01g105700.3,dispersed,Unclassified,Solyc12g087893.1,0.0837248,0.749168,0.111757,1.59323e-07
9795,Solyc01g105710.3,dispersed,Unclassified,Solyc09g092690.3,0.548595,3.09867,0.177042,2.85707e-13
9796,Solyc01g105893.1,dispersed,NA,Solyc06g048965.1,0.100829,0.169318,0.595504,0.0532508
9797,Solyc01g106120.3,dispersed,Unclassified,Solyc10g051160.1,0.562714,2.31405,0.243173,0.000179171
9798,Solyc01g106410.2,dispersed,TE-like,Solyc01g088060.3,0.532328,4.73767,0.112361,1.04875e-72
9799,Solyc01g106470.3,dispersed,Unclassified,Solyc04g079540.3,0.954966,2.422,0.394288,7.36192e-09
9800,Solyc01g106550.1,dispersed,TE-like,Solyc10g054120.1,0.162873,0.188295,0.864991,0.705408
9801,Solyc01g106635.1,dispersed,Unclassified,Solyc08g045647.1,0.304876,1.66096,0.183554,2.93174e-12
9802,Solyc01g106680.3,dispersed,gbM,Solyc02g091890.2,0.901007,1.83086,0.492123,4.92327e-09
9803,Solyc01g106780.3,dispersed,gbM,Solyc09g082970.3,0.365894,4.45751,0.0820847,7.3021e-76
9804,Solyc01g106810.3,dispersed,Unclassified,Solyc04g005120.3,0.525432,3.63438,0.144573,2.26228e-15
9805,Solyc01g106970.2,dispersed,Unclassified,Solyc01g107395.1,0.179236,0.523423,0.34243,4.48328e-06
9806,Solyc01g107010.3,dispersed,TE-like,Solyc01g034155.1,0.689503,3.7533,0.183706,1.91086e-32
9807,Solyc01g107120.3,dispersed,Unclassified,Solyc10g049800.2,0.251051,1.06845,0.234967,1.74492e-19
9808,Solyc01g107270.3,dispersed,TE-like,Solyc02g076720.3,0.0719223,0.408725,0.175968,2.57778e-51
9809,Solyc01g107273.1,dispersed,Unclassified,Solyc02g076720.3,0.0972304,0.407087,0.238844,0.00368095
9810,Solyc01g107277.1,dispersed,Unclassified,Solyc02g076720.3,0.3308,1.0009,0.330503,5.33675e-05
9811,Solyc01g107360.3,dispersed,gbM,Solyc02g064800.3,0.344781,4.64848,0.0741707,8.85532e-89
9812,Solyc01g107395.1,dispersed,Unclassified,Solyc01g106970.2,0.179236,0.523423,0.34243,4.48328e-06
9813,Solyc01g107410.3,dispersed,TE-like,Solyc07g008730.2,0.736257,4.48908,0.16401,3.86376e-52
9814,Solyc01g107460.2,dispersed,TE-like,Solyc10g018120.2,0.680715,3.84395,0.177087,1.37289e-15
9815,Solyc01g107510.3,dispersed,TE-like,Solyc01g107010.3,1.04947,4.48376,0.234061,8.28883e-28
9816,Solyc01g107560.3,dispersed,Unclassified,Solyc08g016250.1,0.26378,1.50691,0.175047,5.22986e-08
9817,Solyc01g107580.3,dispersed,TE-like,Solyc07g042750.3,0.673775,4.27199,0.157719,3.03271e-32
9818,Solyc01g107880.3,dispersed,TE-like,Solyc01g020190.2,0.0651192,0.152059,0.428249,0.0273699
9819,Solyc01g108047.1,dispersed,TE-like,Solyc01g104438.1,0.219086,0.418201,0.523876,0.00732268
9820,Solyc01g108180.3,dispersed,TE-like,Solyc07g021620.1,0.357949,4.26295,0.0839675,3.86353e-52
9821,Solyc01g108250.3,dispersed,gbM,Solyc04g078940.3,0.200764,4.39139,0.0457178,5.16061e-154
9822,Solyc01g108410.2,dispersed,TE-like,Solyc01g100450.1,0.702474,4.40323,0.159536,1.35052e-40
9823,Solyc01g108440.2,dispersed,Unmethylated,Solyc01g100310.2,0.741068,3.97375,0.186491,8.02173e-21
9824,Solyc01g108640.1,dispersed,gbM,Solyc01g099030.3,0.609548,4.08544,0.1492,5.07784e-31
9825,Solyc01g108900.3,dispersed,TE-like,Solyc10g050470.2,0.211749,1.08868,0.1945,1.11631e-45
9826,Solyc01g109020.2,dispersed,Unclassified,Solyc11g021040.2,0.0178721,0.0299314,0.597103,0.450726
9827,Solyc01g109060.3,dispersed,Unclassified,Solyc05g012390.3,0.967108,4.37261,0.221174,1.57946e-24
9828,Solyc01g109110.3,dispersed,gbM,Solyc02g090160.3,0.390929,4.75137,0.0822771,2.95923e-96
9829,Solyc01g109170.3,dispersed,gbM,Solyc02g065380.3,0.236153,3.70371,0.0637611,6.04436e-37
9830,Solyc01g109240.2,dispersed,TE-like,Solyc06g064540.2,0.221653,2.66657,0.0831231,4.36781e-11
9831,Solyc01g109350.3,dispersed,TE-like,Solyc11g005030.2,0.827868,3.9158,0.211417,3.44712e-19
9832,Solyc01g109520.3,dispersed,gbM,Solyc03g120750.3,0.0519876,3.64249,0.0142726,5.86986e-65
9833,Solyc01g109600.3,dispersed,Unclassified,Solyc08g081380.3,0.864132,4.18818,0.206326,4.57541e-31
9834,Solyc01g109680.3,dispersed,Unclassified,Solyc06g065825.1,0.157839,3.0265,0.0521522,1.31983e-22
9835,Solyc01g109970.3,dispersed,TE-like,Solyc06g050510.3,0.808405,4.68249,0.172644,9.50601e-45
9836,Solyc01g110070.2,dispersed,TE-like,Solyc07g042600.2,0.0709805,0.102236,0.694284,0.196592
9837,Solyc01g110300.3,dispersed,gbM,Solyc07g032110.3,0.154819,2.05755,0.0752444,5.74275e-67
9838,Solyc01g110490.3,dispersed,gbM,Solyc06g073230.3,0.817902,3.98028,0.205489,7.21406e-27
9839,Solyc01g110520.3,dispersed,Unclassified,Solyc01g088360.3,0.175385,1.36472,0.128513,1.44274e-67
9840,Solyc01g110530.3,dispersed,Unclassified,Solyc02g062250.3,0.151999,1.44706,0.10504,2.09556e-19
9841,Solyc01g110686.1,dispersed,TE-like,Solyc02g090047.1,0.23234,0.213942,1.08599,0.715233
9842,Solyc01g110688.1,dispersed,TE-like,Solyc02g082660.3,0.394097,3.25162,0.1212,3.95932e-13
9843,Solyc01g110950.3,dispersed,Unclassified,Solyc03g025260.1,0.297654,2.0015,0.148716,8.34476e-20
9844,Solyc01g111040.3,dispersed,TE-like,Solyc01g097350.3,1.0556,2.69063,0.392324,0.000458812
9845,Solyc01g111420.3,dispersed,Unclassified,Solyc04g008790.1,0.377776,1.72625,0.218841,7.624e-14
9846,Solyc01g111430.2,dispersed,Unclassified,Solyc10g007940.1,0.75179,4.45113,0.168899,2.09265e-52
9847,Solyc01g111590.3,dispersed,Unclassified,Solyc04g082300.2,0.941686,3.98044,0.236578,8.07041e-17
9848,Solyc01g111620.3,dispersed,Unclassified,Solyc08g005980.3,0.135046,0.749777,0.180114,3.67413e-30
9849,Solyc01g111670.3,dispersed,Unmethylated,Solyc03g044590.2,0.051613,0.0959248,0.538057,0.136551
9850,Solyc01g111810.3,dispersed,gbM,Solyc04g056530.2,0.0196529,0.149529,0.131432,2.65599e-06
9851,Solyc01g111900.3,dispersed,Unmethylated,Solyc12g009110.2,0.219471,1.43717,0.152711,1.50212e-27
9852,Solyc01g111990.3,dispersed,TE-like,Solyc03g097290.3,0.735691,4.63808,0.15862,1.0019e-51
9853,Solyc01g112010.3,dispersed,Unclassified,Solyc10g008130.3,0.0428042,0.144493,0.296237,0.000494944
9854,Solyc01g112020.3,dispersed,gbM,Solyc08g068230.3,1.0524,4.17271,0.25221,1.99569e-18
9855,Solyc01g112320.3,dispersed,TE-like,Solyc09g075640.3,0.787935,4.58023,0.172029,1.14841e-50
9856,Solyc01g112370.3,dispersed,TE-like,Solyc01g086860.3,0.00826918,0.0276663,0.298889,0.231849
9857,Solyc01g113450.2,dispersed,TE-like,Solyc02g094770.2,0.318672,0.320145,0.995398,1
9858,Solyc01g113620.2,dispersed,TE-like,Solyc11g013750.2,0.407243,2.11838,0.192243,6.23362e-74
9859,Solyc02g005060.2,dispersed,TE-like,Solyc00g010750.2,0.0365544,0.0645603,0.566205,0.248145
9860,Solyc02g005070.2,dispersed,TE-like,Solyc09g015140.2,0.0830488,0.114144,0.727579,0.318369
9861,Solyc02g005180.3,dispersed,TE-like,Solyc01g098490.3,0.274991,1.51991,0.180926,1.82325e-32
9862,Solyc02g005185.1,dispersed,TE-like,Solyc07g025255.1,0.362425,0.56311,0.643613,0.0604014
9863,Solyc02g005280.1,dispersed,gbM,Solyc06g076900.3,0.568017,4.39347,0.129287,3.30532e-61
9864,Solyc02g005310.2,dispersed,TE-like,Solyc01g102670.3,0.580018,3.92607,0.147735,1.37393e-36
9865,Solyc02g005330.1,dispersed,Unclassified,Solyc08g029090.3,0.298616,0.528869,0.564631,0.0198805
9866,Solyc02g005360.2,dispersed,TE-like,Solyc10g047730.1,0.203014,0.237742,0.853928,0.623035
9867,Solyc02g005380.1,dispersed,TE-like,Solyc12g038460.1,0.160269,0.15766,1.01655,0.985129
9868,Solyc02g005510.3,dispersed,TE-like,Solyc00g024150.3,0.808313,3.61047,0.223881,1.5347e-10
9869,Solyc02g005517.1,dispersed,TE-like,Solyc02g014845.1,0.128309,0.450093,0.285072,0.000702187
9870,Solyc02g005580.1,dispersed,TE-like,Solyc00g032943.1,0.4815,0.418774,1.14979,0.289559
9871,Solyc02g005605.1,dispersed,TE-like,Solyc00g032943.1,0.347302,0.486816,0.713415,0.372271
9872,Solyc02g010610.1,dispersed,TE-like,NA,NA,NA,NA,NA
9873,Solyc02g010620.1,dispersed,TE-like,Solyc10g018990.2,0.175689,0.261299,0.672368,0.363173
9874,Solyc02g010630.1,dispersed,TE-like,Solyc11g056510.1,0.0638665,0.113387,0.56326,0.331662
9875,Solyc02g011680.3,dispersed,TE-like,Solyc12g062820.2,0.0589104,0.0966576,0.609475,0.0167875
9876,Solyc02g011690.1,dispersed,TE-like,Solyc02g014650.1,0.172715,0.108872,1.58641,0.276256
9877,Solyc02g011770.1,dispersed,TE-like,Solyc03g013600.1,0.0710325,0.115519,0.614898,0.166792
9878,Solyc02g011810.2,dispersed,TE-like,Solyc08g022170.1,0.278597,0.486891,0.572197,0.139611
9879,Solyc02g011830.1,dispersed,Unclassified,Solyc01g009550.1,0.185758,0.125586,1.47914,0.351644
9880,Solyc02g011873.1,dispersed,TE-like,Solyc01g017485.1,0.291986,1.23978,0.235514,1.58579e-06
9881,Solyc02g011900.1,dispersed,TE-like,NA,NA,NA,NA,NA
9882,Solyc02g011960.1,dispersed,TE-like,Solyc02g014820.1,0.106061,0.140953,0.752457,0.72489
9883,Solyc02g011980.1,dispersed,TE-like,Solyc07g032440.1,0.391838,0.426204,0.919368,1
9884,Solyc02g011985.1,dispersed,TE-like,Solyc05g023730.1,0.236633,0.23123,1.02336,0.999888
9885,Solyc02g011990.1,dispersed,TE-like,Solyc02g021290.1,0.164057,0.567084,0.2893,0.00614079
9886,Solyc02g012010.2,dispersed,TE-like,Solyc11g051170.2,0.191234,0.169259,1.12983,0.828951
9887,Solyc02g012020.2,dispersed,TE-like,Solyc07g021380.1,0.167829,0.464496,0.361314,0.00575991
9888,Solyc02g014090.3,dispersed,gbM,Solyc11g039960.2,0.191555,0.969864,0.197507,1.87643e-23
9889,Solyc02g014183.1,dispersed,TE-like,Solyc09g014977.1,0.277091,2.97781,0.093052,1.39526e-16
9890,Solyc02g014230.1,dispersed,TE-like,Solyc08g075630.3,0.241562,0.40421,0.597614,0.105766
9891,Solyc02g014240.2,dispersed,TE-like,Solyc08g076000.3,0.104951,0.203565,0.515564,0.0121525
9892,Solyc02g014250.2,dispersed,TE-like,Solyc08g076000.3,0.412492,0.362983,1.1364,0.518097
9893,Solyc02g014270.1,dispersed,TE-like,Solyc03g096435.1,0.340231,0.888539,0.382911,0.0570583
9894,Solyc02g014325.1,dispersed,TE-like,Solyc00g172410.2,0.11009,0.157239,0.700143,0.2549
9895,Solyc02g014330.1,dispersed,TE-like,Solyc09g042270.1,0.108995,0.101178,1.07726,0.737006
9896,Solyc02g014340.1,dispersed,TE-like,Solyc00g172410.2,0.182462,0.269571,0.676861,0.143163
9897,Solyc02g014360.3,dispersed,Unclassified,Solyc04g051480.1,0.59451,4.57271,0.130013,6.90742e-40
9898,Solyc02g014460.3,dispersed,Unclassified,Solyc09g031610.3,0.941833,4.1078,0.229279,2.01122e-29
9899,Solyc02g014470.3,dispersed,Unmethylated,Solyc02g077110.3,0.213865,2.27375,0.0940586,2.38501e-54
9900,Solyc02g014540.2,dispersed,TE-like,Solyc07g007630.3,0.16588,1.03696,0.159967,6.55592e-11
9901,Solyc02g014560.3,dispersed,TE-like,Solyc06g018050.3,0.347061,4.14571,0.0837159,4.43053e-82
9902,Solyc02g014650.1,dispersed,TE-like,Solyc02g011690.1,0.172715,0.108872,1.58641,0.276256
9903,Solyc02g014777.1,dispersed,TE-like,Solyc11g021085.1,0.125922,0.267724,0.470341,0.08556
9904,Solyc02g014790.1,dispersed,TE-like,Solyc10g018990.2,0.0745362,0.128741,0.578963,0.212118
9905,Solyc02g014800.2,dispersed,TE-like,Solyc11g021070.2,0.0819303,0.0947837,0.864392,0.990945
9906,Solyc02g014820.1,dispersed,TE-like,Solyc09g031810.2,0.0821708,0.0531111,1.54715,0.608555
9907,Solyc02g014843.1,dispersed,TE-like,Solyc02g005517.1,0.232016,0.303459,0.764573,0.475427
9908,Solyc02g014845.1,dispersed,TE-like,Solyc02g005517.1,0.128309,0.450093,0.285072,0.000702187
9909,Solyc02g014847.1,dispersed,TE-like,Solyc08g044375.1,0.105537,0.0617021,1.71043,0.0809561
9910,Solyc02g014860.3,dispersed,Unclassified,Solyc07g055260.3,0.73874,3.83296,0.192734,1.39291e-29
9911,Solyc02g014873.1,dispersed,TE-like,Solyc06g048897.1,0.0707893,0.0741148,0.955131,0.998703
9912,Solyc02g014877.1,dispersed,TE-like,Solyc07g004997.1,0.224539,0.39019,0.575461,0.0326467
9913,Solyc02g020960.2,dispersed,TE-like,Solyc10g017890.1,0.192516,0.256727,0.749886,0.159187
9914,Solyc02g021020.3,dispersed,TE-like,Solyc03g118280.1,0.79677,4.65004,0.171347,1.13599e-49
9915,Solyc02g021260.2,dispersed,gbM,Solyc07g054630.3,0.823877,4.33135,0.190212,8.80458e-50
9916,Solyc02g021270.3,dispersed,TE-like,Solyc09g007200.3,0.865601,4.49725,0.192473,6.30744e-40
9917,Solyc02g021290.1,dispersed,TE-like,Solyc02g011990.1,0.164057,0.567084,0.2893,0.00614079
9918,Solyc02g021360.3,dispersed,TE-like,Solyc09g010620.1,0.743411,3.31145,0.224497,3.35184e-21
9919,Solyc02g021364.1,dispersed,TE-like,Solyc05g045780.1,0.193211,0.214893,0.899106,0.789558
9920,Solyc02g021366.1,dispersed,TE-like,Solyc09g015850.3,0.28652,0.413648,0.692666,0.143936
9921,Solyc02g021368.1,dispersed,TE-like,Solyc11g056400.2,0.193493,0.195248,0.991011,1
9922,Solyc02g021380.1,dispersed,TE-like,Solyc09g055810.1,0.17357,0.176709,0.982239,0.999995
9923,Solyc02g021400.2,dispersed,TE-like,Solyc10g078630.2,NA,0.203523,-1.09101e-14,NA
9924,Solyc02g021440.3,dispersed,gbM,Solyc12g009570.2,0.290415,4.16003,0.0698108,8.18135e-86
9925,Solyc02g021450.2,dispersed,TE-like,Solyc08g023270.3,0.199681,2.18714,0.0912974,2.49611e-23
9926,Solyc02g021480.3,dispersed,TE-like,Solyc10g007740.3,0.262438,6.68138,0.039279,3.01628e-82
9927,Solyc02g021525.1,dispersed,TE-like,Solyc06g018003.1,0.0657499,0.0614642,1.06973,0.999662
9928,Solyc02g021560.3,dispersed,Unclassified,Solyc12g014210.2,0.439856,4.27618,0.102862,3.29183e-50
9929,Solyc02g021600.1,dispersed,TE-like,Solyc10g080610.1,0.909689,3.8931,0.233667,3.35879e-31
9930,Solyc02g021770.1,dispersed,TE-like,Solyc07g019510.3,0.0783269,0.102927,0.760993,0.460423
9931,Solyc02g022870.3,dispersed,TE-like,Solyc07g041330.2,0.0776548,0.154808,0.501621,7.38235e-05
9932,Solyc02g022880.1,dispersed,TE-like,Solyc03g061610.1,0.475067,2.66688,0.178136,0.00518406
9933,Solyc02g022930.3,dispersed,TE-like,Solyc03g121720.2,0.756643,3.90822,0.193603,2.64663e-13
9934,Solyc02g023980.3,dispersed,TE-like,Solyc07g044750.3,0.245365,4.10561,0.0597633,6.93378e-65
9935,Solyc02g024040.1,dispersed,Unclassified,Solyc02g030430.1,0.137169,0.0342105,4.00956,0.0838361
9936,Solyc02g024053.1,dispersed,TE-like,Solyc09g059914.1,0.355264,2.86456,0.12402,0
9937,Solyc02g024075.1,dispersed,TE-like,Solyc07g017823.1,0.13266,0.220843,0.600698,0.115944
9938,Solyc02g026080.2,dispersed,TE-like,Solyc06g074160.2,0.666049,3.5942,0.185312,1.82233e-25
9939,Solyc02g026085.1,dispersed,TE-like,Solyc09g058973.1,0.267286,0.44874,0.595637,0.15268
9940,Solyc02g027080.2,dispersed,TE-like,Solyc12g009450.2,0.396055,1.20682,0.32818,8.35027e-18
9941,Solyc02g030080.3,dispersed,TE-like,Solyc03g116380.3,0.836846,4.46952,0.187234,1.65361e-25
9942,Solyc02g030137.1,dispersed,TE-like,Solyc10g051273.1,0.0408188,0.0487123,0.837957,0.505598
9943,Solyc02g030170.3,dispersed,Unclassified,Solyc02g069490.3,0.121388,1.11163,0.109199,1.58235e-58
9944,Solyc02g030185.1,dispersed,TE-like,Solyc04g026278.1,0.121251,0.265325,0.456992,0.0117731
9945,Solyc02g030220.1,dispersed,TE-like,Solyc01g005880.1,0.124645,0.318688,0.39112,9.17732e-08
9946,Solyc02g030270.1,dispersed,TE-like,Solyc10g085460.2,0.677179,1.82605,0.370844,5.79061e-07
9947,Solyc02g030280.1,dispersed,TE-like,Solyc10g085460.2,0.479026,1.71258,0.27971,2.89236e-17
9948,Solyc02g030290.1,dispersed,TE-like,Solyc10g085460.2,0.485035,2.16922,0.223599,7.58833e-21
9949,Solyc02g030370.1,dispersed,TE-like,Solyc01g056915.1,0.798075,3.54922,0.224859,2.2679e-09
9950,Solyc02g030430.1,dispersed,TE-like,Solyc02g024040.1,0.137169,0.0342105,4.00956,0.0838361
9951,Solyc02g030470.1,dispersed,TE-like,Solyc05g026520.1,0.050824,0.0478366,1.06245,0.85192
9952,Solyc02g031700.2,dispersed,TE-like,Solyc04g051785.1,0.304121,0.424506,0.716413,0.164906
9953,Solyc02g031800.1,dispersed,TE-like,Solyc10g047490.1,0.0614972,0.0375344,1.63842,0.711233
9954,Solyc02g031810.1,dispersed,TE-like,Solyc10g047490.1,0.194004,0.157743,1.22987,0.585635
9955,Solyc02g031830.1,dispersed,Unmethylated,Solyc01g080910.2,0.215114,4.05217,0.0530862,2.55417e-55
9956,Solyc02g032000.1,dispersed,TE-like,Solyc09g061950.1,0.158085,0.473882,0.333596,0.00157807
9957,Solyc02g032100.3,dispersed,Unmethylated,Solyc07g043200.2,0.216793,3.999,0.0542117,1.26328e-55
9958,Solyc02g032105.1,dispersed,TE-like,Solyc07g041362.1,0.503622,1.0758,0.468139,1.4664e-05
9959,Solyc02g032120.3,dispersed,TE-like,Solyc02g081620.3,0.12202,0.553973,0.220263,8.94403e-18
9960,Solyc02g032240.1,dispersed,TE-like,Solyc02g032650.3,0.107413,0.232706,0.461582,0.00791485
9961,Solyc02g032250.1,dispersed,TE-like,Solyc02g032650.3,0.0598737,0.321377,0.186303,0.00188252
9962,Solyc02g032300.3,dispersed,gbM,Solyc02g081650.3,0.111283,0.6927,0.160651,3.11185e-32
9963,Solyc02g032525.1,dispersed,TE-like,Solyc00g212265.1,0.101233,0.195526,0.517751,0.0346397
9964,Solyc02g032590.1,dispersed,TE-like,Solyc03g051627.1,0.265364,0.341564,0.776909,0.438482
9965,Solyc02g032600.1,dispersed,TE-like,Solyc03g006230.1,0.104393,0.38829,0.268854,4.58551e-11
9966,Solyc02g032630.1,dispersed,TE-like,Solyc08g067650.1,0.131184,0.140933,0.930822,0.843149
9967,Solyc02g032650.3,dispersed,TE-like,Solyc02g032230.1,0.168458,0.267524,0.629692,0.0484403
9968,Solyc02g032670.1,dispersed,TE-like,Solyc02g066890.1,0.0715354,0.0776866,0.92082,0.722889
9969,Solyc02g032720.2,dispersed,TE-like,Solyc02g066900.2,0.0938259,0.190709,0.491985,0.005773
9970,Solyc02g032810.1,dispersed,TE-like,Solyc09g091410.1,0.181603,0.326792,0.555714,0.207437
9971,Solyc02g032825.1,dispersed,Unclassified,Solyc01g086953.1,0.704149,2.06655,0.340736,5.57121e-06
9972,Solyc02g032873.1,dispersed,TE-like,Solyc12g040814.1,0.0756775,0.125013,0.605355,0.348051
9973,Solyc02g032877.1,dispersed,TE-like,Solyc05g026090.1,0.272856,0.460949,0.591944,0.091849
9974,Solyc02g033000.1,dispersed,TE-like,Solyc00g084650.2,0.292007,1.44448,0.202154,1.38088e-10
9975,Solyc02g033020.1,dispersed,TE-like,Solyc02g030600.1,0.372917,0.543135,0.6866,0.170342
9976,Solyc02g033040.2,dispersed,Unclassified,Solyc09g091710.2,0.332743,1.26203,0.263657,1.43047e-08
9977,Solyc02g033050.2,dispersed,TE-like,Solyc08g061410.2,0.0811524,0.14127,0.574448,0.00923803
9978,Solyc02g033060.3,dispersed,TE-like,Solyc05g055550.3,0.0105586,0.0621778,0.169812,0.00151983
9979,Solyc02g033080.2,dispersed,TE-like,Solyc05g055580.2,0.0398992,0.0803902,0.496319,0.34227
9980,Solyc02g036380.3,dispersed,TE-like,Solyc06g043140.3,0.0181524,0.0250751,0.723921,0.590417
9981,Solyc02g036480.1,dispersed,TE-like,Solyc01g009160.2,0.73175,2.75734,0.265382,6.01469e-11
9982,Solyc02g037540.2,dispersed,TE-like,Solyc10g076440.1,0.42966,2.71945,0.157996,1.10871e-80
9983,Solyc02g037595.1,dispersed,TE-like,Solyc08g062250.2,0.221902,0.606066,0.366134,9.53061e-06
9984,Solyc02g037640.2,dispersed,TE-like,Solyc03g044840.1,0.251094,3.47529,0.0722512,3.83859e-52
9985,Solyc02g038640.2,dispersed,TE-like,Solyc03g082725.1,0.347831,0.417798,0.832536,0.512265
9986,Solyc02g038750.3,dispersed,TE-like,Solyc03g059100.2,0.881493,3.79841,0.232069,3.70959e-13
9987,Solyc02g043810.3,dispersed,Unclassified,Solyc04g007860.3,0.291198,2.46557,0.118106,2.40345e-59
9988,Solyc02g043815.1,dispersed,TE-like,Solyc09g037133.1,0.225485,0.392675,0.574228,0.0096693
9989,Solyc02g043870.2,dispersed,TE-like,Solyc09g056260.3,0.0890726,0.119914,0.742803,0.380641
9990,Solyc02g043967.1,dispersed,TE-like,NA,NA,NA,NA,NA
9991,Solyc02g044000.2,dispersed,TE-like,Solyc00g172410.2,0.160023,0.334741,0.47805,6.17332e-05
9992,Solyc02g044003.1,dispersed,TE-like,Solyc11g021365.1,0.240557,0.65018,0.369986,0.000701599
9993,Solyc02g044010.2,dispersed,TE-like,Solyc10g054160.1,0.369762,3.39199,0.10901,2.62676e-30
9994,Solyc02g044040.2,dispersed,TE-like,Solyc03g097910.3,0.186536,0.367746,0.507241,0.0116942
9995,Solyc02g049103.1,dispersed,TE-like,Solyc00g032943.1,0.308093,0.222698,1.38346,0.11365
9996,Solyc02g049106.1,dispersed,TE-like,Solyc00g012704.1,0.322308,0.293377,1.09861,0.573907
9997,Solyc02g050190.1,dispersed,TE-like,Solyc03g065300.1,0.357131,1.95961,0.182246,6.55852e-08
9998,Solyc02g050247.1,dispersed,TE-like,Solyc06g008715.1,0.0898018,0.0322303,2.78626,0.16578
9999,Solyc02g050270.2,dispersed,TE-like,Solyc03g044840.1,0.0597803,0.11573,0.51655,0.176485
10000,Solyc02g050283.1,dispersed,TE-like,Solyc01g017760.1,0.621931,3.4885,0.17828,5.56765e-15
10001,Solyc02g050290.1,dispersed,TE-like,Solyc11g063620.1,0.121119,0.132132,0.916655,0.996988
10002,Solyc02g050300.1,dispersed,TE-like,Solyc03g006380.3,0.331387,0.731987,0.452722,0.00696026
10003,Solyc02g050335.1,dispersed,TE-like,Solyc05g025825.1,0.406974,2.03357,0.200128,3.37949e-13
10004,Solyc02g055370.3,dispersed,Unclassified,Solyc08g006240.2,0.224247,1.35147,0.165928,1.23518e-08
10005,Solyc02g055390.2,dispersed,TE-like,Solyc01g094000.3,0.185056,0.584262,0.316734,2.7182e-06
10006,Solyc02g055505.1,dispersed,TE-like,Solyc03g119950.1,0.175546,0.30138,0.582475,0.123132
10007,Solyc02g055510.1,dispersed,TE-like,Solyc08g028820.1,0.215713,3.39256,0.0635841,2.82179e-27
10008,Solyc02g055535.1,dispersed,TE-like,Solyc01g058363.1,0.141148,0.338441,0.417054,0.000194605
10009,Solyc02g061620.2,dispersed,NA,Solyc01g081220.2,0.0196376,0.0235354,0.834383,0.637616
10010,Solyc02g061800.2,dispersed,Unclassified,Solyc12g049430.1,0.0658973,0.24211,0.272179,2.10586e-08
10011,Solyc02g061860.1,dispersed,TE-like,Solyc08g062540.1,0.403741,0.811371,0.497604,0.035005
10012,Solyc02g061920.2,dispersed,TE-like,Solyc01g010200.3,1.00258,3.47188,0.288772,4.71812e-15
10013,Solyc02g061940.3,dispersed,gbM,Solyc08g062420.3,0.684653,3.91732,0.174776,5.90182e-16
10014,Solyc02g062030.1,dispersed,TE-like,Solyc06g066230.3,0.270076,2.80579,0.0962564,6.13652e-60
10015,Solyc02g062060.1,dispersed,Unclassified,Solyc02g062210.2,0.421138,0.563211,0.747744,0.221626
10016,Solyc02g062210.2,dispersed,Unclassified,Solyc02g062060.1,0.421138,0.563211,0.747744,0.221626
10017,Solyc02g062220.2,dispersed,TE-like,Solyc08g062420.3,0.696554,3.67916,0.189324,1.29979e-30
10018,Solyc02g062250.3,dispersed,Unclassified,Solyc01g110530.3,0.151999,1.44706,0.10504,2.09556e-19
10019,Solyc02g062355.1,dispersed,Unmethylated,Solyc01g104810.2,0.196365,0.33361,0.588606,0.0797774
10020,Solyc02g062420.3,dispersed,gbM,Solyc08g065320.3,0.457374,4.32651,0.105714,8.74014e-20
10021,Solyc02g062430.3,dispersed,gbM,Solyc11g045390.2,0.836565,4.34321,0.192614,1.18732e-32
10022,Solyc02g062540.3,dispersed,gbM,Solyc11g012730.2,0.50403,3.41109,0.147762,5.98332e-20
10023,Solyc02g062740.3,dispersed,TE-like,Solyc05g053260.3,0.635015,4.20599,0.150979,6.75612e-52
10024,Solyc02g062917.1,dispersed,TE-like,Solyc01g081240.3,0.282616,0.541161,0.52224,0.0435602
10025,Solyc02g063050.3,dispersed,TE-like,Solyc10g039430.2,0.651059,4.05964,0.160374,3.9706e-36
10026,Solyc02g063075.1,dispersed,TE-like,Solyc04g074940.3,0.0308152,0.268862,0.114614,1.00099e-07
10027,Solyc02g063210.1,dispersed,gbM,Solyc02g072470.3,0.603597,4.46174,0.135283,4.18948e-55
10028,Solyc02g063255.1,dispersed,TE-like,Solyc01g056655.1,0.47628,0.528213,0.901681,0.788427
10029,Solyc02g063500.1,dispersed,Unmethylated,Solyc01g010300.1,0.137407,0.414028,0.331878,0.00216999
10030,Solyc02g063510.1,dispersed,Unmethylated,Solyc02g090870.1,0.603333,3.98275,0.151486,1.76396e-33
10031,Solyc02g064550.3,dispersed,TE-like,Solyc09g007190.3,0.828717,4.54408,0.182373,3.27858e-09
10032,Solyc02g064580.3,dispersed,TE-like,Solyc01g057090.3,0.618833,4.29946,0.143933,2.80617e-32
10033,Solyc02g064730.3,dispersed,Unmethylated,Solyc04g078070.3,0.0715241,1.43403,0.0498762,4.78936e-17
10034,Solyc02g064800.3,dispersed,gbM,Solyc01g107360.3,0.344781,4.64848,0.0741707,8.85532e-89
10035,Solyc02g065055.1,dispersed,Unclassified,Solyc04g009010.2,0.362715,1.44544,0.250937,4.32963e-05
10036,Solyc02g065080.3,dispersed,TE-like,Solyc06g074510.3,0.912778,3.84965,0.237107,2.1576e-17
10037,Solyc02g065380.3,dispersed,Unclassified,Solyc01g109170.3,0.236153,3.70371,0.0637611,6.04436e-37
10038,Solyc02g065410.2,dispersed,Unclassified,Solyc02g081900.3,0.546995,4.53101,0.120723,2.63919e-78
10039,Solyc02g065440.2,dispersed,Unmethylated,Solyc11g064780.2,0.300637,0.625238,0.480835,0.905655
10040,Solyc02g065460.2,dispersed,Unclassified,Solyc11g064780.2,0.270208,0.460635,0.586599,0.00399432
10041,Solyc02g065590.3,dispersed,Unclassified,Solyc05g010050.3,0.234046,3.53855,0.0661417,1.40823e-39
10042,Solyc02g065620.3,dispersed,gbM,Solyc06g009680.3,0.972221,4.24019,0.229287,9.01667e-37
10043,Solyc02g065630.3,dispersed,TE-like,Solyc03g121500.3,0.627305,3.91952,0.160046,1.77394e-16
10044,Solyc02g065660.3,dispersed,TE-like,Solyc05g010590.3,0.606345,1.41576,0.428284,1.41623e-18
10045,Solyc02g066980.1,dispersed,Unclassified,Solyc02g067100.3,0.173718,0.357783,0.48554,2.8278e-06
10046,Solyc02g067005.1,dispersed,Unclassified,Solyc02g067105.1,0.464104,0.697729,0.665164,0.200408
10047,Solyc02g067050.3,dispersed,Unmethylated,Solyc11g030710.2,0.472208,3.86036,0.122322,5.3361e-31
10048,Solyc02g067090.3,dispersed,TE-like,Solyc05g013740.3,0.224775,0.92736,0.242382,4.47563e-13
10049,Solyc02g067095.1,dispersed,gbM,Solyc05g013740.3,0.373136,1.30409,0.286127,1.35957e-09
10050,Solyc02g067105.1,dispersed,Unclassified,Solyc03g116245.1,0.278117,0.261781,1.0624,0.999999
10051,Solyc02g067110.2,dispersed,Unmethylated,NA,NA,NA,NA,NA
10052,Solyc02g067130.1,dispersed,TE-like,Solyc06g035480.3,0.033796,0.0430367,0.785283,0.402189
10053,Solyc02g067480.3,dispersed,TE-like,Solyc00g017860.1,0.441798,2.94626,0.149952,9.2761e-17
10054,Solyc02g067540.3,dispersed,gbM,Solyc01g057070.2,0.23914,0.649469,0.368208,0.00107596
10055,Solyc02g067590.1,dispersed,TE-like,Solyc10g017920.1,0.0952399,0.095598,0.996254,0.990664
10056,Solyc02g067620.2,dispersed,TE-like,Solyc07g007060.2,0.825831,4.11978,0.200455,1.4074e-19
10057,Solyc02g067690.3,dispersed,Unclassified,Solyc05g010710.2,0.7274,2.60698,0.279021,1.56778e-17
10058,Solyc02g067790.3,dispersed,Unclassified,Solyc11g069750.2,0.439265,4.4124,0.0995524,2.0865e-65
10059,Solyc02g067940.2,dispersed,TE-like,Solyc02g093710.1,0.282399,1.11472,0.253335,4.28898e-06
10060,Solyc02g067960.2,dispersed,Unclassified,Solyc04g072550.2,1.02353,2.94891,0.347088,9.98878e-09
10061,Solyc02g068010.3,dispersed,Unmethylated,Solyc05g014550.1,0.424427,3.61582,0.117381,1.92889e-23
10062,Solyc02g068090.3,dispersed,Unclassified,Solyc03g110930.3,0.430038,3.53338,0.121707,3.7236e-23
10063,Solyc02g068190.1,dispersed,TE-like,Solyc02g081290.3,0.090551,0.451822,0.200413,2.80165e-32
10064,Solyc02g068420.3,dispersed,TE-like,Solyc06g050820.2,0.106746,0.750321,0.142267,8.66473e-06
10065,Solyc02g068540.2,dispersed,TE-like,Solyc07g008590.1,0.650032,4.28185,0.151811,9.61506e-69
10066,Solyc02g068550.2,dispersed,TE-like,Solyc08g060840.1,0.373254,4.56594,0.0817474,1.02036e-77
10067,Solyc02g068560.3,dispersed,TE-like,Solyc08g029130.3,0.686382,4.9731,0.138019,1.50659e-133
10068,Solyc02g068630.1,dispersed,gbM,Solyc01g094850.2,0.616462,4.31608,0.142829,4.7275e-43
10069,Solyc02g068680.1,dispersed,TE-like,Solyc08g014370.1,0.631503,4.0996,0.15404,8.48735e-67
10070,Solyc02g068690.3,dispersed,Unclassified,Solyc11g013840.2,0.557951,3.76236,0.148298,2.96713e-31
10071,Solyc02g068700.3,dispersed,gbM,Solyc10g081310.2,0.27712,3.41805,0.0810755,8.92469e-37
10072,Solyc02g068750.1,dispersed,TE-like,Solyc05g050940.3,0.912421,4.01824,0.22707,3.75061e-11
10073,Solyc02g068890.3,dispersed,gbM,Solyc10g081880.2,0.734297,4.40406,0.166732,7.34825e-39
10074,Solyc02g068900.3,dispersed,gbM,Solyc06g083770.3,0.606378,3.99778,0.151679,3.50647e-45
10075,Solyc02g068910.3,dispersed,TE-like,Solyc07g066440.3,0.192732,4.47041,0.0431129,6.42277e-126
10076,Solyc02g068920.3,dispersed,TE-like,Solyc11g008550.2,0.401288,4.19281,0.0957085,3.19861e-64
10077,Solyc02g069000.1,dispersed,TE-like,Solyc01g058130.1,0.189437,0.77166,0.245493,5.58286e-07
10078,Solyc02g069040.3,dispersed,TE-like,Solyc12g094650.2,0.814899,4.50637,0.180833,2.53113e-22
10079,Solyc02g069160.3,dispersed,gbM,Solyc09g065080.2,0.126778,0.317871,0.398835,0.0001121
10080,Solyc02g069170.2,dispersed,Unclassified,Solyc09g008150.2,0.744387,3.89727,0.191002,5.42216e-31
10081,Solyc02g069207.1,dispersed,Unclassified,Solyc12g014000.2,0.839257,4.21097,0.199302,9.23821e-24
10082,Solyc02g069320.1,dispersed,TE-like,Solyc01g090500.3,0.775724,4.27609,0.18141,1.20206e-34
10083,Solyc02g069330.1,dispersed,TE-like,Solyc09g082610.1,0.610253,1.80625,0.337856,1.35184e-06
10084,Solyc02g069440.3,dispersed,NA,Solyc11g045530.2,0.197421,3.37982,0.0584117,1.07092e-35
10085,Solyc02g069455.1,dispersed,Unclassified,Solyc08g069200.2,0.0551377,0.103724,0.531579,0.146545
10086,Solyc02g069480.2,dispersed,TE-like,Solyc10g047570.2,0.476968,3.99971,0.119251,2.59732e-27
10087,Solyc02g069490.3,dispersed,gbM,Solyc02g030170.3,0.121388,1.11163,0.109199,1.58235e-58
10088,Solyc02g069600.3,dispersed,Unclassified,Solyc05g021390.3,0.435234,4.25788,0.102218,1.4825e-52
10089,Solyc02g069610.3,dispersed,Unclassified,Solyc09g098500.3,0.390383,1.9221,0.203102,4.13017e-11
10090,Solyc02g069690.1,dispersed,gbM,Solyc09g072660.3,0.200299,3.02414,0.0662334,2.28791e-83
10091,Solyc02g069740.3,dispersed,gbM,Solyc04g009990.3,0.413984,4.74294,0.0872843,9.7655e-136
10092,Solyc02g069750.2,dispersed,TE-like,Solyc05g007470.3,0.176323,1.39519,0.12638,1.0258e-52
10093,Solyc02g069770.3,dispersed,TE-like,Solyc06g069010.3,0.987726,4.00471,0.246641,2.84137e-16
10094,Solyc02g069810.2,dispersed,TE-like,Solyc11g012810.2,0.588914,4.31458,0.136494,1.17088e-33
10095,Solyc02g069840.3,dispersed,Unclassified,Solyc09g055460.2,0.389113,0.810495,0.480093,0.021724
10096,Solyc02g069850.3,dispersed,Unclassified,Solyc10g052660.3,0.0368097,1.45765,0.0252527,7.06217e-18
10097,Solyc02g070010.1,dispersed,Unclassified,Solyc00g084750.3,0.0165677,NA,NA,0.225691
10098,Solyc02g070070.1,dispersed,TE-like,Solyc10g054540.1,0.0376566,0.0127333,2.95733,0.418355
10099,Solyc02g070140.1,dispersed,TE-like,Solyc08g068380.3,0.447387,1.0043,0.44547,0.00429369
10100,Solyc02g070250.3,dispersed,TE-like,Solyc12g033130.2,0.37043,3.69973,0.100124,4.65556e-37
10101,Solyc02g070310.3,dispersed,gbM,Solyc08g006900.3,0.0268011,0.957653,0.0279862,3.1202e-26
10102,Solyc02g070393.1,dispersed,TE-like,Solyc08g005440.3,0.599735,4.29442,0.139655,3.59268e-38
10103,Solyc02g070410.2,dispersed,gbM,Solyc05g007170.3,0.623476,2.20705,0.282492,2.37684e-31
10104,Solyc02g070440.3,dispersed,TE-like,Solyc06g066810.3,0.547336,4.13606,0.132333,9.60072e-60
10105,Solyc02g070580.1,dispersed,Unmethylated,Solyc08g007050.2,0.880898,4.2699,0.206304,4.45379e-23
10106,Solyc02g070660.3,dispersed,Unclassified,Solyc07g056230.3,0.506051,3.82912,0.132159,1.30416e-19
10107,Solyc02g071210.3,dispersed,gbM,NA,NA,NA,NA,NA
10108,Solyc02g071240.3,dispersed,TE-like,Solyc09g064590.3,0.638861,4.54666,0.140512,2.83991e-51
10109,Solyc02g071300.1,dispersed,gbM,Solyc03g119120.3,0.52091,4.49572,0.115868,4.78673e-76
10110,Solyc02g071330.3,dispersed,TE-like,Solyc07g032110.3,0.314097,4.14571,0.0757644,6.2334e-49
10111,Solyc02g071470.3,dispersed,Unclassified,Solyc01g087565.1,0.280862,0.2976,0.943757,0.869727
10112,Solyc02g071530.2,dispersed,gbM,Solyc03g119070.2,0.608797,4.28574,0.142052,1.47418e-61
10113,Solyc02g071570.3,dispersed,gbM,Solyc03g007600.3,0.561527,3.76736,0.149051,2.91647e-25
10114,Solyc02g071730.3,dispersed,gbM,Solyc07g055920.3,0.225835,3.83282,0.0589214,2.36809e-44
10115,Solyc02g071830.2,dispersed,TE-like,Solyc01g088323.1,0.194346,0.535314,0.36305,0.0223991
10116,Solyc02g071980.3,dispersed,TE-like,Solyc07g017500.3,0.419836,4.28784,0.0979131,2.95187e-56
10117,Solyc02g072010.2,dispersed,Unmethylated,Solyc08g077320.2,0.60841,3.74224,0.162579,4.88959e-21
10118,Solyc02g072020.2,dispersed,gbM,Solyc01g100790.1,0.403641,3.80521,0.106076,8.45009e-35
10119,Solyc02g072090.2,dispersed,TE-like,Solyc01g102810.3,0.788816,4.92634,0.160122,4.63689e-71
10120,Solyc02g072130.3,dispersed,gbM,Solyc10g007390.3,0.0550053,2.35404,0.0233664,6.86194e-137
10121,Solyc02g072520.3,dispersed,Unmethylated,Solyc07g005540.1,0.579845,4.5442,0.127601,7.7603e-57
10122,Solyc02g073574.1,dispersed,TE-like,Solyc12g099060.1,0.79238,3.39287,0.233543,5.07783e-06
10123,Solyc02g073576.1,dispersed,Unclassified,Solyc02g084455.1,0.0694288,0.0700054,0.991764,0.849265
10124,Solyc02g074610.2,dispersed,TE-like,Solyc01g110070.2,0.0859619,0.242921,0.353867,0.00111071
10125,Solyc02g075610.3,dispersed,gbM,Solyc08g081410.3,0.197618,0.335812,0.588478,0.00319869
10126,Solyc02g075620.3,dispersed,Unclassified,Solyc12g008530.2,0.276952,4.01866,0.0689165,1.73073e-56
10127,Solyc02g076700.1,dispersed,gbM,Solyc12g011400.2,0.608635,4.44018,0.137074,1.14412e-56
10128,Solyc02g076720.3,dispersed,TE-like,Solyc01g107277.1,0.3308,1.0009,0.330503,5.33675e-05
10129,Solyc02g076760.3,dispersed,gbM,Solyc06g051410.3,0.0653162,0.275561,0.23703,3.32923e-08
10130,Solyc02g076840.3,dispersed,TE-like,Solyc09g014980.3,0.785539,4.94037,0.159004,2.94349e-83
10131,Solyc02g076900.3,dispersed,TE-like,Solyc12g021190.2,0.282467,3.25167,0.0868682,1.45678e-29
10132,Solyc02g077240.3,dispersed,gbM,Solyc10g076510.2,0.133269,4.50495,0.0295828,8.71561e-175
10133,Solyc02g077280.3,dispersed,TE-like,Solyc02g081660.3,1.00813,4.20598,0.23969,8.48144e-15
10134,Solyc02g077620.1,dispersed,TE-like,Solyc11g067320.1,0.394556,3.83979,0.102755,6.81512e-58
10135,Solyc02g077680.3,dispersed,TE-like,Solyc09g031970.3,0.427488,4.64296,0.0920723,6.18156e-140
10136,Solyc02g077860.1,dispersed,TE-like,Solyc12g062420.2,0.375777,1.04159,0.360771,0.00424116
10137,Solyc02g077990.3,dispersed,Unmethylated,Solyc11g008710.2,0.894957,3.94745,0.226718,3.02095e-10
10138,Solyc02g078020.3,dispersed,gbM,Solyc10g080740.2,0.834976,4.71896,0.176941,1.71783e-59
10139,Solyc02g078190.3,dispersed,TE-like,Solyc05g056020.3,0.360984,3.19208,0.113087,3.57969e-19
10140,Solyc02g078200.3,dispersed,Unclassified,Solyc00g026875.1,0.526219,3.22677,0.163079,8.45575e-19
10141,Solyc02g078220.1,dispersed,Unclassified,Solyc03g119920.1,0.864885,4.71214,0.183544,1.3157e-59
10142,Solyc02g078240.3,dispersed,Unclassified,Solyc06g074510.3,0.541485,3.32632,0.162788,1.23531e-11
10143,Solyc02g078420.2,dispersed,TE-like,Solyc09g031820.1,0.0998372,0.164316,0.607593,0.254815
10144,Solyc02g078550.3,dispersed,gbM,Solyc09g014440.3,0.422959,4.67956,0.0903844,1.87455e-110
10145,Solyc02g078690.2,dispersed,TE-like,Solyc12g099160.2,0.42476,4.17684,0.101694,7.87496e-67
10146,Solyc02g078710.1,dispersed,TE-like,Solyc07g054570.1,0.360569,4.00373,0.0900582,9.98205e-47
10147,Solyc02g078800.3,dispersed,TE-like,Solyc04g008720.3,0.272046,3.9179,0.0694368,1.15524e-58
10148,Solyc02g078805.1,dispersed,TE-like,Solyc02g021360.3,0.867155,4.49643,0.192854,2.99986e-25
10149,Solyc02g078880.3,dispersed,gbM,Solyc07g064520.3,0.659367,3.89929,0.169099,3.92753e-31
10150,Solyc02g078970.3,dispersed,Unclassified,Solyc04g009360.3,0.914611,4.14407,0.220703,1.03646e-24
10151,Solyc02g078990.3,dispersed,TE-like,Solyc07g066580.3,0.0927238,0.775914,0.119503,6.92154e-28
10152,Solyc02g079100.3,dispersed,gbM,Solyc07g053270.3,0.518806,4.11514,0.126072,1.48033e-26
10153,Solyc02g079190.3,dispersed,TE-like,Solyc09g074520.3,0.36458,4.42289,0.0824304,1.92483e-104
10154,Solyc02g079200.1,dispersed,Unclassified,Solyc03g097740.1,0.735883,4.41731,0.166591,1.2666e-26
10155,Solyc02g079255.1,dispersed,TE-like,Solyc06g043032.1,0.532032,0.983428,0.540997,0.0160773
10156,Solyc02g079380.2,dispersed,Unclassified,Solyc09g059580.2,0.553481,4.51559,0.122571,8.9494e-69
10157,Solyc02g079490.3,dispersed,gbM,Solyc07g014580.3,0.200665,1.80385,0.111243,1.12482e-40
10158,Solyc02g079730.3,dispersed,gbM,Solyc04g071420.3,0.592331,3.86859,0.153113,1.13119e-32
10159,Solyc02g080350.1,dispersed,Unclassified,Solyc09g009790.3,0.56598,4.15413,0.136245,1.37326e-48
10160,Solyc02g080380.3,dispersed,TE-like,Solyc05g026310.3,0.641927,2.32454,0.276153,2.73104e-11
10161,Solyc02g080520.3,dispersed,gbM,Solyc07g064580.3,0.60227,4.39058,0.137173,1.66142e-41
10162,Solyc02g080540.1,dispersed,Unclassified,Solyc12g005060.1,0.210705,4.02179,0.052391,3.29217e-79
10163,Solyc02g080635.1,dispersed,TE-like,Solyc01g011480.1,0.214165,0.195305,1.09656,0.851555
10164,Solyc02g080990.2,dispersed,TE-like,Solyc01g080810.3,0.79864,4.59402,0.173844,7.27956e-52
10165,Solyc02g081081.1,dispersed,TE-like,Solyc11g045677.1,0.232574,0.684873,0.339586,0.000476471
10166,Solyc02g081290.3,dispersed,Unclassified,Solyc02g068190.1,0.090551,0.451822,0.200413,2.80165e-32
10167,Solyc02g081460.3,dispersed,TE-like,Solyc09g009140.3,0.899611,4.52807,0.198674,5.65459e-26
10168,Solyc02g081505.1,dispersed,Unmethylated,Solyc11g007410.2,0.28099,0.41374,0.679147,0.130952
10169,Solyc02g081530.1,dispersed,Unclassified,Solyc06g063270.3,0.649059,4.15987,0.156029,5.74934e-23
10170,Solyc02g081560.1,dispersed,Unmethylated,Solyc07g008430.2,0.378151,2.84098,0.133106,1.01999e-11
10171,Solyc02g081590.3,dispersed,gbM,Solyc10g006770.3,0.961952,4.52987,0.212358,1.19682e-35
10172,Solyc02g081600.3,dispersed,Unclassified,Solyc07g043200.2,0.308498,3.98793,0.0773578,1.68575e-56
10173,Solyc02g081620.3,dispersed,TE-like,Solyc12g077440.1,0.459047,0.644521,0.712229,0.186768
10174,Solyc02g081650.3,dispersed,TE-like,Solyc02g032300.3,0.111283,0.6927,0.160651,3.11185e-32
10175,Solyc02g081660.3,dispersed,TE-like,Solyc02g077280.3,1.00813,4.20598,0.23969,8.48144e-15
10176,Solyc02g081680.3,dispersed,TE-like,Solyc05g023710.3,0.64966,4.39154,0.147935,5.91654e-35
10177,Solyc02g081770.1,dispersed,Unclassified,Solyc07g052060.2,0.0914621,0.46448,0.196913,4.07584e-13
10178,Solyc02g081780.2,dispersed,Unclassified,Solyc05g017740.1,0.265904,0.861194,0.308763,2.80062e-05
10179,Solyc02g081850.3,dispersed,gbM,Solyc12g011370.2,0.289894,4.49555,0.0644846,3.67205e-105
10180,Solyc02g081860.2,dispersed,TE-like,Solyc08g076680.2,0.69688,4.29592,0.162219,7.95221e-31
10181,Solyc02g081900.3,dispersed,gbM,Solyc04g051480.1,0.583514,4.66686,0.125034,2.45014e-82
10182,Solyc02g081920.3,dispersed,gbM,Solyc01g005385.1,0.894328,4.20703,0.212579,1.09885e-22
10183,Solyc02g081960.3,dispersed,TE-like,Solyc04g005690.3,0.0339171,0.265799,0.127604,9.51365e-40
10184,Solyc02g082000.3,dispersed,gbM,Solyc09g083370.3,0.0494336,1.28682,0.0384152,1.19665e-32
10185,Solyc02g082050.3,dispersed,gbM,Solyc04g007320.2,0.510016,5.00938,0.101812,3.53573e-102
10186,Solyc02g082160.2,dispersed,Unclassified,Solyc02g079380.2,0.604058,4.48203,0.134773,5.30344e-67
10187,Solyc02g082220.3,dispersed,TE-like,Solyc06g084210.3,0.667147,4.90841,0.135919,1.59347e-85
10188,Solyc02g082230.3,dispersed,TE-like,Solyc12g006095.1,0.229777,1.11189,0.206655,5.05497e-18
10189,Solyc02g082435.1,dispersed,Unclassified,Solyc02g082660.3,0.396917,2.65388,0.149561,4.03739e-11
10190,Solyc02g082500.1,dispersed,Unmethylated,Solyc08g083350.3,0.654848,2.1951,0.298323,1.65919e-07
10191,Solyc02g082590.3,dispersed,TE-like,Solyc02g082720.3,0.221493,0.395056,0.560663,0.00595256
10192,Solyc02g082600.3,dispersed,TE-like,Solyc02g082720.3,0.103413,0.159009,0.650363,0.290921
10193,Solyc02g082660.3,dispersed,TE-like,Solyc02g085678.1,0.355692,1.81144,0.196359,1.17383e-16
10194,Solyc02g082670.3,dispersed,gbM,Solyc02g077390.2,0.83534,3.63716,0.229668,3.20067e-21
10195,Solyc02g082720.3,dispersed,gbM,Solyc02g082590.3,0.221493,0.395056,0.560663,0.00595256
10196,Solyc02g082767.1,dispersed,gbM,Solyc02g082660.3,0.395407,1.07675,0.367224,6.38276e-06
10197,Solyc02g082860.3,dispersed,Unclassified,Solyc10g074500.2,0.112981,4.12472,0.0273912,6.45884e-94
10198,Solyc02g083210.1,dispersed,TE-like,Solyc00g069880.2,0.640013,0.95123,0.672827,0.235282
10199,Solyc02g083360.1,dispersed,Unclassified,Solyc04g071630.3,0.746834,3.21877,0.232025,1.11982e-12
10200,Solyc02g083700.3,dispersed,gbM,Solyc06g068860.3,0.299139,4.81601,0.0621134,1.54948e-173
10201,Solyc02g083750.1,dispersed,Unmethylated,Solyc05g051330.1,0.965591,3.98052,0.242579,6.58947e-13
10202,Solyc02g083775.1,dispersed,Unclassified,Solyc02g083900.3,0.121402,0.207016,0.586436,0.0476825
10203,Solyc02g083900.3,dispersed,TE-like,Solyc02g083780.2,0.911031,4.62628,0.196925,3.80936e-27
10204,Solyc02g083940.3,dispersed,TE-like,Solyc12g035360.2,0.37284,4.02288,0.0926798,1.17719e-50
10205,Solyc02g083950.3,dispersed,Unclassified,Solyc03g118770.3,0.529594,3.35367,0.157915,0
10206,Solyc02g084000.3,dispersed,TE-like,Solyc04g077290.2,0.22448,3.79375,0.0591712,2.67095e-43
10207,Solyc02g084210.1,dispersed,Unclassified,Solyc03g118270.1,0.0692652,2.7049,0.0256073,4.466e-96
10208,Solyc02g084250.3,dispersed,TE-like,Solyc02g082660.3,0.406266,0.846454,0.479962,0.0052064
10209,Solyc02g084265.1,dispersed,Unclassified,Solyc02g082660.3,0.1092,0.265853,0.410754,0.0620268
10210,Solyc02g084380.3,dispersed,gbM,Solyc05g054990.3,0.0825752,0.553713,0.14913,6.41833e-12
10211,Solyc02g084410.3,dispersed,Unmethylated,Solyc01g103630.3,0.385411,2.96138,0.130146,1.96926e-11
10212,Solyc02g084450.3,dispersed,TE-like,Solyc03g078300.2,0.710897,4.74991,0.149665,3.21313e-51
10213,Solyc02g084455.1,dispersed,Unclassified,Solyc06g033980.2,0.677608,3.79143,0.178721,1.34757e-17
10214,Solyc02g084470.1,dispersed,TE-like,Solyc01g110070.2,0.156128,0.435328,0.358646,2.89879e-05
10215,Solyc02g084480.2,dispersed,TE-like,Solyc08g081410.3,0.205805,0.159462,1.29062,0.167701
10216,Solyc02g084620.3,dispersed,TE-like,Solyc07g032510.3,0.585645,4.64162,0.126173,1.8933e-69
10217,Solyc02g084640.3,dispersed,Unclassified,Solyc01g012760.1,0.295836,3.65321,0.0809799,6.60209e-35
10218,Solyc02g084670.3,dispersed,TE-like,Solyc05g056580.3,0.365923,4.61033,0.0793702,1.9716e-112
10219,Solyc02g084750.3,dispersed,gbM,Solyc11g022390.2,0.90231,4.30356,0.209666,7.32014e-26
10220,Solyc02g084830.3,dispersed,Unclassified,Solyc09g009790.3,0.491521,4.40331,0.111626,3.34774e-58
10221,Solyc02g084890.2,dispersed,gbM,Solyc07g053010.2,0.55083,4.77771,0.115292,1.34734e-60
10222,Solyc02g084920.3,dispersed,Unclassified,Solyc03g033745.1,0.108321,1.3367,0.0810363,2.49832e-13
10223,Solyc02g085210.1,dispersed,Unmethylated,Solyc08g014040.3,0.848996,3.83766,0.221228,1.53736e-11
10224,Solyc02g085220.3,dispersed,gbM,Solyc07g056660.3,0.050848,0.286764,0.177316,3.28423e-41
10225,Solyc02g085280.1,dispersed,Unclassified,Solyc12g100160.2,0.61695,3.0858,0.199932,2.16428e-15
10226,Solyc02g085380.3,dispersed,Unclassified,Solyc04g071760.3,0.135695,1.38893,0.097697,2.31418e-28
10227,Solyc02g085560.3,dispersed,TE-like,Solyc08g078600.3,0.147417,0.282332,0.522141,1.41011e-06
10228,Solyc02g085678.1,dispersed,TE-like,Solyc02g082660.3,0.355692,1.81144,0.196359,1.17383e-16
10229,Solyc02g085820.3,dispersed,TE-like,Solyc04g076380.3,0.769734,4.45533,0.172767,1.66517e-50
10230,Solyc02g085860.3,dispersed,TE-like,Solyc01g088650.3,0.657217,3.4279,0.191726,3.38646e-28
10231,Solyc02g085935.1,dispersed,gbM,Solyc04g081940.3,0.0484527,0.216495,0.223805,6.34931e-06
10232,Solyc02g086240.3,dispersed,gbM,Solyc10g007980.3,NA,0.806151,0,NA
10233,Solyc02g086400.2,dispersed,TE-like,Solyc02g082660.3,0.680567,1.59535,0.426594,2.48577e-09
10234,Solyc02g086406.1,dispersed,Unclassified,Solyc02g082660.3,0.199868,1.55452,0.128573,6.35233e-07
10235,Solyc02g086510.3,dispersed,Unclassified,Solyc12g035250.2,0.253184,1.19379,0.212085,1.02852e-06
10236,Solyc02g086513.1,dispersed,TE-like,Solyc12g035250.2,0.215764,0.6519,0.330977,2.42106e-14
10237,Solyc02g086570.2,dispersed,Unclassified,Solyc07g042720.1,0.645848,4.2877,0.150628,1.08433e-30
10238,Solyc02g086580.3,dispersed,gbM,Solyc06g069480.3,0.55084,3.6754,0.149872,5.47222e-33
10239,Solyc02g086585.1,dispersed,gbM,Solyc06g069480.3,0.853954,4.37802,0.195055,1.43375e-30
10240,Solyc02g086610.3,dispersed,TE-like,Solyc11g011930.2,0.239219,4.34077,0.0551098,3.45104e-107
10241,Solyc02g086660.3,dispersed,TE-like,Solyc12g035130.2,0.137866,0.92631,0.148833,5.95561e-50
10242,Solyc02g086680.3,dispersed,Unclassified,Solyc07g015860.3,0.920077,3.80128,0.242044,2.89151e-16
10243,Solyc02g086710.3,dispersed,TE-like,Solyc09g009390.3,0.38598,4.28656,0.0900442,4.2934e-56
10244,Solyc02g086760.1,dispersed,Unmethylated,Solyc12g062840.1,0.307038,3.62478,0.0847054,3.63979e-12
10245,Solyc02g086870.3,dispersed,TE-like,Solyc05g054520.3,0.725884,3.8161,0.190216,1.02136e-19
10246,Solyc02g086980.3,dispersed,Unclassified,Solyc07g005595.1,0.415436,1.39603,0.297584,3.51875e-05
10247,Solyc02g087180.3,dispersed,gbM,Solyc04g014240.1,0.0944549,0.54135,0.17448,2.87624e-20
10248,Solyc02g087270.2,dispersed,gbM,Solyc02g091570.1,0.494998,1.96299,0.252165,4.8052e-14
10249,Solyc02g087290.3,dispersed,TE-like,Solyc06g068860.3,0.832107,4.79662,0.173478,1.22157e-62
10250,Solyc02g087300.1,dispersed,gbM,Solyc03g120900.2,0.109964,3.95211,0.027824,2.86209e-73
10251,Solyc02g087410.3,dispersed,TE-like,Solyc12g049130.1,0.0685917,0.582151,0.117825,2.71147e-08
10252,Solyc02g087420.2,dispersed,gbM,Solyc11g070190.2,0.149503,0.155154,0.963578,0.999931
10253,Solyc02g087620.3,dispersed,TE-like,Solyc03g058950.3,0.0860572,0.704579,0.12214,1.01316e-58
10254,Solyc02g088010.3,dispersed,gbM,Solyc07g066650.3,0.680847,3.47936,0.195682,5.16135e-18
10255,Solyc02g088150.1,dispersed,Unclassified,Solyc04g056746.1,0.0651646,0.0981953,0.663622,0.32003
10256,Solyc02g088170.2,dispersed,Unclassified,Solyc12g006575.1,0.539705,4.30024,0.125506,1.35363e-47
10257,Solyc02g088427.1,dispersed,TE-like,Solyc02g090043.1,0.599833,0.952078,0.630025,0.0632927
10258,Solyc02g088470.1,dispersed,gbM,Solyc05g009400.2,0.61083,4.40169,0.138772,6.27773e-53
10259,Solyc02g088595.1,dispersed,gbM,Solyc06g084320.1,0.641349,3.86176,0.166077,3.58548e-42
10260,Solyc02g088600.3,dispersed,gbM,Solyc03g113630.3,1.1003,4.50161,0.244424,7.70354e-18
10261,Solyc02g088840.3,dispersed,gbM,Solyc03g059470.1,0.340107,1.50168,0.226484,1.56256e-21
10262,Solyc02g088954.1,dispersed,TE-like,Solyc02g082660.3,0.655333,1.60673,0.407867,8.28566e-07
10263,Solyc02g089360.3,dispersed,TE-like,Solyc04g015170.3,0.818141,4.06745,0.201144,1.72524e-18
10264,Solyc02g089810.3,dispersed,gbM,Solyc12g038340.2,0.258278,4.85842,0.0531609,1.45673e-88
10265,Solyc02g089950.2,dispersed,gbM,Solyc08g081380.3,0.516472,4.40156,0.117339,4.42848e-54
10266,Solyc02g090047.1,dispersed,gbM,Solyc02g082660.3,0.425164,1.56735,0.271263,8.55239e-13
10267,Solyc02g090070.3,dispersed,Unmethylated,Solyc10g086137.1,0.501961,4.49355,0.111707,1.18582e-63
10268,Solyc02g090160.3,dispersed,TE-like,Solyc01g109110.3,0.390929,4.75137,0.0822771,2.95923e-96
10269,Solyc02g090190.1,dispersed,TE-like,Solyc03g031420.1,0.501185,4.42612,0.113234,2.75882e-85
10270,Solyc02g090420.2,dispersed,Unclassified,Solyc11g018560.2,0.656637,3.78151,0.173644,5.07453e-16
10271,Solyc02g090530.3,dispersed,gbM,Solyc06g063020.3,0.694191,4.13715,0.167795,3.44795e-37
10272,Solyc02g090650.3,dispersed,TE-like,Solyc11g018560.2,0.356632,0.665846,0.535607,0.00875208
10273,Solyc02g090670.3,dispersed,TE-like,Solyc05g009780.3,0.355877,4.06129,0.0876267,2.51383e-58
10274,Solyc02g090710.3,dispersed,gbM,Solyc06g007530.2,0.649385,3.86659,0.167948,8.76044e-22
10275,Solyc02g090860.3,dispersed,TE-like,Solyc10g007065.1,0.0284904,0.257644,0.110581,1.12422e-13
10276,Solyc02g090870.1,dispersed,Unmethylated,Solyc02g063510.1,0.603333,3.98275,0.151486,1.76396e-33
10277,Solyc02g091100.3,dispersed,Unclassified,Solyc03g044330.1,0.837941,4.37146,0.191685,1.61527e-26
10278,Solyc02g091140.3,dispersed,Unclassified,Solyc01g005360.3,0.500191,3.96003,0.12631,5.85629e-34
10279,Solyc02g091240.1,dispersed,gbM,Solyc10g074790.2,0.494554,4.18629,0.118136,2.87328e-47
10280,Solyc02g091490.4,dispersed,TE-like,Solyc10g017620.3,0.257989,4.11047,0.0627639,5.13318e-87
10281,Solyc02g091510.3,dispersed,TE-like,Solyc06g073320.3,0.267316,3.35805,0.0796043,6.48052e-60
10282,Solyc02g091570.1,dispersed,TE-like,Solyc02g087270.2,0.494998,1.96299,0.252165,4.8052e-14
10283,Solyc02g091620.2,dispersed,TE-like,Solyc02g088952.1,0.36855,0.674294,0.546571,0.0495868
10284,Solyc02g091625.1,dispersed,TE-like,Solyc02g088427.1,0.634876,1.98405,0.319991,2.61667e-07
10285,Solyc02g091627.1,dispersed,TE-like,Solyc02g082660.3,0.294099,0.643733,0.456865,0.00310074
10286,Solyc02g091640.3,dispersed,TE-like,Solyc04g072400.3,0.508814,4.23997,0.120004,7.96201e-33
10287,Solyc02g091720.2,dispersed,gbM,Solyc04g010120.3,1.0282,7.86577,0.130719,7.18637e-10
10288,Solyc02g091790.3,dispersed,Unclassified,Solyc06g064830.3,0.852576,3.94225,0.216266,1.08461e-14
10289,Solyc02g091890.2,dispersed,Unclassified,Solyc01g106680.3,0.901007,1.83086,0.492123,4.92327e-09
10290,Solyc02g091900.3,dispersed,Unclassified,Solyc05g055000.3,0.870692,4.21429,0.206605,1.95927e-29
10291,Solyc02g091920.3,dispersed,Unclassified,Solyc07g052980.3,0.40159,3.83041,0.104843,3.64507e-55
10292,Solyc02g091940.3,dispersed,Unclassified,Solyc04g024520.3,0.568822,4.01218,0.141774,7.35152e-30
10293,Solyc02g091950.3,dispersed,Unclassified,Solyc07g005190.3,0.505295,3.7772,0.133775,8.17838e-40
10294,Solyc02g092010.3,dispersed,gbM,Solyc04g080770.3,0.694728,4.32687,0.160561,6.91424e-37
10295,Solyc02g092250.3,dispersed,Unmethylated,Solyc10g017510.3,0.239915,1.56385,0.153413,8.97291e-54
10296,Solyc02g092280.1,dispersed,TE-like,Solyc00g022107.1,0.24876,0.548848,0.45324,0.00644086
10297,Solyc02g092290.3,dispersed,TE-like,Solyc11g064780.2,0.40352,0.713479,0.565567,0.000544669
10298,Solyc02g092350.3,dispersed,gbM,Solyc12g042117.1,0.274204,0.576513,0.475625,0.00297759
10299,Solyc02g092415.1,dispersed,TE-like,Solyc03g078175.1,0.217039,0.538706,0.40289,8.66946e-06
10300,Solyc02g092513.1,dispersed,Unclassified,Solyc02g082660.3,0.399931,1.98582,0.201393,3.32473e-05
10301,Solyc02g092515.1,dispersed,TE-like,Solyc02g082660.3,0.506517,1.6938,0.299041,1.74666e-06
10302,Solyc02g092517.1,dispersed,Unclassified,Solyc02g082660.3,0.582571,2.30817,0.252395,5.94763e-08
10303,Solyc02g092523.1,dispersed,TE-like,Solyc02g088427.1,0.600653,1.6832,0.356851,0.000599518
10304,Solyc02g092660.3,dispersed,TE-like,Solyc08g066750.3,0.908246,4.23668,0.214377,7.07023e-15
10305,Solyc02g092700.3,dispersed,gbM,Solyc08g065260.3,0.721623,3.86151,0.186876,3.6467e-20
10306,Solyc02g092810.3,dispersed,Unclassified,Solyc09g005320.3,0.691907,3.29169,0.210198,3.31197e-15
10307,Solyc02g092880.3,dispersed,Unmethylated,Solyc06g006000.3,0.528588,3.35504,0.15755,3.38162e-12
10308,Solyc02g092970.3,dispersed,TE-like,Solyc12g099080.2,0.0770726,3.70442,0.0208056,5.54825e-56
10309,Solyc02g093020.3,dispersed,Unclassified,Solyc07g006930.1,0.925917,4.15927,0.222615,6.9916e-21
10310,Solyc02g093060.3,dispersed,gbM,Solyc03g044270.3,0.10008,0.541597,0.184786,4.85133e-26
10311,Solyc02g093120.3,dispersed,Unclassified,Solyc03g121450.3,0.600882,3.88227,0.154776,2.79678e-18
10312,Solyc02g093260.1,dispersed,NA,Solyc01g065830.1,0.0325145,0.0566381,0.574075,0.415141
10313,Solyc02g093320.3,dispersed,Unclassified,Solyc01g110640.2,0.349987,1.11706,0.31331,0.0143797
10314,Solyc02g093380.1,dispersed,Unclassified,Solyc02g079380.2,0.658399,4.46422,0.147483,4.45766e-37
10315,Solyc02g093550.3,dispersed,Unmethylated,Solyc07g025520.3,0.656998,3.69191,0.177956,3.96243e-18
10316,Solyc02g093620.1,dispersed,gbM,Solyc04g056746.1,1.00265,4.45034,0.225298,2.29579e-37
10317,Solyc02g093710.1,dispersed,Unmethylated,Solyc02g067940.2,0.282399,1.11472,0.253335,4.28898e-06
10318,Solyc02g093890.1,dispersed,Unmethylated,Solyc03g111100.1,0.454374,3.85357,0.11791,1.89073e-31
10319,Solyc02g093935.1,dispersed,TE-like,Solyc11g008740.2,0.747751,4.30265,0.173788,7.43621e-44
10320,Solyc02g094080.1,dispersed,Unclassified,Solyc09g005480.3,0.482925,3.86102,0.125077,1.42086e-22
10321,Solyc02g094100.3,dispersed,TE-like,Solyc01g094150.3,0.628408,4.28533,0.146642,5.32971e-49
10322,Solyc02g094135.1,dispersed,Unclassified,Solyc12g096510.2,0.556195,3.16856,0.175536,1.83817e-27
10323,Solyc02g094160.1,dispersed,Unmethylated,Solyc01g080210.3,0.186008,3.96867,0.046869,6.54126e-107
10324,Solyc02g094250.3,dispersed,Unmethylated,Solyc04g009570.3,0.0538394,0.593089,0.090778,3.2619e-09
10325,Solyc02g094400.3,dispersed,Unclassified,Solyc01g009870.3,0.32192,4.07479,0.0790028,6.0063e-41
10326,Solyc02g094410.3,dispersed,TE-like,Solyc01g009820.3,0.415199,4.54889,0.0912747,6.17793e-59
10327,Solyc02g094440.3,dispersed,gbM,Solyc03g097750.3,0.368903,2.45197,0.150452,4.60125e-21
10328,Solyc02g094480.3,dispersed,gbM,Solyc11g040060.2,0.507223,4.53475,0.111852,4.00648e-63
10329,Solyc02g094490.3,dispersed,Unclassified,Solyc03g083260.1,0.0427028,0.17232,0.24781,0.0103861
10330,Solyc02g094500.3,dispersed,TE-like,Solyc03g097780.3,0.555624,4.3014,0.129173,1.02608e-38
10331,Solyc02g094560.3,dispersed,TE-like,Solyc10g007530.1,0.145101,4.25907,0.0340688,3.36525e-162
10332,Solyc02g094590.3,dispersed,TE-like,Solyc05g008040.3,0.776115,4.54058,0.170929,2.3777e-71
10333,Solyc02g094630.3,dispersed,TE-like,Solyc06g071200.3,0.78427,3.82174,0.205213,5.34675e-17
10334,Solyc02g094740.1,dispersed,TE-like,Solyc04g014550.3,0.441768,2.11385,0.208988,2.39307e-06
10335,Solyc02g094750.1,dispersed,TE-like,Solyc02g067100.3,0.00979978,0.00807589,1.21346,0.931494
10336,Solyc02g094753.1,dispersed,TE-like,Solyc09g062990.1,0.617868,2.05808,0.300216,2.93571e-07
10337,Solyc02g094770.2,dispersed,TE-like,Solyc01g113450.2,0.318672,0.320145,0.995398,1
10338,Solyc03g005080.3,dispersed,gbM,Solyc03g111170.3,0.372119,2.35055,0.158311,5.81175e-52
10339,Solyc03g005110.3,dispersed,Unclassified,Solyc03g097080.3,0.370721,1.02501,0.361676,0.000112571
10340,Solyc03g005160.3,dispersed,TE-like,Solyc09g075930.2,0.16945,1.08999,0.15546,4.56305e-49
10341,Solyc03g005180.1,dispersed,gbM,Solyc04g056530.2,0.592503,3.5587,0.166494,2.15728e-26
10342,Solyc03g005230.3,dispersed,gbM,Solyc09g065730.3,0.149942,2.028,0.073936,2.36373e-60
10343,Solyc03g005300.3,dispersed,Unclassified,Solyc01g008000.3,0.396116,3.58925,0.110362,9.99061e-35
10344,Solyc03g005640.1,dispersed,Unclassified,Solyc02g093020.3,0.803417,4.12975,0.194544,1.18736e-33
10345,Solyc03g005700.1,dispersed,Unmethylated,Solyc06g008120.1,0.306489,3.22621,0.0949998,3.59474e-16
10346,Solyc03g005720.3,dispersed,TE-like,Solyc12g096970.2,0.194824,1.94283,0.100278,1.78806e-49
10347,Solyc03g005750.3,dispersed,TE-like,Solyc09g018250.2,0.0416315,0.157372,0.264542,0.0016504
10348,Solyc03g005970.3,dispersed,Unclassified,Solyc01g110100.3,0.590527,3.55633,0.16605,3.87618e-25
10349,Solyc03g006177.1,dispersed,TE-like,Solyc05g023840.1,0.0657137,0.122247,0.537548,0.352849
10350,Solyc03g006230.1,dispersed,TE-like,Solyc02g032600.1,0.104393,0.38829,0.268854,4.58551e-11
10351,Solyc03g006375.1,dispersed,TE-like,Solyc07g004997.1,0.213261,0.178576,1.19423,0.53005
10352,Solyc03g006480.2,dispersed,TE-like,Solyc12g013600.2,0.332599,1.1458,0.290276,3.4986e-39
10353,Solyc03g006740.2,dispersed,Unclassified,Solyc11g070020.2,0.52937,3.46057,0.152972,4.77614e-21
10354,Solyc03g006800.1,dispersed,Unmethylated,Solyc08g080150.1,0.4413,4.02445,0.109655,2.01515e-40
10355,Solyc03g006850.3,dispersed,TE-like,Solyc11g072300.2,0.130882,0.757844,0.172703,6.14221e-18
10356,Solyc03g006860.3,dispersed,gbM,Solyc07g062070.3,0.852961,4.04069,0.211093,1.6628e-11
10357,Solyc03g006870.3,dispersed,gbM,Solyc04g045340.3,0.306642,4.36817,0.0701993,1.40129e-145
10358,Solyc03g006970.1,dispersed,Unclassified,Solyc02g092670.1,0.367528,4.71443,0.0779582,1.09279e-100
10359,Solyc03g006990.1,dispersed,Unclassified,Solyc09g075170.1,0.501077,4.17636,0.119979,3.79459e-65
10360,Solyc03g007020.1,dispersed,TE-like,Solyc04g056740.1,0.428209,3.25868,0.131406,1.38448e-15
10361,Solyc03g007070.3,dispersed,Unclassified,Solyc08g079750.3,0.272465,4.43602,0.0614211,4.88294e-83
10362,Solyc03g007090.1,dispersed,Unclassified,Solyc11g007660.1,0.415365,4.28372,0.0969636,6.80268e-58
10363,Solyc03g007140.3,dispersed,gbM,Solyc03g111500.3,0.399451,0.979136,0.407963,1.20575e-06
10364,Solyc03g007170.3,dispersed,TE-like,Solyc09g057670.3,0.460895,3.31979,0.138832,3.80571e-19
10365,Solyc03g007180.1,dispersed,Unclassified,Solyc08g079545.1,0.215755,4.51102,0.0478284,9.60438e-118
10366,Solyc03g007300.2,dispersed,TE-like,Solyc05g045920.1,0.284208,0.377153,0.753562,0.480881
10367,Solyc03g007480.3,dispersed,Unclassified,Solyc06g051820.3,0.201486,2.08779,0.0965065,1.07343e-20
10368,Solyc03g007510.3,dispersed,TE-like,Solyc08g007470.2,0.625449,4.13556,0.151237,5.72179e-32
10369,Solyc03g007560.2,dispersed,Unclassified,Solyc03g007850.1,0.0170322,0.0430403,0.395727,0.00435279
10370,Solyc03g007600.3,dispersed,Unclassified,Solyc04g056370.3,0.644919,3.72943,0.172927,1.68128e-19
10371,Solyc03g007610.3,dispersed,TE-like,Solyc09g009180.3,0.212881,2.70066,0.0788257,1.62396e-98
10372,Solyc03g007640.1,dispersed,Unclassified,Solyc04g050210.1,0.470686,2.15899,0.218012,2.17883e-12
10373,Solyc03g007730.1,dispersed,Unclassified,Solyc02g079900.1,0.181639,0.920017,0.19743,0.00012207
10374,Solyc03g007825.1,dispersed,Unmethylated,Solyc05g050130.3,0.28233,3.83082,0.0736997,0
10375,Solyc03g007840.1,dispersed,gbM,Solyc11g040090.1,0.615714,4.40049,0.139919,8.08594e-16
10376,Solyc03g007850.1,dispersed,Unclassified,Solyc03g007560.2,0.0170322,0.0430403,0.395727,0.00435279
10377,Solyc03g007860.1,dispersed,Unmethylated,Solyc12g096100.1,0.601905,7.32133,0.0822125,1.10265e-09
10378,Solyc03g013160.3,dispersed,Unclassified,Solyc05g053965.1,0.361444,4.12835,0.0875517,1.13482e-41
10379,Solyc03g013220.1,dispersed,TE-like,Solyc11g056270.2,0.173691,0.241401,0.719512,0.22916
10380,Solyc03g013225.1,dispersed,TE-like,Solyc09g083370.3,0.37922,1.9446,0.195011,1.28072e-05
10381,Solyc03g013260.2,dispersed,TE-like,Solyc10g049473.1,0.0412046,0.063145,0.652539,0.274214
10382,Solyc03g013306.1,dispersed,TE-like,Solyc03g083217.1,0.182205,0.237946,0.76574,0.234129
10383,Solyc03g013370.1,dispersed,TE-like,Solyc10g076630.1,0.054763,0.0524947,1.04321,0.944915
10384,Solyc03g013373.1,dispersed,TE-like,Solyc05g042122.1,0.478889,3.21671,0.148875,4.03174e-11
10385,Solyc03g013380.1,dispersed,TE-like,Solyc00g049210.1,0.232426,0.381198,0.609725,0.142602
10386,Solyc03g013390.1,dispersed,TE-like,Solyc00g019730.2,0.232275,0.568732,0.408409,0.00163074
10387,Solyc03g013440.3,dispersed,Unclassified,Solyc05g053965.1,0.422214,2.51107,0.168141,2.55753e-27
10388,Solyc03g013480.1,dispersed,TE-like,Solyc10g018990.2,0.122464,0.196416,0.623494,0.167478
10389,Solyc03g013490.1,dispersed,TE-like,Solyc10g019000.2,0.271292,0.483532,0.561065,0.0544997
10390,Solyc03g013500.1,dispersed,TE-like,NA,NA,NA,NA,NA
10391,Solyc03g013510.1,dispersed,TE-like,Solyc11g056510.1,0.0894771,0.0669915,1.33565,0.757899
10392,Solyc03g013600.1,dispersed,gbM,Solyc07g026910.2,0.0737258,0.0389965,1.89057,0.242042
10393,Solyc03g013620.1,dispersed,TE-like,Solyc04g024570.1,0.0720949,0.14348,0.502473,0.0930631
10394,Solyc03g019650.3,dispersed,gbM,Solyc07g007340.3,0.610645,2.36302,0.258417,1.92127e-26
10395,Solyc03g019710.3,dispersed,Unclassified,Solyc06g064840.3,0.498188,3.5117,0.141865,1.14051e-19
10396,Solyc03g019800.3,dispersed,TE-like,Solyc08g066190.2,0.0842933,0.178411,0.472466,0.000502144
10397,Solyc03g019850.3,dispersed,gbM,Solyc12g009020.2,0.527355,3.97603,0.132634,6.66408e-64
10398,Solyc03g019940.3,dispersed,gbM,Solyc10g080710.2,0.406605,4.2567,0.0955212,6.76826e-73
10399,Solyc03g025260.1,dispersed,Unclassified,Solyc01g110950.3,0.297654,2.0015,0.148716,8.34476e-20
10400,Solyc03g025430.1,dispersed,Unclassified,Solyc05g015890.3,0.753694,3.84316,0.196113,3.4539e-14
10401,Solyc03g025470.3,dispersed,TE-like,Solyc09g010810.3,0.628642,4.49634,0.139812,3.27569e-41
10402,Solyc03g025570.2,dispersed,TE-like,Solyc05g051790.3,0.0776042,0.199822,0.388367,0.00694171
10403,Solyc03g025640.2,dispersed,TE-like,Solyc03g095310.3,0.627773,4.33543,0.144801,5.30209e-34
10404,Solyc03g025700.1,dispersed,gbM,Solyc03g093630.2,0.609669,4.18047,0.145837,5.96799e-48
10405,Solyc03g025710.3,dispersed,gbM,Solyc11g020000.1,0.277735,0.513441,0.540929,0.0068208
10406,Solyc03g026190.3,dispersed,TE-like,Solyc06g059750.3,0.492299,4.34499,0.113303,3.77289e-72
10407,Solyc03g026240.3,dispersed,TE-like,Solyc11g072320.2,0.236483,2.60865,0.0906535,6.57923e-29
10408,Solyc03g026350.3,dispersed,TE-like,Solyc06g073650.1,0.892643,4.06889,0.219383,1.9479e-16
10409,Solyc03g026417.1,dispersed,gbM,Solyc08g006256.1,0.103081,0.12079,0.853391,0.691753
10410,Solyc03g031630.3,dispersed,TE-like,Solyc10g044700.1,0.56956,3.32473,0.17131,1.18896e-12
10411,Solyc03g031690.3,dispersed,TE-like,Solyc01g081150.3,0.405849,2.43546,0.166642,6.75777e-09
10412,Solyc03g032200.2,dispersed,TE-like,Solyc09g009310.1,0.143276,0.207086,0.691868,0.656211
10413,Solyc03g033260.3,dispersed,NA,Solyc04g064720.3,0.0677724,0.127507,0.53152,0.0592866
10414,Solyc03g033270.3,dispersed,Unclassified,Solyc04g064720.3,0.273754,0.3976,0.688515,0.0783693
10415,Solyc03g033440.1,dispersed,TE-like,Solyc11g039980.2,0.355941,0.842371,0.422546,0.0136842
10416,Solyc03g033520.2,dispersed,gbM,Solyc09g010285.1,0.850918,4.33995,0.196066,3.21407e-36
10417,Solyc03g033560.3,dispersed,TE-like,Solyc04g025993.1,0.230068,0.137741,1.6703,0.0606091
10418,Solyc03g033570.1,dispersed,TE-like,Solyc03g033900.1,0.365026,0.740632,0.492857,0.037591
10419,Solyc03g033620.3,dispersed,TE-like,Solyc09g010220.3,0.800442,4.03926,0.198166,4.06732e-27
10420,Solyc03g033740.3,dispersed,NA,NA,NA,NA,NA,NA
10421,Solyc03g033745.1,dispersed,Unclassified,Solyc02g084920.3,0.108321,1.3367,0.0810363,2.49832e-13
10422,Solyc03g033830.2,dispersed,TE-like,Solyc09g005450.1,0.596575,3.66957,0.162573,3.04595e-17
10423,Solyc03g033850.3,dispersed,gbM,Solyc04g071730.3,0.0363867,0.363358,0.10014,7.13477e-19
10424,Solyc03g033990.1,dispersed,gbM,Solyc09g005870.1,0.0196369,0.20775,0.094522,5.13882e-13
10425,Solyc03g034190.3,dispersed,Unclassified,Solyc05g009570.3,0.286731,3.50399,0.0818298,2.2564e-25
10426,Solyc03g034204.1,dispersed,TE-like,Solyc08g044332.1,0.0696286,0.0874685,0.796042,0.307539
10427,Solyc03g034208.1,dispersed,TE-like,Solyc06g018115.1,0.217666,0.193042,1.12756,0.995994
10428,Solyc03g034260.1,dispersed,Unclassified,Solyc04g056740.1,0.398547,2.07697,0.191888,3.08577e-14
10429,Solyc03g034290.2,dispersed,TE-like,Solyc09g063050.2,0.0671363,0.100823,0.665885,0.559942
10430,Solyc03g034335.1,dispersed,TE-like,Solyc01g011370.1,0.475268,0.531345,0.894462,0.880842
10431,Solyc03g034395.1,dispersed,Unclassified,Solyc08g006500.3,0.479328,1.85497,0.258402,1.17712e-05
10432,Solyc03g043580.2,dispersed,TE-like,Solyc01g015210.1,0.211773,0.284009,0.745658,0.19486
10433,Solyc03g043610.2,dispersed,TE-like,Solyc11g056450.2,0.145466,0.236896,0.614052,0.158228
10434,Solyc03g043665.1,dispersed,TE-like,Solyc10g018355.1,0.368874,0.835075,0.441726,0.000413186
10435,Solyc03g043730.1,dispersed,Unclassified,Solyc07g009540.1,0.369361,0.497749,0.742062,0.488586
10436,Solyc03g043795.1,dispersed,TE-like,Solyc08g016444.1,0.262252,1.70478,0.153833,4.16219e-08
10437,Solyc03g043940.3,dispersed,Unclassified,Solyc03g097700.3,0.4867,2.56501,0.189746,1.75539e-07
10438,Solyc03g044050.2,dispersed,TE-like,Solyc07g014750.1,0.257098,0.311091,0.826441,0.749362
10439,Solyc03g044110.2,dispersed,TE-like,Solyc03g043570.2,0.14231,0.400749,0.355109,0.0254536
10440,Solyc03g044120.1,dispersed,TE-like,Solyc07g054280.1,0.322246,4.23273,0.076132,1.10718e-106
10441,Solyc03g044270.3,dispersed,TE-like,Solyc02g093060.3,0.10008,0.541597,0.184786,4.85133e-26
10442,Solyc03g044330.1,dispersed,Unclassified,Solyc07g061940.3,0.0184407,0.305021,0.060457,3.32286e-47
10443,Solyc03g044385.1,dispersed,TE-like,Solyc08g066635.1,0.117277,0.145274,0.807278,0.653018
10444,Solyc03g044440.2,dispersed,TE-like,Solyc04g017680.3,0.104225,0.173508,0.600691,0.105524
10445,Solyc03g044540.1,dispersed,TE-like,Solyc10g051210.1,0.223132,1.2327,0.181011,1.99716e-06
10446,Solyc03g044590.2,dispersed,Unmethylated,Solyc01g111670.3,0.051613,0.0959248,0.538057,0.136551
10447,Solyc03g044600.2,dispersed,TE-like,Solyc12g019090.2,0.102626,0.409988,0.250316,0.000805165
10448,Solyc03g044660.3,dispersed,gbM,Solyc10g083110.2,0.0554857,0.277737,0.199778,1.07319e-13
10449,Solyc03g044663.1,dispersed,TE-like,Solyc01g056883.1,0.33541,0.623448,0.537992,0.0385648
10450,Solyc03g044673.1,dispersed,TE-like,Solyc03g046280.1,0.539161,2.11275,0.255194,3.20424e-07
10451,Solyc03g044690.1,dispersed,Unclassified,Solyc12g038657.1,0.1335,1.45233,0.0919213,2.39711e-25
10452,Solyc03g044700.1,dispersed,Unclassified,Solyc07g064430.1,0.162438,0.985877,0.164765,4.71854e-09
10453,Solyc03g044840.1,dispersed,TE-like,Solyc02g037640.2,0.251094,3.47529,0.0722512,3.83859e-52
10454,Solyc03g044880.3,dispersed,gbM,Solyc04g045650.3,0.170315,1.23456,0.137955,1.4713e-35
10455,Solyc03g044930.2,dispersed,Unmethylated,Solyc01g011470.1,0.202787,0.618614,0.327808,0.00402976
10456,Solyc03g045000.1,dispersed,TE-like,Solyc04g078070.3,0.0972027,0.87785,0.110728,3.49514e-09
10457,Solyc03g045010.1,dispersed,Unclassified,Solyc03g044120.1,0.223324,2.15572,0.103596,1.90742e-12
10458,Solyc03g045020.3,dispersed,TE-like,Solyc07g054280.1,0.350155,4.05634,0.0863228,3.03547e-85
10459,Solyc03g045087.1,dispersed,Unclassified,Solyc03g058953.1,0.295903,0.481007,0.615174,0.222953
10460,Solyc03g045110.3,dispersed,Unmethylated,Solyc10g078620.1,0.139453,0.0527173,2.6453,0.27472
10461,Solyc03g046280.1,dispersed,TE-like,Solyc03g044673.1,0.539161,2.11275,0.255194,3.20424e-07
10462,Solyc03g046290.1,dispersed,TE-like,Solyc01g049975.1,0.576411,3.39657,0.169704,2.87272e-18
10463,Solyc03g046510.1,dispersed,TE-like,Solyc04g025130.1,0.306867,4.57132,0.0671288,2.3431e-06
10464,Solyc03g046594.1,dispersed,TE-like,Solyc00g005280.1,0.416038,1.15957,0.358786,0.000326423
10465,Solyc03g046598.1,dispersed,Unclassified,Solyc03g043860.2,0.204346,0.173613,1.17703,0.462818
10466,Solyc03g051590.2,dispersed,TE-like,Solyc11g039990.1,0.403547,0.513814,0.785394,0.387255
10467,Solyc03g051620.2,dispersed,TE-like,Solyc00g304035.1,0.975411,4.20864,0.231764,7.77548e-14
10468,Solyc03g051625.1,dispersed,TE-like,Solyc05g021485.1,0.127854,0.241994,0.528338,0.0870301
10469,Solyc03g051627.1,dispersed,TE-like,Solyc02g032590.1,0.265364,0.341564,0.776909,0.438482
10470,Solyc03g051710.1,dispersed,TE-like,Solyc09g037125.1,0.089376,0.488404,0.182996,0.000379092
10471,Solyc03g051880.1,dispersed,TE-like,Solyc10g050250.1,0.169647,0.121851,1.39225,0.309666
10472,Solyc03g052980.3,dispersed,TE-like,Solyc09g015930.3,0.647979,4.39635,0.14739,1.89403e-67
10473,Solyc03g053025.1,dispersed,TE-like,Solyc08g063127.1,0.480989,1.41267,0.340481,1.15185e-10
10474,Solyc03g053070.1,dispersed,TE-like,Solyc11g069620.2,0.114973,0.104259,1.10277,0.815093
10475,Solyc03g053105.1,dispersed,TE-like,Solyc12g014410.2,0.603756,3.45552,0.174722,2.62884e-06
10476,Solyc03g053120.1,dispersed,TE-like,Solyc10g080440.2,0.322196,2.39995,0.134251,5.39154e-17
10477,Solyc03g058260.1,dispersed,TE-like,Solyc06g043036.1,0.257624,0.423409,0.608452,0.283452
10478,Solyc03g058360.2,dispersed,TE-like,NA,NA,NA,NA,NA
10479,Solyc03g058365.1,dispersed,TE-like,Solyc03g058881.1,0.350193,0.665459,0.526243,0.075024
10480,Solyc03g058405.1,dispersed,TE-like,Solyc10g009055.1,0.106699,0.249386,0.427847,9.71971e-05
10481,Solyc03g058420.2,dispersed,TE-like,Solyc09g064555.1,0.242023,0.376572,0.642702,0.0648097
10482,Solyc03g058450.3,dispersed,TE-like,Solyc10g078510.2,0.337575,2.57389,0.131154,2.09901e-45
10483,Solyc03g058853.1,dispersed,TE-like,Solyc07g052370.3,0.129591,0.580779,0.223133,4.61076e-10
10484,Solyc03g058855.1,dispersed,TE-like,Solyc07g052370.3,0.0969679,1.18358,0.0819275,5.05746e-15
10485,Solyc03g058881.1,dispersed,TE-like,Solyc03g058365.1,0.350193,0.665459,0.526243,0.075024
10486,Solyc03g058950.3,dispersed,TE-like,Solyc02g087620.3,0.0860572,0.704579,0.12214,1.01316e-58
10487,Solyc03g058953.1,dispersed,TE-like,Solyc03g045087.1,0.295903,0.481007,0.615174,0.222953
10488,Solyc03g058957.1,dispersed,TE-like,Solyc11g065345.1,0.218984,0.455882,0.480352,0.0766496
10489,Solyc03g058960.1,dispersed,TE-like,NA,NA,NA,NA,NA
10490,Solyc03g058990.2,dispersed,TE-like,Solyc11g008510.2,0.0508339,0.269183,0.188846,0.0023292
10491,Solyc03g059010.3,dispersed,TE-like,Solyc10g078950.2,0.0841476,1.02321,0.0822388,3.30514e-57
10492,Solyc03g059070.3,dispersed,TE-like,Solyc11g072910.1,0.440893,4.62657,0.0952959,2.97704e-110
10493,Solyc03g059100.2,dispersed,TE-like,Solyc02g091790.3,0.747056,3.88008,0.192536,2.39345e-47
10494,Solyc03g059180.3,dispersed,TE-like,Solyc03g114450.3,1.00004,4.2112,0.237471,5.56105e-11
10495,Solyc03g059230.2,dispersed,Unclassified,Solyc11g013730.2,0.0940489,0.321108,0.292889,0.0124922
10496,Solyc03g059260.3,dispersed,Unclassified,Solyc12g097030.2,0.606365,4.23347,0.143231,4.71176e-58
10497,Solyc03g059275.1,dispersed,TE-like,Solyc10g047778.1,0.250985,0.733311,0.342263,0.00120709
10498,Solyc03g059380.1,dispersed,TE-like,Solyc08g062850.2,0.0500555,0.100604,0.49755,0.242729
10499,Solyc03g059470.1,dispersed,gbM,Solyc02g088840.3,0.340107,1.50168,0.226484,1.56256e-21
10500,Solyc03g060510.3,dispersed,TE-like,Solyc07g007970.3,0.303019,1.73208,0.174946,2.30762e-43
10501,Solyc03g060520.1,dispersed,TE-like,Solyc02g092350.3,0.247258,0.546739,0.45224,0.0132934
10502,Solyc03g061540.1,dispersed,TE-like,Solyc08g029260.1,0.475019,1.88106,0.252527,0.000132931
10503,Solyc03g061560.2,dispersed,TE-like,Solyc01g020470.2,0.239559,0.217077,1.10357,0.652986
10504,Solyc03g061600.3,dispersed,TE-like,Solyc03g113740.3,0.919202,4.19895,0.218913,2.82985e-31
10505,Solyc03g061610.1,dispersed,TE-like,Solyc02g022880.1,0.475067,2.66688,0.178136,0.00518406
10506,Solyc03g061630.1,dispersed,TE-like,Solyc01g068320.2,0.177149,0.376092,0.471024,0.0148443
10507,Solyc03g061640.1,dispersed,TE-like,Solyc01g068320.2,0.133294,0.189365,0.703899,0.23132
10508,Solyc03g061650.2,dispersed,TE-like,Solyc05g015000.1,0.162252,0.373869,0.433981,1.03773e-05
10509,Solyc03g061655.1,dispersed,TE-like,Solyc06g084626.1,0.0826967,0.128555,0.643278,0.256202
10510,Solyc03g062745.1,dispersed,TE-like,Solyc09g072970.3,0.28783,1.46214,0.196854,6.87254e-06
10511,Solyc03g062790.3,dispersed,TE-like,Solyc10g080490.2,0.18527,0.863332,0.214598,5.09359e-18
10512,Solyc03g062810.1,dispersed,TE-like,Solyc03g025930.3,0.204961,0.195392,1.04897,0.729488
10513,Solyc03g062820.1,dispersed,Unclassified,Solyc01g066500.1,0.55479,3.38973,0.163668,9.3924e-11
10514,Solyc03g062900.3,dispersed,TE-like,Solyc01g104350.3,0.692251,4.1741,0.165845,1.02378e-19
10515,Solyc03g062940.3,dispersed,TE-like,Solyc01g104510.3,0.797432,3.91725,0.203569,1.83548e-20
10516,Solyc03g063020.1,dispersed,TE-like,Solyc03g120210.2,0.317198,0.672101,0.47195,0.0222695
10517,Solyc03g063040.3,dispersed,Unclassified,Solyc11g008440.2,0.608124,3.53958,0.171807,6.39536e-12
10518,Solyc03g063100.2,dispersed,Unmethylated,Solyc11g008650.1,0.102908,2.60409,0.0395179,0
10519,Solyc03g063110.3,dispersed,gbM,Solyc11g008680.2,0.0808571,0.978723,0.0826149,1.69623e-38
10520,Solyc03g063150.3,dispersed,gbM,Solyc01g056310.3,0.212712,4.41656,0.0481623,5.86416e-118
10521,Solyc03g063161.1,dispersed,TE-like,Solyc09g063153.1,0.0580421,0.0925099,0.627415,0.489601
10522,Solyc03g063162.1,dispersed,TE-like,Solyc04g051397.1,0.108213,0.151403,0.714737,0.429285
10523,Solyc03g063180.1,dispersed,TE-like,Solyc06g034140.2,0.0326278,0.0615068,0.530474,0.330047
10524,Solyc03g063320.3,dispersed,TE-like,NA,NA,NA,NA,NA
10525,Solyc03g063350.3,dispersed,TE-like,Solyc11g005400.2,0.727311,3.75747,0.193564,7.09626e-22
10526,Solyc03g063390.1,dispersed,TE-like,Solyc02g069320.1,0.492702,4.38902,0.112258,1.11292e-56
10527,Solyc03g063470.1,dispersed,TE-like,Solyc11g028150.1,0.712411,2.2816,0.312242,5.04775e-06
10528,Solyc03g063480.2,dispersed,TE-like,Solyc11g063520.1,0.0708052,0.119526,0.592385,0.18183
10529,Solyc03g063490.1,dispersed,TE-like,Solyc06g073770.1,0.122062,0.162991,0.748887,0.477173
10530,Solyc03g063493.1,dispersed,TE-like,Solyc10g062050.1,0.228688,0.279537,0.818097,0.647528
10531,Solyc03g063497.1,dispersed,TE-like,Solyc10g062035.1,0.614385,2.09358,0.293461,2.97927e-06
10532,Solyc03g063510.1,dispersed,Unclassified,Solyc00g244290.1,0.251777,0.313048,0.804277,0.382557
10533,Solyc03g063515.1,dispersed,TE-like,Solyc04g050265.1,0.163159,0.383748,0.425171,0.0335698
10534,Solyc03g063530.1,dispersed,TE-like,Solyc12g038653.1,0.0734383,0.275357,0.266702,0.0240644
10535,Solyc03g063563.1,dispersed,TE-like,Solyc09g074185.1,0.617054,3.59691,0.171551,5.17526e-29
10536,Solyc03g063567.1,dispersed,TE-like,Solyc10g007810.3,0.505187,3.30854,0.152692,2.63271e-18
10537,Solyc03g063585.1,dispersed,TE-like,NA,NA,NA,NA,NA
10538,Solyc03g063600.4,dispersed,TE-like,Solyc10g079140.2,0.126008,0.626422,0.201154,1.82322e-23
10539,Solyc03g063690.1,dispersed,Unclassified,Solyc11g005970.1,0.527025,4.44483,0.11857,2.89749e-57
10540,Solyc03g063720.3,dispersed,gbM,Solyc10g080280.2,0.36567,0.818055,0.447,2.49947e-11
10541,Solyc03g063730.3,dispersed,TE-like,Solyc10g080340.2,0.104848,1.05033,0.0998236,2.14861e-50
10542,Solyc03g063765.1,dispersed,TE-like,Solyc08g075485.1,0.236691,0.273376,0.865809,0.653033
10543,Solyc03g063770.2,dispersed,TE-like,Solyc12g039000.2,0.282082,0.375452,0.751314,0.323652
10544,Solyc03g063800.2,dispersed,TE-like,Solyc11g056410.2,0.0722269,0.0455215,1.58665,0.704955
10545,Solyc03g065230.1,dispersed,TE-like,Solyc04g005730.3,0.536436,1.3818,0.388217,1.69533e-07
10546,Solyc03g065250.3,dispersed,TE-like,Solyc12g100270.2,0.142974,1.13525,0.12594,4.20913e-33
10547,Solyc03g065300.1,dispersed,TE-like,Solyc07g026860.3,0.175327,0.403892,0.434095,0.0217899
10548,Solyc03g065340.3,dispersed,TE-like,Solyc05g012510.3,0.181881,2.50277,0.0726722,3.92145e-161
10549,Solyc03g070380.3,dispersed,Unclassified,Solyc02g065250.2,0.107616,0.494786,0.2175,4.2359e-10
10550,Solyc03g071500.1,dispersed,TE-like,Solyc03g051620.2,0.132354,0.386534,0.342412,0.000664599
10551,Solyc03g071610.1,dispersed,TE-like,Solyc08g023550.1,0.0952929,0.250935,0.379751,0.088944
10552,Solyc03g071690.3,dispersed,Unclassified,Solyc07g008240.3,0.36725,1.82316,0.201436,1.79711e-08
10553,Solyc03g071720.3,dispersed,Unclassified,Solyc09g018510.3,0.655859,4.0605,0.161522,6.34358e-21
10554,Solyc03g071770.1,dispersed,TE-like,Solyc08g028910.1,0.147792,0.367554,0.402094,0.0326239
10555,Solyc03g077970.1,dispersed,TE-like,Solyc00g304030.2,0.907132,3.72157,0.24375,1.67465e-09
10556,Solyc03g078005.1,dispersed,TE-like,NA,NA,NA,NA,NA
10557,Solyc03g078010.1,dispersed,TE-like,Solyc02g011950.1,0.106187,0.134627,0.788751,0.768384
10558,Solyc03g078025.1,dispersed,TE-like,Solyc09g074650.3,0.631764,3.349,0.188643,8.11821e-22
10559,Solyc03g078070.2,dispersed,Unclassified,Solyc09g047860.1,0.147356,0.209598,0.70304,0.484843
10560,Solyc03g078075.1,dispersed,TE-like,Solyc11g065845.1,0.139554,0.271974,0.513117,0.0914798
10561,Solyc03g078130.1,dispersed,TE-like,Solyc02g079490.3,0.661785,3.71852,0.17797,3.56925e-14
10562,Solyc03g078140.1,dispersed,TE-like,NA,NA,NA,NA,NA
10563,Solyc03g078150.3,dispersed,gbM,Solyc11g008440.2,0.487294,4.4048,0.110628,4.78927e-43
10564,Solyc03g078170.1,dispersed,TE-like,Solyc01g101080.2,0.161914,0.180199,0.898527,0.827718
10565,Solyc03g078175.1,dispersed,TE-like,Solyc08g016444.1,0.757162,3.45789,0.218967,2.5147e-29
10566,Solyc03g078190.1,dispersed,TE-like,Solyc10g075080.1,0.320995,3.10583,0.103352,2.60841e-29
10567,Solyc03g078240.2,dispersed,Unclassified,Solyc04g081830.1,0.336261,3.82244,0.0879703,8.96728e-43
10568,Solyc03g078290.3,dispersed,TE-like,Solyc11g005680.2,0.00865442,0.846639,0.0102221,2.22472e-31
10569,Solyc03g078300.2,dispersed,TE-like,Solyc12g099040.1,0.73961,4.47542,0.16526,1.56937e-40
10570,Solyc03g078380.1,dispersed,Unmethylated,Solyc11g006430.1,0.561783,3.70883,0.151472,5.73011e-31
10571,Solyc03g078405.1,dispersed,TE-like,Solyc11g020217.1,0.162858,0.308908,0.527207,0.00344737
10572,Solyc03g078540.1,dispersed,TE-like,Solyc05g015656.1,0.063764,0.0860122,0.741336,0.583331
10573,Solyc03g078570.3,dispersed,TE-like,Solyc05g051570.3,0.0410846,0.723937,0.0567516,2.41524e-28
10574,Solyc03g078655.1,dispersed,TE-like,Solyc03g034204.1,0.167509,0.257733,0.649934,0.0227027
10575,Solyc03g078670.2,dispersed,TE-like,Solyc01g010090.1,0.218911,0.17858,1.22584,0.47154
10576,Solyc03g078675.1,dispersed,TE-like,Solyc04g071363.1,0.297646,0.433026,0.687362,0.0943679
10577,Solyc03g079920.3,dispersed,TE-like,Solyc02g091790.3,0.966548,3.96497,0.243772,4.57927e-10
10578,Solyc03g080130.1,dispersed,TE-like,Solyc09g031840.1,0.117715,0.290993,0.404529,0.0115741
10579,Solyc03g080170.3,dispersed,Unclassified,Solyc09g064420.3,0.541786,3.37593,0.160485,1.22809e-16
10580,Solyc03g082363.1,dispersed,Unclassified,Solyc07g049420.1,0.244234,2.81301,0.086823,4.97385e-20
10581,Solyc03g082420.3,dispersed,Unclassified,Solyc05g014280.3,0.612319,3.63411,0.168492,3.02653e-28
10582,Solyc03g082660.3,dispersed,gbM,Solyc08g066750.3,0.0853097,3.30975,0.0257753,1.91108e-121
10583,Solyc03g082725.1,dispersed,Unclassified,Solyc02g038640.2,0.347831,0.417798,0.832536,0.512265
10584,Solyc03g082770.1,dispersed,TE-like,NA,NA,NA,NA,NA
10585,Solyc03g082790.3,dispersed,TE-like,Solyc01g005850.2,0.0964149,0.232503,0.414683,6.09896e-05
10586,Solyc03g082860.3,dispersed,gbM,Solyc11g005730.2,0.335088,4.12329,0.0812673,3.70259e-43
10587,Solyc03g083060.3,dispersed,gbM,Solyc08g075680.3,0.905218,4.20873,0.215081,1.24267e-21
10588,Solyc03g083217.1,dispersed,TE-like,Solyc08g075840.3,0.907227,2.10862,0.430247,0.00015745
10589,Solyc03g083220.1,dispersed,TE-like,Solyc04g018290.1,0.0620488,0.232323,0.26708,0.000953928
10590,Solyc03g083260.1,dispersed,Unmethylated,Solyc02g094490.3,0.0427028,0.17232,0.24781,0.0103861
10591,Solyc03g083290.3,dispersed,Unclassified,Solyc12g042650.2,0.0267752,2.67713,0.0100015,2.47913e-43
10592,Solyc03g083340.2,dispersed,TE-like,Solyc10g050405.1,0.453234,2.07991,0.21791,1.57157e-12
10593,Solyc03g083350.3,dispersed,gbM,Solyc08g082480.3,0.297091,4.44344,0.0668605,9.70436e-77
10594,Solyc03g083370.3,dispersed,Unclassified,Solyc08g082450.3,0.364109,4.08721,0.089085,1.00255e-53
10595,Solyc03g083480.3,dispersed,Unclassified,Solyc03g007210.3,0.521188,3.4648,0.150424,6.19557e-12
10596,Solyc03g083540.3,dispersed,Unclassified,Solyc06g011630.1,NA,0.0784591,0,NA
10597,Solyc03g083650.3,dispersed,Unclassified,Solyc05g052870.3,0.384322,4.2697,0.0900115,4.52428e-65
10598,Solyc03g083785.1,dispersed,TE-like,Solyc11g017090.2,0.0318633,0.0445987,0.714445,0.371903
10599,Solyc03g083800.1,dispersed,TE-like,Solyc11g020020.1,0.0775789,0.146981,0.527815,0.0145779
10600,Solyc03g083810.3,dispersed,TE-like,Solyc11g017077.1,0.0160455,0.017319,0.926464,0.882176
10601,Solyc03g083825.1,dispersed,Unclassified,Solyc03g113460.1,0.292622,0.608819,0.480638,0.0104435
10602,Solyc03g083830.1,dispersed,gbM,Solyc03g113310.1,0.326483,1.12885,0.289218,3.46087e-06
10603,Solyc03g083835.1,dispersed,TE-like,Solyc10g007810.3,0.585775,4.00515,0.146255,7.88668e-39
10604,Solyc03g083843.1,dispersed,TE-like,Solyc10g047823.1,0.0639495,0.144244,0.443342,0.000440231
10605,Solyc03g083847.1,dispersed,TE-like,Solyc11g020875.1,0.0921378,0.17249,0.534164,0.0477452
10606,Solyc03g083920.1,dispersed,TE-like,NA,NA,NA,NA,NA
10607,Solyc03g083930.1,dispersed,TE-like,Solyc01g110070.2,0.173342,1.4602,0.118711,2.15028e-15
10608,Solyc03g093150.2,dispersed,TE-like,Solyc03g118280.1,0.871975,4.77077,0.182775,1.79511e-44
10609,Solyc03g093160.3,dispersed,TE-like,Solyc05g056290.3,0.599614,3.99784,0.149984,3.44778e-38
10610,Solyc03g093180.1,dispersed,Unclassified,Solyc04g080000.1,0.745928,3.78988,0.196821,4.10577e-11
10611,Solyc03g093630.2,dispersed,TE-like,Solyc03g025700.1,0.609669,4.18047,0.145837,5.96799e-48
10612,Solyc03g093780.1,dispersed,Unmethylated,Solyc09g091710.2,0.243658,2.89938,0.084038,7.93116e-14
10613,Solyc03g093820.1,dispersed,TE-like,Solyc07g009270.1,0.0343392,0.0536294,0.640305,0.463035
10614,Solyc03g093900.1,dispersed,TE-like,Solyc06g066447.1,0.0210223,0.0244424,0.860078,0.686815
10615,Solyc03g093970.3,dispersed,TE-like,Solyc02g062810.3,0.0190663,0.167787,0.113634,1.00145e-21
10616,Solyc03g093990.3,dispersed,TE-like,Solyc04g074145.1,0.917444,3.97663,0.230709,4.74742e-33
10617,Solyc03g094100.1,dispersed,TE-like,Solyc01g067165.1,0.192591,0.179213,1.07465,0.576577
10618,Solyc03g095200.1,dispersed,Unclassified,Solyc12g019290.1,0.653112,4.54058,0.143839,1.28288e-55
10619,Solyc03g095270.1,dispersed,TE-like,Solyc08g059770.1,0.544806,1.34908,0.403836,4.00517e-05
10620,Solyc03g095290.3,dispersed,TE-like,Solyc06g067890.3,0.802399,4.22924,0.189727,1.03164e-19
10621,Solyc03g095310.3,dispersed,gbM,Solyc03g025640.2,0.627773,4.33543,0.144801,5.30209e-34
10622,Solyc03g095383.1,dispersed,TE-like,Solyc10g051273.1,0.0366862,0.0294806,1.24442,0.643218
10623,Solyc03g095387.1,dispersed,TE-like,Solyc10g051277.1,0.102339,0.144225,0.709575,0.203603
10624,Solyc03g095410.3,dispersed,TE-like,Solyc11g050710.2,0.122775,0.649728,0.188964,4.72293e-45
10625,Solyc03g095690.3,dispersed,gbM,Solyc03g006570.3,0.760474,3.77476,0.201463,9.24552e-16
10626,Solyc03g095750.2,dispersed,TE-like,Solyc09g015630.2,0.225042,0.394405,0.570587,0.0622624
10627,Solyc03g095757.1,dispersed,TE-like,Solyc01g010790.1,0.536319,3.49781,0.15333,5.4944e-17
10628,Solyc03g095760.3,dispersed,TE-like,Solyc01g100730.3,0.662287,4.04496,0.163731,2.07348e-31
10629,Solyc03g095890.2,dispersed,TE-like,Solyc11g021090.2,0.154746,0.265586,0.582656,0.11054
10630,Solyc03g095970.3,dispersed,TE-like,Solyc03g113460.1,0.419492,4.15285,0.101013,1.10364e-27
10631,Solyc03g096020.2,dispersed,TE-like,Solyc00g084760.1,0.172872,0.819857,0.210856,2.77119e-07
10632,Solyc03g096193.1,dispersed,TE-like,Solyc06g048897.1,0.0782664,0.103857,0.7536,0.475498
10633,Solyc03g096220.3,dispersed,Unclassified,Solyc10g079310.2,0.0149485,0.121128,0.123411,0.00702414
10634,Solyc03g096306.1,dispersed,TE-like,Solyc09g072730.2,0.0342493,0.0239992,1.4271,0.957018
10635,Solyc03g096435.1,dispersed,TE-like,Solyc10g017753.1,0.0300244,0.0122055,2.4599,0.262189
10636,Solyc03g096610.2,dispersed,TE-like,Solyc09g092150.1,0.570944,4.20799,0.135681,5.47446e-53
10637,Solyc03g096620.2,dispersed,TE-like,Solyc03g026400.2,0.24008,0.32669,0.734887,0.13476
10638,Solyc03g096630.1,dispersed,TE-like,Solyc04g054840.1,0.288266,1.46768,0.196408,3.98096e-33
10639,Solyc03g096800.3,dispersed,TE-like,Solyc09g059460.3,0.808999,3.7197,0.21749,2.25241e-18
10640,Solyc03g096900.3,dispersed,TE-like,Solyc03g123370.3,0.690585,4.55868,0.151488,8.63158e-42
10641,Solyc03g097060.3,dispersed,TE-like,Solyc04g045650.3,0.627136,4.01449,0.156218,1.17087e-29
10642,Solyc03g097080.3,dispersed,gbM,Solyc09g010740.3,0.359716,3.25541,0.110498,2.74804e-18
10643,Solyc03g097230.1,dispersed,Unmethylated,Solyc04g056330.1,0.486213,3.56515,0.136379,2.25803e-16
10644,Solyc03g097250.3,dispersed,gbM,Solyc12g094630.2,0.807301,3.00926,0.268272,1.03827e-06
10645,Solyc03g097270.3,dispersed,Unclassified,Solyc01g009020.3,0.309558,1.70991,0.181038,2.23373e-08
10646,Solyc03g097280.3,dispersed,TE-like,NA,NA,NA,NA,NA
10647,Solyc03g097290.3,dispersed,TE-like,Solyc01g111990.3,0.735691,4.63808,0.15862,1.0019e-51
10648,Solyc03g097340.1,dispersed,Unmethylated,Solyc04g082470.2,0.255659,4.00116,0.0638963,2.71972e-87
10649,Solyc03g097390.3,dispersed,Unclassified,Solyc12g006930.2,0.455005,4.11057,0.110691,2.5344e-55
10650,Solyc03g097410.1,dispersed,TE-like,Solyc06g072740.1,0.213344,1.87799,0.113602,9.14674e-42
10651,Solyc03g097450.3,dispersed,TE-like,Solyc01g109510.3,0.786783,4.41984,0.178012,3.42684e-28
10652,Solyc03g097470.3,dispersed,TE-like,Solyc08g006560.3,0.147101,0.869996,0.169082,1.79524e-23
10653,Solyc03g097640.3,dispersed,gbM,Solyc06g072600.3,0.136469,1.11867,0.121992,4.11216e-07
10654,Solyc03g097650.3,dispersed,TE-like,Solyc01g009860.3,0.311039,3.45002,0.0901558,3.0115e-42
10655,Solyc03g097700.3,dispersed,TE-like,Solyc02g077530.2,0.353487,2.68867,0.131473,6.19722e-36
10656,Solyc03g097740.1,dispersed,Unmethylated,Solyc07g049390.2,0.785233,4.42411,0.177489,8.01647e-21
10657,Solyc03g097750.3,dispersed,Unclassified,Solyc02g094440.3,0.368903,2.45197,0.150452,4.60125e-21
10658,Solyc03g097780.3,dispersed,TE-like,Solyc02g094500.3,0.555624,4.3014,0.129173,1.02608e-38
10659,Solyc03g097910.3,dispersed,TE-like,Solyc02g044040.2,0.186536,0.367746,0.507241,0.0116942
10660,Solyc03g097920.1,dispersed,Unclassified,Solyc03g123800.2,0.371445,3.83877,0.0967614,0
10661,Solyc03g097940.3,dispersed,gbM,Solyc11g011500.2,0.233792,3.50041,0.0667899,5.08165e-104
10662,Solyc03g097980.3,dispersed,gbM,Solyc08g076160.3,0.310846,4.69348,0.0662294,1.50817e-131
10663,Solyc03g098020.3,dispersed,Unclassified,Solyc08g066440.3,0.388785,4.24896,0.0915014,9.9506e-48
10664,Solyc03g098040.1,dispersed,Unclassified,Solyc09g064970.1,0.525703,2.11484,0.248578,4.46306e-10
10665,Solyc03g098230.3,dispersed,TE-like,Solyc01g008900.3,0.876377,4.12833,0.212283,1.5423e-15
10666,Solyc03g098600.3,dispersed,TE-like,Solyc12g008360.2,0.400608,4.71135,0.0850304,2.74681e-77
10667,Solyc03g104820.1,dispersed,TE-like,Solyc12g038460.1,0.14475,0.308549,0.469133,0.114795
10668,Solyc03g110930.3,dispersed,Unclassified,Solyc02g068090.3,0.430038,3.53338,0.121707,3.7236e-23
10669,Solyc03g111100.1,dispersed,Unmethylated,Solyc02g093890.1,0.454374,3.85357,0.11791,1.89073e-31
10670,Solyc03g111170.3,dispersed,Unclassified,Solyc08g076300.3,0.545597,4.42307,0.123353,9.06176e-59
10671,Solyc03g111180.3,dispersed,gbM,Solyc11g007090.2,0.321351,4.17929,0.0768911,2.87681e-109
10672,Solyc03g111200.3,dispersed,TE-like,Solyc05g014980.3,0.0609214,3.75259,0.0162345,7.13441e-77
10673,Solyc03g111210.3,dispersed,TE-like,Solyc01g081020.1,0.449025,4.48752,0.100061,7.03237e-83
10674,Solyc03g111340.3,dispersed,TE-like,Solyc07g064850.3,1.03172,4.17273,0.247254,4.81971e-14
10675,Solyc03g111410.3,dispersed,TE-like,Solyc03g111500.3,0.27979,0.351032,0.797049,0.191885
10676,Solyc03g111570.3,dispersed,TE-like,Solyc01g006360.3,0.317268,4.71319,0.067315,2.36411e-169
10677,Solyc03g111610.3,dispersed,Unclassified,Solyc11g009020.2,0.5954,3.91246,0.15218,7.65467e-20
10678,Solyc03g112130.1,dispersed,Unclassified,Solyc09g075960.1,0.510438,3.84442,0.132774,9.472e-38
10679,Solyc03g112280.3,dispersed,gbM,Solyc04g015160.3,0.383264,4.8682,0.0787279,6.11757e-118
10680,Solyc03g112293.1,dispersed,TE-like,Solyc01g056420.1,0.588996,2.16383,0.272201,1.0387e-07
10681,Solyc03g112320.3,dispersed,gbM,Solyc01g102610.3,0.715815,4.64871,0.153982,8.10083e-46
10682,Solyc03g112350.3,dispersed,TE-like,Solyc12g044860.2,0.270374,3.9274,0.068843,1.22908e-74
10683,Solyc03g112353.1,dispersed,TE-like,Solyc12g044860.2,0.165117,3.42006,0.048279,1.24741e-54
10684,Solyc03g112357.1,dispersed,Unclassified,Solyc12g044860.2,0.326704,3.44318,0.0948844,3.97821e-40
10685,Solyc03g112400.1,dispersed,TE-like,Solyc06g065080.1,0.0525801,0.0211053,2.49132,0.607033
10686,Solyc03g112420.2,dispersed,gbM,Solyc06g051150.1,0.158263,0.861356,0.183737,1.29649e-09
10687,Solyc03g112450.3,dispersed,Unclassified,Solyc11g043150.2,0.0372026,0.0857899,0.433648,0.0166173
10688,Solyc03g112530.3,dispersed,TE-like,Solyc03g119090.3,0.955228,4.31017,0.221622,2.27948e-25
10689,Solyc03g112595.1,dispersed,Unclassified,Solyc05g010765.1,0.469806,1.35909,0.345678,3.01966e-10
10690,Solyc03g112700.1,dispersed,Unclassified,Solyc01g108440.2,0.258486,3.87031,0.0667869,3.49754e-42
10691,Solyc03g112780.1,dispersed,Unmethylated,Solyc03g115420.2,0.199831,1.17825,0.169599,5.35608e-12
10692,Solyc03g112900.3,dispersed,Unmethylated,Solyc07g007450.3,0.0834176,0.379279,0.219937,1.28537e-08
10693,Solyc03g113160.1,dispersed,Unclassified,Solyc04g017620.3,0.25807,1.81227,0.142402,5.2416e-22
10694,Solyc03g113300.3,dispersed,Unmethylated,Solyc03g113460.1,0.350397,1.99277,0.175834,1.79969e-26
10695,Solyc03g113310.1,dispersed,Unclassified,Solyc03g083830.1,0.326483,1.12885,0.289218,3.46087e-06
10696,Solyc03g113370.3,dispersed,TE-like,Solyc06g071120.3,0.179123,1.00489,0.17825,8.23573e-79
10697,Solyc03g113390.3,dispersed,Unclassified,Solyc09g005550.3,0.221677,4.38017,0.0506093,2.0327e-101
10698,Solyc03g113460.1,dispersed,Unmethylated,Solyc03g095970.3,0.419492,4.15285,0.101013,1.10364e-27
10699,Solyc03g113500.3,dispersed,TE-like,Solyc08g068050.3,0.639243,4.21666,0.151599,4.32695e-27
10700,Solyc03g113610.3,dispersed,TE-like,Solyc01g009290.3,0.907344,4.0496,0.224058,1.35131e-14
10701,Solyc03g113830.2,dispersed,Unclassified,Solyc01g089930.2,0.0716731,0.0470555,1.52316,0.511351
10702,Solyc03g114010.2,dispersed,gbM,Solyc06g076900.3,0.629545,4.34805,0.144788,6.77297e-53
10703,Solyc03g114140.3,dispersed,gbM,Solyc12g008420.2,0.891795,4.7243,0.188768,3.7644e-40
10704,Solyc03g114180.3,dispersed,Unclassified,Solyc01g107820.2,0.618624,4.24879,0.1456,8.9471e-31
10705,Solyc03g114370.3,dispersed,TE-like,Solyc07g064520.3,0.585291,4.27459,0.136923,3.37345e-54
10706,Solyc03g114450.3,dispersed,gbM,Solyc03g059180.3,1.00004,4.2112,0.237471,5.56105e-11
10707,Solyc03g114690.3,dispersed,TE-like,Solyc07g008860.3,0.946335,3.97114,0.238303,6.67646e-21
10708,Solyc03g114870.1,dispersed,Unclassified,Solyc10g009055.1,0.771895,4.17485,0.184892,9.44933e-36
10709,Solyc03g114930.3,dispersed,TE-like,Solyc10g054420.2,0.691373,3.82805,0.180607,2.10735e-14
10710,Solyc03g114940.3,dispersed,Unclassified,Solyc01g096280.2,0.396555,4.35373,0.0910841,7.85105e-70
10711,Solyc03g115050.3,dispersed,Unclassified,Solyc05g025590.3,0.650832,4.41629,0.147371,3.5611e-41
10712,Solyc03g115110.3,dispersed,TE-like,Solyc12g005060.1,0.745307,3.9363,0.189342,2.2065e-24
10713,Solyc03g115420.2,dispersed,Unclassified,Solyc04g017620.3,0.245633,0.495582,0.495646,4.95791e-05
10714,Solyc03g115530.3,dispersed,TE-like,Solyc12g098860.2,0.772886,4.46019,0.173286,7.05464e-47
10715,Solyc03g115560.3,dispersed,gbM,Solyc06g060610.2,0.446931,4.27906,0.104446,2.38654e-48
10716,Solyc03g115570.1,dispersed,gbM,Solyc08g023640.1,0.531615,4.37608,0.121482,1.04778e-64
10717,Solyc03g115630.3,dispersed,TE-like,Solyc12g010180.2,0.852511,3.84227,0.221877,4.16145e-25
10718,Solyc03g115790.1,dispersed,Unclassified,Solyc09g092150.1,0.569334,4.32702,0.131577,4.78777e-43
10719,Solyc03g115800.1,dispersed,Unclassified,Solyc08g023640.1,0.566874,4.15999,0.136268,1.44549e-35
10720,Solyc03g115820.3,dispersed,gbM,Solyc05g007260.3,0.612014,3.80911,0.160671,5.07014e-19
10721,Solyc03g115920.3,dispersed,Unmethylated,Solyc06g068640.2,0.439111,3.68178,0.119266,6.53191e-25
10722,Solyc03g116000.1,dispersed,Unclassified,Solyc08g023640.1,0.562368,4.38205,0.128335,2.58585e-73
10723,Solyc03g116060.3,dispersed,gbM,Solyc08g062600.2,0.196501,1.40675,0.139684,5.05174e-36
10724,Solyc03g116063.1,dispersed,Unclassified,Solyc03g122110.1,0.074434,0.237005,0.31406,3.09184e-10
10725,Solyc03g116085.1,dispersed,Unclassified,Solyc04g049660.2,0.32752,1.99142,0.164466,7.96668e-08
10726,Solyc03g116247.1,dispersed,gbM,Solyc04g014960.3,0.0407552,0.0667926,0.610176,0.420246
10727,Solyc03g116380.3,dispersed,TE-like,Solyc02g030080.3,0.836846,4.46952,0.187234,1.65361e-25
10728,Solyc03g116530.3,dispersed,Unmethylated,Solyc02g084410.3,0.399701,3.51106,0.11384,9.99466e-23
10729,Solyc03g116540.1,dispersed,Unclassified,Solyc03g114920.1,0.946639,4.20608,0.225064,5.89389e-18
10730,Solyc03g116560.1,dispersed,TE-like,Solyc07g047820.2,0.801125,4.58934,0.174562,6.23073e-35
10731,Solyc03g116810.3,dispersed,TE-like,Solyc12g042740.2,0.0984779,0.896142,0.109891,1.1934e-47
10732,Solyc03g116840.2,dispersed,TE-like,Solyc12g009640.1,0.303902,3.20175,0.0949174,5.21175e-81
10733,Solyc03g116843.1,dispersed,gbM,Solyc06g035600.3,0.621592,4.49876,0.13817,2.13722e-49
10734,Solyc03g116990.1,dispersed,Unmethylated,Solyc06g010060.1,0.00756958,0.496964,0.0152317,3.17446e-15
10735,Solyc03g117000.3,dispersed,TE-like,Solyc04g047690.3,0.328501,1.8626,0.176366,1.37083e-15
10736,Solyc03g117110.3,dispersed,TE-like,Solyc07g005060.3,0.284556,3.7468,0.0759465,1.43898e-43
10737,Solyc03g117140.2,dispersed,Unclassified,Solyc01g065830.1,0.0375788,0.0282191,1.33168,0.77328
10738,Solyc03g117145.1,dispersed,TE-like,Solyc12g035522.1,0.338294,0.590179,0.573205,0.0712806
10739,Solyc03g117220.1,dispersed,TE-like,Solyc07g041240.2,0.25664,0.772253,0.332326,5.2664e-05
10740,Solyc03g117270.1,dispersed,Unmethylated,Solyc07g015800.1,0.526207,4.05058,0.129909,4.79706e-46
10741,Solyc03g117300.3,dispersed,gbM,Solyc07g007340.3,0.192233,4.50427,0.0426779,1.52319e-119
10742,Solyc03g117320.3,dispersed,TE-like,Solyc01g057250.2,0.383464,0.902482,0.424899,0.0210646
10743,Solyc03g117530.1,dispersed,Unclassified,Solyc04g026070.1,0.0847987,0.229414,0.369631,0.0236474
10744,Solyc03g117570.3,dispersed,Unclassified,Solyc07g025250.2,0.768409,4.33417,0.177291,5.23574e-32
10745,Solyc03g117800.3,dispersed,gbM,Solyc07g006300.3,0.226513,4.43079,0.0511224,1.2799e-128
10746,Solyc03g117860.3,dispersed,Unmethylated,Solyc04g077000.3,0.475683,3.42015,0.139082,8.78728e-20
10747,Solyc03g117970.3,dispersed,TE-like,Solyc11g067250.2,0.70106,4.61495,0.151911,2.49197e-52
10748,Solyc03g118080.3,dispersed,Unclassified,Solyc12g096510.2,0.624995,2.41566,0.258726,3.43877e-22
10749,Solyc03g118170.3,dispersed,TE-like,Solyc11g039830.2,0.0871032,4.551,0.0191394,2.85429e-166
10750,Solyc03g118270.1,dispersed,Unclassified,Solyc02g084210.1,0.0692652,2.7049,0.0256073,4.466e-96
10751,Solyc03g118390.3,dispersed,TE-like,Solyc05g023767.1,0.25659,3.81494,0.0672593,7.61773e-37
10752,Solyc03g118430.3,dispersed,TE-like,Solyc12g008710.2,1.08874,4.81103,0.226301,3.45969e-29
10753,Solyc03g118583.1,dispersed,TE-like,Solyc02g062030.1,0.317167,3.19521,0.0992631,3.23272e-11
10754,Solyc03g118585.1,dispersed,TE-like,Solyc04g063245.1,0.212454,1.99014,0.106753,2.67305e-22
10755,Solyc03g118610.3,dispersed,gbM,Solyc09g042335.1,0.185623,0.196733,0.94353,0.876103
10756,Solyc03g118640.3,dispersed,TE-like,Solyc09g018790.3,0.916973,2.4024,0.38169,4.67444e-06
10757,Solyc03g118690.3,dispersed,gbM,Solyc10g047300.2,0.403585,4.52941,0.0891032,1.88583e-63
10758,Solyc03g118770.3,dispersed,Unmethylated,Solyc11g072770.2,0.571556,3.27307,0.174624,9.31032e-15
10759,Solyc03g118790.2,dispersed,Unclassified,Solyc11g005940.2,0.802414,4.45384,0.180162,5.4719e-34
10760,Solyc03g118850.3,dispersed,gbM,Solyc04g007450.3,0.265512,2.94604,0.090125,1.04622e-63
10761,Solyc03g118920.3,dispersed,TE-like,Solyc04g007510.3,0.24229,5.00176,0.048441,2.25185e-183
10762,Solyc03g119030.3,dispersed,Unclassified,Solyc12g040480.2,0.37713,0.967808,0.389674,0.00360887
10763,Solyc03g119035.1,dispersed,TE-like,Solyc12g040500.2,0.185927,0.498901,0.372673,0.000247326
10764,Solyc03g119070.2,dispersed,gbM,Solyc02g071530.2,0.608797,4.28574,0.142052,1.47418e-61
10765,Solyc03g119090.3,dispersed,TE-like,Solyc03g112530.3,0.955228,4.31017,0.221622,2.27948e-25
10766,Solyc03g119110.3,dispersed,Unclassified,Solyc06g069000.3,0.220646,1.29812,0.169973,3.27582e-21
10767,Solyc03g119120.3,dispersed,gbM,Solyc06g064600.1,0.455982,4.52202,0.100836,3.28382e-92
10768,Solyc03g119130.3,dispersed,Unclassified,Solyc04g007890.3,0.525463,3.69956,0.142034,1.66707e-17
10769,Solyc03g119200.3,dispersed,gbM,Solyc08g045760.1,0.227545,0.304755,0.746649,0.352029
10770,Solyc03g119280.3,dispersed,TE-like,Solyc01g102800.3,0.834951,4.02405,0.20749,1.7025e-17
10771,Solyc03g119310.3,dispersed,Unmethylated,Solyc09g065170.2,0.625057,1.34099,0.466116,0.00826671
10772,Solyc03g119330.3,dispersed,TE-like,Solyc01g060280.3,0.412653,4.36466,0.0945439,3.87318e-56
10773,Solyc03g119420.3,dispersed,TE-like,Solyc08g075730.3,0.0398183,0.271127,0.146862,1.79159e-11
10774,Solyc03g119430.3,dispersed,TE-like,Solyc09g065080.2,0.716304,3.4957,0.20491,0
10775,Solyc03g119490.3,dispersed,TE-like,Solyc12g009020.2,0.289146,2.50507,0.115424,7.80817e-45
10776,Solyc03g119560.1,dispersed,Unmethylated,Solyc05g014637.1,0.259381,0.687869,0.377079,0.0080012
10777,Solyc03g119570.2,dispersed,gbM,Solyc08g067425.1,0.66891,3.6607,0.182728,3.7979e-15
10778,Solyc03g119650.3,dispersed,TE-like,Solyc02g091790.3,0.849881,4.00174,0.212378,4.29134e-12
10779,Solyc03g119710.3,dispersed,TE-like,Solyc03g119570.2,0.445312,4.15265,0.107236,2.7877e-81
10780,Solyc03g119870.3,dispersed,TE-like,Solyc07g056030.3,0.795303,4.48612,0.177281,2.42806e-36
10781,Solyc03g119910.3,dispersed,TE-like,Solyc06g066820.3,0.103837,1.43529,0.0723452,1.37853e-37
10782,Solyc03g119920.1,dispersed,gbM,Solyc12g042960.2,0.667156,4.38162,0.152262,4.01726e-33
10783,Solyc03g119930.1,dispersed,Unclassified,Solyc10g084680.1,0.271983,4.32082,0.062947,2.83911e-87
10784,Solyc03g119950.1,dispersed,Unclassified,Solyc11g039690.1,0.269385,0.755387,0.356618,2.15321e-05
10785,Solyc03g119970.3,dispersed,gbM,Solyc12g042950.2,0.0648474,0.664657,0.0975652,9.04018e-62
10786,Solyc03g119990.3,dispersed,gbM,Solyc06g067890.3,0.127134,0.535495,0.237413,6.53059e-30
10787,Solyc03g120030.1,dispersed,Unmethylated,Solyc06g072450.1,0.360484,2.34932,0.153442,3.67025e-15
10788,Solyc03g120070.3,dispersed,TE-like,Solyc11g005940.2,0.828653,4.51605,0.183491,3.5183e-23
10789,Solyc03g120080.3,dispersed,TE-like,Solyc02g091790.3,0.873744,3.12891,0.279248,8.44481e-10
10790,Solyc03g120090.1,dispersed,Unmethylated,Solyc06g081980.1,0.228146,4.12148,0.0553553,4.52264e-55
10791,Solyc03g120200.2,dispersed,TE-like,Solyc10g079510.2,0.79997,4.62409,0.173001,1.80332e-53
10792,Solyc03g120210.2,dispersed,TE-like,Solyc08g015850.2,0.408613,1.15957,0.352384,0.000145017
10793,Solyc03g120240.3,dispersed,TE-like,Solyc12g043050.2,0.0922433,0.554934,0.166224,1.44769e-10
10794,Solyc03g120370.1,dispersed,TE-like,Solyc09g031820.1,0.136962,0.21857,0.62663,0.161941
10795,Solyc03g120510.1,dispersed,Unmethylated,Solyc11g045220.2,0.839636,3.80863,0.220456,1.82269e-09
10796,Solyc03g120720.3,dispersed,gbM,Solyc11g069400.2,0.712455,1.80605,0.394482,5.46503e-15
10797,Solyc03g120750.3,dispersed,Unclassified,Solyc04g072060.3,0.203401,3.64249,0.0558412,1.38203e-45
10798,Solyc03g120900.2,dispersed,Unclassified,Solyc02g087300.1,0.109964,3.95211,0.027824,2.86209e-73
10799,Solyc03g121160.1,dispersed,TE-like,Solyc06g034260.1,0.172031,0.998185,0.172344,1.06032e-14
10800,Solyc03g121260.3,dispersed,TE-like,Solyc11g069340.2,0.849387,4.40088,0.193004,5.73556e-36
10801,Solyc03g121270.3,dispersed,gbM,Solyc12g008690.2,0.209373,1.93988,0.107931,1.08798e-60
10802,Solyc03g121295.1,dispersed,Unclassified,Solyc04g080420.3,0.621367,1.28688,0.482846,0.00141382
10803,Solyc03g121450.3,dispersed,Unclassified,Solyc03g123840.3,0.665594,3.83543,0.173538,2.53206e-29
10804,Solyc03g121500.3,dispersed,TE-like,Solyc02g065630.3,0.627305,3.91952,0.160046,1.77394e-16
10805,Solyc03g121580.3,dispersed,TE-like,Solyc07g039330.3,0.159991,4.21045,0.0379986,1.0132e-113
10806,Solyc03g121610.3,dispersed,gbM,Solyc07g039340.3,0.339121,4.80715,0.0705451,7.57147e-130
10807,Solyc03g121630.3,dispersed,TE-like,Solyc05g041350.1,0.194337,0.287254,0.676532,0.362004
10808,Solyc03g121670.3,dispersed,TE-like,Solyc08g023500.3,0.637132,3.99084,0.159648,1.22336e-37
10809,Solyc03g121720.2,dispersed,gbM,Solyc02g022930.3,0.756643,3.90822,0.193603,2.64663e-13
10810,Solyc03g121850.3,dispersed,TE-like,Solyc07g066300.3,0.701681,2.26699,0.30952,3.70922e-19
10811,Solyc03g122000.3,dispersed,TE-like,Solyc01g017430.1,0.197172,0.455495,0.432875,0.0182826
10812,Solyc03g122010.1,dispersed,TE-like,Solyc11g021090.2,0.179262,0.276634,0.648011,0.179889
10813,Solyc03g122110.1,dispersed,Unclassified,Solyc04g079920.3,0.117407,1.34839,0.0870721,1.30884e-67
10814,Solyc03g122220.1,dispersed,TE-like,Solyc07g017827.1,0.557136,1.91459,0.290995,0.000198433
10815,Solyc03g123370.3,dispersed,Unclassified,Solyc09g075390.3,0.714852,4.46692,0.160033,5.62708e-62
10816,Solyc03g123410.1,dispersed,Unmethylated,Solyc07g041720.1,0.235868,3.75107,0.0628801,2.14509e-40
10817,Solyc03g123460.3,dispersed,Unmethylated,Solyc06g063085.1,0.44475,2.23506,0.198988,3.614e-07
10818,Solyc03g123480.2,dispersed,Unmethylated,Solyc04g077000.3,0.377664,2.0223,0.186749,9.03544e-05
10819,Solyc03g123510.3,dispersed,Unclassified,Solyc01g104580.3,0.750374,3.74653,0.200285,4.2722e-12
10820,Solyc03g123700.3,dispersed,TE-like,Solyc12g014220.2,0.935032,4.03134,0.231941,5.29989e-17
10821,Solyc03g123800.2,dispersed,Unmethylated,Solyc12g009020.2,0.544012,3.9067,0.139251,2.76375e-31
10822,Solyc03g123840.3,dispersed,TE-like,Solyc03g121450.3,0.665594,3.83543,0.173538,2.53206e-29
10823,Solyc04g005035.1,dispersed,TE-like,Solyc05g026490.3,0.792232,3.46488,0.228646,2.69478e-13
10824,Solyc04g005120.3,dispersed,Unclassified,Solyc01g106810.3,0.525432,3.63438,0.144573,2.26228e-15
10825,Solyc04g005160.2,dispersed,TE-like,Solyc05g010260.3,0.0370035,0.714579,0.0517837,4.5109e-46
10826,Solyc04g005300.3,dispersed,Unclassified,Solyc06g069390.3,0.424452,1.62749,0.260801,2.14673e-11
10827,Solyc04g005425.1,dispersed,Unclassified,Solyc11g070040.2,0.925894,4.08985,0.226388,8.56163e-14
10828,Solyc04g005460.1,dispersed,gbM,Solyc09g092150.1,0.592535,4.29908,0.137828,4.49529e-49
10829,Solyc04g005630.3,dispersed,TE-like,Solyc11g017050.1,0.401755,4.32151,0.0929664,1.38933e-67
10830,Solyc04g005690.3,dispersed,TE-like,Solyc02g081960.3,0.0339171,0.265799,0.127604,9.51365e-40
10831,Solyc04g005700.3,dispersed,Unmethylated,Solyc04g007760.3,0.274491,1.0136,0.270808,2.55659e-06
10832,Solyc04g005730.3,dispersed,TE-like,Solyc03g065230.1,0.536436,1.3818,0.388217,1.69533e-07
10833,Solyc04g005770.2,dispersed,gbM,Solyc02g079380.2,0.681331,4.43328,0.153686,7.98657e-40
10834,Solyc04g005920.1,dispersed,gbM,Solyc05g010450.1,0.297723,1.49637,0.198964,2.06969e-19
10835,Solyc04g007010.3,dispersed,TE-like,Solyc04g007770.3,0.276633,0.658989,0.419784,0.00273136
10836,Solyc04g007115.1,dispersed,TE-like,Solyc04g007760.3,0.243498,1.6284,0.149532,1.72423e-05
10837,Solyc04g007240.1,dispersed,Unclassified,Solyc05g009410.2,0.239674,1.46374,0.16374,4.99995e-29
10838,Solyc04g007250.1,dispersed,Unmethylated,Solyc05g009420.1,0.253164,1.44201,0.175564,5.81827e-26
10839,Solyc04g007320.2,dispersed,gbM,Solyc04g056570.3,0.338919,1.69124,0.200396,3.57569e-90
10840,Solyc04g007450.3,dispersed,TE-like,Solyc09g059675.1,0.240435,0.966451,0.248781,3.30708e-10
10841,Solyc04g007490.3,dispersed,Unclassified,Solyc05g007350.2,0.502767,1.77445,0.283336,1.95835e-55
10842,Solyc04g007510.3,dispersed,TE-like,Solyc03g118920.3,0.24229,5.00176,0.048441,2.25185e-183
10843,Solyc04g007540.2,dispersed,TE-like,Solyc07g006730.3,0.26788,2.61355,0.102496,5.15265e-64
10844,Solyc04g007810.1,dispersed,TE-like,Solyc07g017980.1,0.0747661,0.165925,0.450602,0.0443503
10845,Solyc04g007840.3,dispersed,Unclassified,Solyc04g074100.3,0.145304,1.36272,0.106629,3.14404e-20
10846,Solyc04g007860.3,dispersed,TE-like,Solyc02g043810.3,0.291198,2.46557,0.118106,2.40345e-59
10847,Solyc04g007890.3,dispersed,Unmethylated,Solyc03g119130.3,0.525463,3.69956,0.142034,1.66707e-17
10848,Solyc04g008380.3,dispersed,TE-like,Solyc01g110470.3,0.603766,3.80644,0.158617,1.50289e-20
10849,Solyc04g008470.3,dispersed,Unclassified,Solyc07g007750.3,0.228536,1.34076,0.170453,1.1397e-08
10850,Solyc04g008510.3,dispersed,TE-like,Solyc08g082050.2,0.267732,1.77173,0.151114,1.89062e-38
10851,Solyc04g008550.3,dispersed,TE-like,Solyc12g006620.2,0.721691,4.19706,0.171952,6.60334e-50
10852,Solyc04g008610.3,dispersed,TE-like,Solyc01g008120.3,0.145148,0.58815,0.246788,3.49988e-69
10853,Solyc04g008640.3,dispersed,TE-like,Solyc07g017520.3,0.0798878,0.332814,0.240037,3.10389e-10
10854,Solyc04g008690.3,dispersed,TE-like,Solyc09g020000.3,0.500765,3.82161,0.131035,1.80209e-30
10855,Solyc04g008700.3,dispersed,TE-like,Solyc11g044340.2,0.831268,4.59756,0.180806,3.57958e-41
10856,Solyc04g008720.3,dispersed,TE-like,Solyc02g078800.3,0.272046,3.9179,0.0694368,1.15524e-58
10857,Solyc04g008790.1,dispersed,Unmethylated,Solyc01g111420.3,0.377776,1.72625,0.218841,7.624e-14
10858,Solyc04g008810.3,dispersed,gbM,Solyc06g007470.3,0.00697249,0.791794,0.00880594,8.45573e-27
10859,Solyc04g009000.1,dispersed,TE-like,Solyc09g005710.2,0.561327,4.15871,0.134976,2.56515e-52
10860,Solyc04g009010.2,dispersed,TE-like,Solyc02g065055.1,0.362715,1.44544,0.250937,4.32963e-05
10861,Solyc04g009020.3,dispersed,TE-like,Solyc07g054200.3,1.02497,4.48864,0.228347,2.46157e-36
10862,Solyc04g009050.3,dispersed,TE-like,Solyc01g105120.3,0.343487,0.571969,0.600535,0.00664604
10863,Solyc04g009140.3,dispersed,TE-like,Solyc09g075370.3,0.0260488,0.167411,0.155598,1.80007e-08
10864,Solyc04g009180.2,dispersed,Unclassified,Solyc11g020670.1,0.625845,3.91766,0.15975,1.55784e-27
10865,Solyc04g009190.3,dispersed,gbM,Solyc00g005050.3,0.136569,1.32476,0.10309,9.3272e-23
10866,Solyc04g009210.1,dispersed,TE-like,Solyc06g076900.3,0.554869,4.33156,0.128099,3.4583e-51
10867,Solyc04g009220.1,dispersed,TE-like,Solyc03g118280.1,0.833176,4.64841,0.179239,8.45559e-41
10868,Solyc04g009310.3,dispersed,gbM,Solyc08g075750.3,0.597713,3.71539,0.160875,4.47859e-29
10869,Solyc04g009360.3,dispersed,gbM,Solyc02g078970.3,0.914611,4.14407,0.220703,1.03646e-24
10870,Solyc04g009410.3,dispersed,TE-like,NA,NA,NA,NA,NA
10871,Solyc04g009430.3,dispersed,TE-like,Solyc07g065550.3,0.688728,3.83086,0.179784,8.1434e-24
10872,Solyc04g009550.3,dispersed,gbM,Solyc04g049710.3,0.075035,0.549168,0.136634,5.09959e-20
10873,Solyc04g009570.3,dispersed,Unclassified,Solyc02g094250.3,0.0538394,0.593089,0.090778,3.2619e-09
10874,Solyc04g009580.3,dispersed,Unclassified,Solyc04g049550.3,0.205665,0.897531,0.229146,1.36156e-19
10875,Solyc04g009600.3,dispersed,TE-like,Solyc04g049290.2,0.320944,3.37177,0.0951857,2.08606e-33
10876,Solyc04g009620.3,dispersed,TE-like,Solyc04g049350.3,0.0706701,1.00422,0.0703734,4.3898e-52
10877,Solyc04g009640.3,dispersed,TE-like,Solyc04g012105.1,0.362684,0.675537,0.536883,0.0166802
10878,Solyc04g009670.1,dispersed,TE-like,Solyc11g069680.1,0.413934,1.48192,0.279323,1.55685e-06
10879,Solyc04g009680.1,dispersed,TE-like,Solyc11g069680.1,0.298386,2.05817,0.144976,1.2917e-15
10880,Solyc04g009790.3,dispersed,gbM,Solyc07g006730.3,0.143471,1.02862,0.139479,5.92661e-44
10881,Solyc04g009810.3,dispersed,TE-like,Solyc10g083770.2,0.535544,4.05092,0.132203,3.80224e-26
10882,Solyc04g009950.3,dispersed,TE-like,Solyc11g071300.2,1.26221,4.71437,0.267737,4.8e-24
10883,Solyc04g009970.3,dispersed,TE-like,Solyc08g078230.3,0.52485,4.55001,0.115351,3.1316e-82
10884,Solyc04g009990.3,dispersed,TE-like,Solyc02g069740.3,0.413984,4.74294,0.0872843,9.7655e-136
10885,Solyc04g010100.2,dispersed,Unclassified,Solyc04g016390.2,NA,0.228261,0,NA
10886,Solyc04g010110.3,dispersed,gbM,Solyc04g079030.2,0.119239,1.437,0.0829773,6.00835e-28
10887,Solyc04g010120.3,dispersed,TE-like,Solyc02g091720.2,1.0282,7.86577,0.130719,7.18637e-10
10888,Solyc04g010150.1,dispersed,Unclassified,Solyc11g068410.1,0.404235,1.32143,0.305908,0.00460305
10889,Solyc04g010220.3,dispersed,TE-like,Solyc09g005890.3,0.50932,1.95669,0.260296,1.26418e-31
10890,Solyc04g010260.3,dispersed,TE-like,Solyc10g080630.2,0.881305,4.87749,0.180688,2.25145e-62
10891,Solyc04g010320.1,dispersed,gbM,Solyc06g074180.2,0.324154,1.59136,0.203696,3.43372e-40
10892,Solyc04g010337.1,dispersed,gbM,Solyc12g009075.1,0.26295,0.309478,0.849659,0.313651
10893,Solyc04g011330.1,dispersed,NA,Solyc07g005583.1,0.107204,0.0600576,1.78502,0.520318
10894,Solyc04g011540.3,dispersed,Unclassified,Solyc08g080680.3,0.478425,3.10352,0.154156,1.97046e-15
10895,Solyc04g011560.3,dispersed,Unclassified,Solyc10g081330.2,0.536766,4.08196,0.131497,6.47061e-33
10896,Solyc04g011600.3,dispersed,TE-like,Solyc05g053030.1,0.136737,1.44831,0.0944114,4.7157e-61
10897,Solyc04g011620.3,dispersed,TE-like,Solyc09g057660.3,0.671954,3.53903,0.189869,3.44993e-15
10898,Solyc04g011655.1,dispersed,TE-like,Solyc08g016586.1,0.0664398,0.163647,0.405995,0.0162831
10899,Solyc04g011900.3,dispersed,TE-like,Solyc07g066620.3,0.922992,4.06323,0.227157,1.8341e-16
10900,Solyc04g011910.3,dispersed,NA,Solyc04g051820.3,0.195007,0.990516,0.196874,6.88201e-07
10901,Solyc04g012040.3,dispersed,TE-like,Solyc04g051370.3,0.0449192,0.78062,0.057543,1.7049e-59
10902,Solyc04g012060.3,dispersed,gbM,Solyc04g051350.3,0.0344477,0.803496,0.0428723,4.73625e-108
10903,Solyc04g012080.2,dispersed,TE-like,Solyc09g092440.1,0.363689,2.04842,0.177546,3.07774e-08
10904,Solyc04g012155.1,dispersed,Unclassified,Solyc11g010180.2,0.243329,0.920173,0.264439,0.000218553
10905,Solyc04g012190.2,dispersed,Unclassified,Solyc04g015980.3,0.141705,0.160409,0.883399,0.591272
10906,Solyc04g012200.1,dispersed,NA,Solyc07g005583.1,0.202198,0.463445,0.436294,0.0478407
10907,Solyc04g014200.1,dispersed,TE-like,Solyc04g015980.3,0.108378,0.344389,0.314697,3.29035e-08
10908,Solyc04g014240.1,dispersed,TE-like,Solyc02g087180.3,0.0944549,0.54135,0.17448,2.87624e-20
10909,Solyc04g014550.3,dispersed,Unclassified,Solyc02g094740.1,0.441768,2.11385,0.208988,2.39307e-06
10910,Solyc04g014576.1,dispersed,TE-like,Solyc09g072730.2,0.291917,1.12826,0.258732,2.25098e-06
10911,Solyc04g014578.1,dispersed,TE-like,Solyc10g055425.1,0.0404903,0.0445501,0.908871,0.712639
10912,Solyc04g014610.3,dispersed,gbM,Solyc04g071330.3,0.0414798,0.469324,0.0883821,5.52604e-14
10913,Solyc04g014615.1,dispersed,TE-like,Solyc05g041810.1,0.10913,0.163555,0.667239,0.311729
10914,Solyc04g014650.3,dispersed,TE-like,Solyc04g014885.1,0.021928,0.128365,0.170825,0.00101216
10915,Solyc04g014655.1,dispersed,Unmethylated,Solyc04g012100.2,0.183074,0.364499,0.502263,0.00220066
10916,Solyc04g014740.2,dispersed,Unclassified,Solyc10g084170.1,0.706796,3.61083,0.195743,4.07332e-22
10917,Solyc04g014870.3,dispersed,TE-like,Solyc08g075825.1,0.0762746,0.265308,0.287495,1.93505e-15
10918,Solyc04g014960.3,dispersed,TE-like,Solyc03g116247.1,0.0407552,0.0667926,0.610176,0.420246
10919,Solyc04g014990.2,dispersed,TE-like,Solyc04g008310.2,0.0188899,0.066977,0.282035,3.9801e-05
10920,Solyc04g015000.2,dispersed,gbM,Solyc04g014900.3,0.330597,1.51326,0.218467,4.17975e-13
10921,Solyc04g015090.2,dispersed,TE-like,Solyc12g056890.1,0.0696288,0.303139,0.229693,3.22597e-08
10922,Solyc04g015160.3,dispersed,TE-like,Solyc08g014150.3,0.987072,4.38788,0.224954,7.2755e-25
10923,Solyc04g015170.3,dispersed,TE-like,Solyc02g089360.3,0.818141,4.06745,0.201144,1.72524e-18
10924,Solyc04g015190.3,dispersed,gbM,Solyc05g025500.3,0.464257,4.27017,0.108721,4.76914e-61
10925,Solyc04g015220.3,dispersed,gbM,Solyc08g005500.3,0.433484,1.30679,0.331717,2.29176e-20
10926,Solyc04g015350.3,dispersed,TE-like,Solyc11g043120.2,0.789807,4.27457,0.184769,1.90061e-31
10927,Solyc04g015370.3,dispersed,Unclassified,Solyc05g056240.3,0.112902,1.62764,0.0693658,2.16753e-24
10928,Solyc04g015440.3,dispersed,TE-like,Solyc03g096830.3,0.80174,4.83666,0.165763,2.24986e-62
10929,Solyc04g015475.1,dispersed,TE-like,Solyc09g055940.3,0.45139,1.39525,0.323519,2.86515e-07
10930,Solyc04g015490.3,dispersed,TE-like,Solyc10g008740.3,0.704488,4.27599,0.164754,3.70459e-27
10931,Solyc04g015500.3,dispersed,gbM,Solyc08g068545.1,0.617902,3.55664,0.173732,4.68706e-11
10932,Solyc04g015510.1,dispersed,TE-like,Solyc08g016100.1,0.156568,1.40037,0.111805,8.87896e-14
10933,Solyc04g015630.2,dispersed,gbM,Solyc01g088060.3,0.655141,4.32334,0.151536,6.31075e-28
10934,Solyc04g015635.1,dispersed,TE-like,Solyc10g009055.1,0.171557,0.408612,0.419853,1.54735e-06
10935,Solyc04g015660.2,dispersed,TE-like,Solyc12g019090.2,0.32759,0.705132,0.464579,2.56589e-06
10936,Solyc04g015710.3,dispersed,TE-like,Solyc09g010550.3,0.564336,3.4505,0.163552,3.00712e-13
10937,Solyc04g015740.3,dispersed,TE-like,Solyc01g087600.3,0.216277,4.49401,0.0481256,9.4314e-116
10938,Solyc04g015750.3,dispersed,gbM,Solyc11g051050.2,0.123629,0.142112,0.869935,0.78393
10939,Solyc04g015960.3,dispersed,TE-like,Solyc08g068380.3,0.404315,1.63983,0.246559,5.69215e-15
10940,Solyc04g015980.3,dispersed,Unclassified,Solyc04g012090.2,0.197625,0.553348,0.357145,3.91293e-25
10941,Solyc04g016030.1,dispersed,TE-like,Solyc04g008910.2,0.416077,1.17249,0.354865,0.000255635
10942,Solyc04g016120.2,dispersed,TE-like,Solyc04g079670.1,0.284079,0.34913,0.813679,0.690175
10943,Solyc04g016235.1,dispersed,TE-like,NA,NA,NA,NA,NA
10944,Solyc04g016310.2,dispersed,TE-like,Solyc03g119950.1,0.168287,0.170923,0.984575,0.977232
10945,Solyc04g016330.3,dispersed,TE-like,Solyc01g088150.3,0.0927805,2.72089,0.0340993,2.26841e-115
10946,Solyc04g016350.2,dispersed,TE-like,Solyc06g007360.3,0.0220914,1.59476,0.0138525,1.32135e-44
10947,Solyc04g016390.2,dispersed,TE-like,Solyc04g010100.2,NA,0.228261,0,NA
10948,Solyc04g016510.3,dispersed,TE-like,Solyc12g009030.2,0.864532,3.83247,0.225581,5.43929e-12
10949,Solyc04g017620.3,dispersed,TE-like,Solyc03g113160.1,0.25807,1.81227,0.142402,5.2416e-22
10950,Solyc04g017640.1,dispersed,TE-like,Solyc10g079530.1,0.747821,2.91607,0.256448,6.7201e-15
10951,Solyc04g017680.3,dispersed,TE-like,Solyc03g044440.2,0.104225,0.173508,0.600691,0.105524
10952,Solyc04g017757.1,dispersed,TE-like,Solyc11g021365.1,0.221814,1.79565,0.123529,4.45662e-09
10953,Solyc04g017980.1,dispersed,TE-like,Solyc01g017850.1,0.324262,3.70602,0.0874961,7.21531e-43
10954,Solyc04g018050.1,dispersed,TE-like,Solyc08g028810.1,0.176113,0.104353,1.68767,0.121907
10955,Solyc04g018063.1,dispersed,TE-like,Solyc09g057587.1,0.267891,0.257859,1.03891,0.522395
10956,Solyc04g018080.3,dispersed,Unclassified,Solyc04g009500.3,0.322288,0.640534,0.503155,0.046114
10957,Solyc04g018147.1,dispersed,TE-like,Solyc12g035300.1,0.061174,0.125041,0.489232,0.307058
10958,Solyc04g018290.1,dispersed,TE-like,Solyc03g083220.1,0.0620488,0.232323,0.26708,0.000953928
10959,Solyc04g019320.1,dispersed,TE-like,Solyc00g014970.1,0.493453,3.69913,0.133397,1.023e-41
10960,Solyc04g019330.1,dispersed,TE-like,Solyc10g045660.1,0.0946647,0.0844814,1.12054,0.981647
10961,Solyc04g024410.1,dispersed,TE-like,Solyc02g055510.1,0.159139,2.69049,0.0591488,1.51785e-27
10962,Solyc04g024520.3,dispersed,gbM,Solyc02g091940.3,0.568822,4.01218,0.141774,7.35152e-30
10963,Solyc04g024540.1,dispersed,TE-like,Solyc06g074590.2,0.302454,1.15375,0.262149,5.48389e-06
10964,Solyc04g024560.2,dispersed,TE-like,Solyc10g012230.1,0.306646,0.971176,0.315747,1.21861e-05
10965,Solyc04g024580.1,dispersed,TE-like,Solyc04g050840.1,0.217733,0.572047,0.380621,4.88531e-06
10966,Solyc04g024640.1,dispersed,Unclassified,Solyc07g008570.3,0.0949942,0.33916,0.280087,6.60187e-07
10967,Solyc04g024643.1,dispersed,TE-like,Solyc07g008550.3,0.195181,3.23456,0.0603423,1.38419e-08
10968,Solyc04g024647.1,dispersed,TE-like,NA,NA,NA,NA,NA
10969,Solyc04g024650.2,dispersed,TE-like,Solyc07g008550.3,0.192614,3.02949,0.0635798,7.28046e-09
10970,Solyc04g024690.1,dispersed,gbM,Solyc06g034090.1,0.164734,0.536618,0.306986,0.000677425
10971,Solyc04g024840.3,dispersed,Unclassified,Solyc04g028470.2,0.0373111,0.0451606,0.826186,0.546914
10972,Solyc04g024920.1,dispersed,TE-like,Solyc11g012850.2,0.242019,0.36766,0.658271,0.194848
10973,Solyc04g025030.1,dispersed,TE-like,Solyc01g106730.1,0.233866,0.703432,0.332464,0.00255024
10974,Solyc04g025050.1,dispersed,TE-like,Solyc01g106730.1,0.146958,0.855927,0.171694,0.000514242
10975,Solyc04g025110.1,dispersed,TE-like,Solyc01g106730.1,0.202251,0.523646,0.386236,0.00107985
10976,Solyc04g025117.1,dispersed,TE-like,Solyc04g047870.1,0.488458,1.00324,0.486881,0.0199944
10977,Solyc04g025130.1,dispersed,TE-like,Solyc01g049640.2,0.501785,0.59469,0.843776,0.68148
10978,Solyc04g025290.3,dispersed,TE-like,Solyc01g100420.3,0.78135,4.25363,0.18369,2.99436e-32
10979,Solyc04g025300.3,dispersed,TE-like,Solyc05g005450.2,0.258339,0.757625,0.340986,4.30091e-07
10980,Solyc04g025320.2,dispersed,TE-like,Solyc02g037595.1,0.598348,2.39203,0.250143,5.77962e-05
10981,Solyc04g025330.1,dispersed,TE-like,Solyc00g009540.1,0.159238,2.75569,0.0577852,0
10982,Solyc04g025340.1,dispersed,TE-like,Solyc03g044840.1,0.189116,3.01529,0.0627188,0
10983,Solyc04g025380.1,dispersed,TE-like,Solyc00g042640.1,0.0637368,0.147318,0.432648,0.170997
10984,Solyc04g025410.1,dispersed,TE-like,Solyc12g005170.2,0.144015,0.503798,0.285859,1.99863e-17
10985,Solyc04g025560.3,dispersed,TE-like,Solyc05g005190.3,0.00859937,0.435844,0.0197304,1.18646e-19
10986,Solyc04g025580.2,dispersed,TE-like,Solyc09g092410.3,0.186527,0.59825,0.311788,1.17796e-06
10987,Solyc04g025585.1,dispersed,TE-like,Solyc09g092410.3,0.278348,0.40022,0.695488,0.162525
10988,Solyc04g025590.1,dispersed,TE-like,Solyc09g092410.3,0.172519,1.11931,0.15413,2.73962e-09
10989,Solyc04g025600.2,dispersed,TE-like,Solyc08g006070.3,0.369195,0.964918,0.382618,0.0808924
10990,Solyc04g025710.2,dispersed,TE-like,Solyc05g056480.3,0.0973374,0.221229,0.439984,0.00463924
10991,Solyc04g025735.1,dispersed,TE-like,Solyc05g056480.3,0.185212,1.31162,0.141208,4.1292e-06
10992,Solyc04g025740.2,dispersed,Unclassified,Solyc04g026150.2,0.0732145,0.388454,0.188477,0.0190098
10993,Solyc04g025760.1,dispersed,gbM,Solyc02g061900.1,0.505854,1.70042,0.297488,1.73915e-06
10994,Solyc04g025840.2,dispersed,TE-like,Solyc04g009240.2,0.131407,0.395547,0.332217,3.01413e-06
10995,Solyc04g025935.1,dispersed,TE-like,Solyc09g064620.2,0.318766,0.666113,0.478546,0.00737105
10996,Solyc04g025970.1,dispersed,TE-like,Solyc03g033570.1,0.256769,0.258701,0.992532,0.871383
10997,Solyc04g025993.1,dispersed,TE-like,Solyc03g033560.3,0.230068,0.137741,1.6703,0.0606091
10998,Solyc04g025997.1,dispersed,TE-like,Solyc05g015955.1,0.0399456,0.0645066,0.619248,0.119443
10999,Solyc04g026000.2,dispersed,TE-like,Solyc05g013790.3,0.0516386,0.159792,0.323162,0.0452089
11000,Solyc04g026040.1,dispersed,TE-like,Solyc09g059090.1,0.439159,1.4334,0.306376,0.00153255
11001,Solyc04g026055.1,dispersed,TE-like,Solyc08g029205.1,0.0813404,0.145058,0.560743,0.0913123
11002,Solyc04g026057.1,dispersed,TE-like,Solyc09g057637.1,0.112704,0.15321,0.735621,0.438806
11003,Solyc04g026060.1,dispersed,TE-like,Solyc12g082720.1,0.137683,0.162821,0.845606,0.786938
11004,Solyc04g026070.1,dispersed,TE-like,Solyc08g044480.1,0.128198,0.201313,0.636808,0.342029
11005,Solyc04g026080.2,dispersed,TE-like,Solyc12g082730.2,0.0767625,0.0493168,1.55652,0.199897
11006,Solyc04g026110.3,dispersed,TE-like,Solyc04g009250.1,0.101897,0.345235,0.295151,4.45142e-12
11007,Solyc04g026150.2,dispersed,TE-like,Solyc04g025740.2,0.0732145,0.388454,0.188477,0.0190098
11008,Solyc04g026160.2,dispersed,TE-like,Solyc04g016220.3,0.315765,0.762024,0.414377,5.63433e-06
11009,Solyc04g026170.2,dispersed,TE-like,Solyc04g016220.3,0.262151,0.685554,0.382393,0.00304261
11010,Solyc04g026274.1,dispersed,TE-like,Solyc09g005450.1,0.594358,3.58206,0.165926,1.7682e-22
11011,Solyc04g026278.1,dispersed,TE-like,Solyc02g030185.1,0.121251,0.265325,0.456992,0.0117731
11012,Solyc04g026315.1,dispersed,TE-like,Solyc09g090050.3,0.381408,0.541709,0.704084,0.182967
11013,Solyc04g026320.1,dispersed,TE-like,Solyc09g031810.2,0.105633,0.13539,0.780208,0.623113
11014,Solyc04g028470.2,dispersed,Unclassified,Solyc06g065010.3,0.384345,2.76104,0.139203,3.11407e-27
11015,Solyc04g039670.3,dispersed,TE-like,Solyc05g005160.3,0.0423705,0.549899,0.0770514,1.24346e-46
11016,Solyc04g039790.2,dispersed,TE-like,Solyc11g021090.2,0.384124,0.329028,1.16745,0.458731
11017,Solyc04g039800.2,dispersed,TE-like,Solyc09g061460.2,0.271523,0.2824,0.961482,0.826572
11018,Solyc04g039810.1,dispersed,TE-like,Solyc05g016120.2,0.624846,1.16058,0.538391,0.045841
11019,Solyc04g039820.2,dispersed,TE-like,Solyc00g017930.1,0.655087,3.37458,0.194124,6.2549e-08
11020,Solyc04g039830.2,dispersed,TE-like,Solyc09g091410.1,0.190259,0.834031,0.228119,2.15638e-05
11021,Solyc04g039840.1,dispersed,Unclassified,Solyc12g062540.2,0.154816,0.171173,0.904438,0.803022
11022,Solyc04g039870.2,dispersed,Unclassified,Solyc04g040160.3,0.136625,1.71804,0.079524,2.17458e-14
11023,Solyc04g039880.2,dispersed,Unclassified,NA,NA,NA,NA,NA
11024,Solyc04g039905.1,dispersed,NA,Solyc04g040160.3,0.343639,1.58132,0.217312,9.2518e-12
11025,Solyc04g039940.2,dispersed,TE-like,Solyc03g119120.3,0.506724,4.44283,0.114054,1.51876e-62
11026,Solyc04g040030.2,dispersed,TE-like,Solyc09g031710.1,0.199216,0.295304,0.674613,0.395893
11027,Solyc04g040140.1,dispersed,TE-like,Solyc10g050760.1,0.237855,0.157599,1.50924,0.364038
11028,Solyc04g040160.3,dispersed,gbM,Solyc04g039870.2,0.136625,1.71804,0.079524,2.17458e-14
11029,Solyc04g040170.3,dispersed,gbM,Solyc05g051790.3,0.61882,3.70316,0.167106,1.72534e-20
11030,Solyc04g040180.3,dispersed,Unmethylated,Solyc06g054360.1,0.201228,1.49429,0.134665,7.78612e-22
11031,Solyc04g040190.1,dispersed,TE-like,Solyc10g079480.1,0.0617576,1.4327,0.0431058,3.44647e-78
11032,Solyc04g040210.3,dispersed,TE-like,Solyc10g084060.2,0.139097,0.91849,0.151441,1.09327e-05
11033,Solyc04g045260.1,dispersed,TE-like,Solyc07g032700.1,0.601625,3.21016,0.187413,5.12343e-09
11034,Solyc04g045340.3,dispersed,TE-like,Solyc03g006870.3,0.306642,4.36817,0.0701993,1.40129e-145
11035,Solyc04g045345.1,dispersed,TE-like,Solyc12g036280.1,0.0893859,0.182973,0.488519,0.20415
11036,Solyc04g045430.3,dispersed,Unclassified,Solyc02g030460.2,0.760251,3.72677,0.203997,2.334e-31
11037,Solyc04g045550.1,dispersed,TE-like,Solyc11g044690.1,0.116226,0.118377,0.98183,0.972124
11038,Solyc04g045650.3,dispersed,gbM,Solyc03g097060.3,0.627136,4.01449,0.156218,1.17087e-29
11039,Solyc04g047690.3,dispersed,TE-like,Solyc03g117000.3,0.328501,1.8626,0.176366,1.37083e-15
11040,Solyc04g047790.1,dispersed,TE-like,Solyc11g018640.1,0.22083,0.102181,2.16118,0.0860575
11041,Solyc04g047870.1,dispersed,TE-like,Solyc04g025090.1,0.174889,0.159385,1.09727,0.851541
11042,Solyc04g048910.1,dispersed,TE-like,Solyc01g067165.1,0.198518,0.354537,0.559935,0.00602916
11043,Solyc04g048920.1,dispersed,TE-like,Solyc01g067165.1,0.23509,0.604235,0.389071,0.000991838
11044,Solyc04g048930.1,dispersed,TE-like,Solyc03g093970.3,0.334666,0.370916,0.902269,0.860855
11045,Solyc04g049017.1,dispersed,TE-like,Solyc10g049530.2,0.0613067,0.0993276,0.617217,0.352978
11046,Solyc04g049020.2,dispersed,TE-like,Solyc09g015810.2,0.152047,0.362075,0.419931,0.000701337
11047,Solyc04g049030.1,dispersed,TE-like,Solyc02g055510.1,0.0971596,1.54439,0.0629111,3.1691e-12
11048,Solyc04g049040.1,dispersed,TE-like,Solyc10g074420.1,0.187471,2.49375,0.0751763,4.87184e-21
11049,Solyc04g049095.1,dispersed,TE-like,Solyc05g012823.1,0.0757885,0.208493,0.363506,0.00656365
11050,Solyc04g049103.1,dispersed,TE-like,Solyc05g041120.2,0.150427,0.0614348,2.44856,0.0339324
11051,Solyc04g049185.1,dispersed,TE-like,Solyc05g015847.1,0.0813635,0.117261,0.693866,0.303946
11052,Solyc04g049250.1,dispersed,TE-like,Solyc10g048065.1,0.19126,0.0682187,2.80364,0.0294972
11053,Solyc04g049290.2,dispersed,TE-like,Solyc04g009600.3,0.320944,3.37177,0.0951857,2.08606e-33
11054,Solyc04g049330.3,dispersed,TE-like,Solyc05g056020.3,0.114051,0.627794,0.181669,1.6151e-08
11055,Solyc04g049340.3,dispersed,gbM,Solyc11g072170.2,0.715713,4.3746,0.163607,3.60806e-26
11056,Solyc04g049350.3,dispersed,TE-like,Solyc04g009620.3,0.0706701,1.00422,0.0703734,4.3898e-52
11057,Solyc04g049360.3,dispersed,TE-like,Solyc06g006100.3,0.774878,4.32955,0.178974,4.89166e-36
11058,Solyc04g049375.1,dispersed,TE-like,Solyc07g039630.1,0.451381,0.633923,0.712045,0.13871
11059,Solyc04g049492.1,dispersed,TE-like,Solyc05g010367.1,0.272064,0.951058,0.286065,0.000714124
11060,Solyc04g049540.3,dispersed,TE-like,Solyc06g034260.1,0.414283,1.2999,0.318703,3.42339e-06
11061,Solyc04g049550.3,dispersed,TE-like,Solyc04g009580.3,0.205665,0.897531,0.229146,1.36156e-19
11062,Solyc04g049590.1,dispersed,TE-like,Solyc09g015850.3,0.333313,0.962588,0.346268,0.00865386
11063,Solyc04g049630.3,dispersed,TE-like,Solyc10g050840.2,0.207901,2.68481,0.0774357,1.78861e-100
11064,Solyc04g049660.2,dispersed,Unclassified,Solyc03g116085.1,0.32752,1.99142,0.164466,7.96668e-08
11065,Solyc04g049670.3,dispersed,TE-like,Solyc06g069690.3,0.48142,3.16518,0.152099,3.78061e-20
11066,Solyc04g049673.1,dispersed,TE-like,Solyc11g063440.2,0.168991,0.361863,0.467002,0.0864462
11067,Solyc04g049710.3,dispersed,TE-like,Solyc04g009550.3,0.075035,0.549168,0.136634,5.09959e-20
11068,Solyc04g049720.3,dispersed,gbM,Solyc08g062630.3,1.01127,2.01704,0.501362,3.32581e-08
11069,Solyc04g049730.1,dispersed,TE-like,Solyc08g028940.1,0.208475,0.420038,0.496325,0.00592575
11070,Solyc04g049803.1,dispersed,TE-like,Solyc04g011680.2,0.216671,1.62173,0.133604,4.32635e-17
11071,Solyc04g049860.1,dispersed,TE-like,Solyc12g020130.1,0.485708,3.75156,0.129469,1.79653e-29
11072,Solyc04g049870.1,dispersed,TE-like,Solyc11g063630.1,0.20843,0.286263,0.728104,0.25657
11073,Solyc04g049871.1,dispersed,Unclassified,Solyc12g016213.1,0.0827293,0.142247,0.581591,0.185116
11074,Solyc04g049970.3,dispersed,TE-like,Solyc07g065720.3,0.0593609,0.546584,0.108604,2.67697e-10
11075,Solyc04g050110.2,dispersed,Unclassified,Solyc01g099160.3,0.197582,1.04097,0.189807,8.43029e-08
11076,Solyc04g050130.1,dispersed,TE-like,Solyc07g008070.1,0.559651,3.94228,0.141961,2.84283e-31
11077,Solyc04g050140.3,dispersed,gbM,Solyc05g055910.3,0.15096,1.37237,0.11,6.8854e-53
11078,Solyc04g050190.3,dispersed,TE-like,Solyc09g064510.3,0.308407,4.19305,0.073552,1.74859e-67
11079,Solyc04g050200.1,dispersed,TE-like,Solyc01g087980.3,0.0487161,0.12147,0.401054,0.0368479
11080,Solyc04g050210.1,dispersed,TE-like,Solyc05g050050.1,0.236217,0.561245,0.420879,2.37452e-05
11081,Solyc04g050265.1,dispersed,TE-like,Solyc03g063515.1,0.163159,0.383748,0.425171,0.0335698
11082,Solyc04g050270.1,dispersed,Unclassified,Solyc09g091010.3,0.611088,3.50211,0.174491,4.90485e-11
11083,Solyc04g050550.2,dispersed,TE-like,Solyc04g056746.1,0.684699,4.47176,0.153116,3.16826e-38
11084,Solyc04g050565.1,dispersed,Unclassified,Solyc11g065630.2,0.110139,0.256424,0.429521,0.0153253
11085,Solyc04g050572.1,dispersed,TE-like,Solyc04g078565.1,0.163944,0.238919,0.686189,0.153556
11086,Solyc04g050578.1,dispersed,TE-like,Solyc04g056748.1,0.572824,3.10796,0.184308,7.86246e-18
11087,Solyc04g050580.1,dispersed,TE-like,Solyc06g036320.1,0.0759975,0.0483647,1.57134,0.42551
11088,Solyc04g050700.2,dispersed,Unclassified,Solyc01g080580.3,0.0330154,0.0133941,2.46491,0.159963
11089,Solyc04g050790.3,dispersed,Unmethylated,Solyc06g083080.3,0.501706,3.19849,0.156857,6.14682e-16
11090,Solyc04g050855.1,dispersed,TE-like,Solyc07g051940.3,0.363013,2.97979,0.121825,1.23238e-13
11091,Solyc04g050950.3,dispersed,TE-like,Solyc04g007760.3,0.254712,0.52346,0.486593,0.0107371
11092,Solyc04g050960.3,dispersed,gbM,Solyc02g068560.3,0.879389,4.60564,0.190937,1.55635e-50
11093,Solyc04g050980.1,dispersed,TE-like,Solyc01g010090.1,0.371636,0.596037,0.623512,0.0644981
11094,Solyc04g051025.1,dispersed,TE-like,Solyc04g056530.2,0.139423,0.410847,0.339355,0.0134625
11095,Solyc04g051080.1,dispersed,TE-like,Solyc10g050420.2,0.543264,1.12034,0.484909,0.000103117
11096,Solyc04g051120.3,dispersed,TE-like,Solyc05g051770.3,0.884979,2.12337,0.41678,2.00478e-06
11097,Solyc04g051170.1,dispersed,Unmethylated,Solyc04g058060.2,0.420558,1.48847,0.282544,6.02068e-14
11098,Solyc04g051190.3,dispersed,TE-like,Solyc10g083795.1,0.484,4.38986,0.110254,1.00811e-65
11099,Solyc04g051230.2,dispersed,TE-like,Solyc06g035600.3,0.154048,0.353309,0.436013,0.00671534
11100,Solyc04g051247.1,dispersed,Unclassified,Solyc04g071780.3,0.257741,4.20799,0.0612503,2.80975e-75
11101,Solyc04g051283.1,dispersed,TE-like,Solyc01g010937.1,0.012957,0.0259057,0.500161,0.173584
11102,Solyc04g051350.3,dispersed,gbM,Solyc04g012060.3,0.0344477,0.803496,0.0428723,4.73625e-108
11103,Solyc04g051370.3,dispersed,TE-like,Solyc04g012040.3,0.0449192,0.78062,0.057543,1.7049e-59
11104,Solyc04g051378.1,dispersed,TE-like,Solyc11g020350.1,0.160456,0.291596,0.550267,0.17424
11105,Solyc04g051393.1,dispersed,TE-like,Solyc12g021263.1,0.0762416,0.370798,0.205615,1.05754e-08
11106,Solyc04g051397.1,dispersed,TE-like,Solyc03g063162.1,0.108213,0.151403,0.714737,0.429285
11107,Solyc04g051423.1,dispersed,TE-like,Solyc09g074185.1,0.0745964,0.0683306,1.0917,0.999854
11108,Solyc04g051427.1,dispersed,TE-like,Solyc08g065947.1,0.148992,0.238751,0.62405,0.26896
11109,Solyc04g051450.3,dispersed,gbM,Solyc09g008100.3,0.807134,4.30744,0.187381,2.3695e-21
11110,Solyc04g051513.1,dispersed,TE-like,Solyc02g032525.1,0.0716777,0.0786359,0.911514,0.774464
11111,Solyc04g051590.3,dispersed,TE-like,Solyc12g019890.2,0.327113,4.16861,0.0784705,6.02185e-95
11112,Solyc04g051620.2,dispersed,TE-like,Solyc04g054380.1,0.0696687,0.335019,0.207954,7.30558e-20
11113,Solyc04g051700.3,dispersed,TE-like,Solyc01g109520.3,0.81903,2.40858,0.340047,1.33095e-06
11114,Solyc04g051710.2,dispersed,Unclassified,Solyc04g076260.2,0.125155,3.29686,0.0379619,1.67665e-38
11115,Solyc04g051800.3,dispersed,gbM,Solyc06g074940.3,0.800062,4.43934,0.180221,9.83995e-34
11116,Solyc04g051820.3,dispersed,Unmethylated,Solyc04g011910.3,0.195007,0.990516,0.196874,6.88201e-07
11117,Solyc04g051850.3,dispersed,TE-like,Solyc08g006050.2,0.0686209,0.273153,0.251218,5.37911e-06
11118,Solyc04g053070.1,dispersed,TE-like,Solyc07g041030.1,0.192429,0.703576,0.273501,0.010269
11119,Solyc04g054145.1,dispersed,TE-like,Solyc04g051785.1,0.538819,0.908642,0.592993,0.018221
11120,Solyc04g054157.1,dispersed,TE-like,Solyc08g065265.1,0.0900186,0.137302,0.655625,0.144006
11121,Solyc04g054380.1,dispersed,TE-like,Solyc04g051620.2,0.0696687,0.335019,0.207954,7.30558e-20
11122,Solyc04g054385.1,dispersed,TE-like,Solyc11g050938.1,0.207615,1.26733,0.163821,0.000117637
11123,Solyc04g054430.2,dispersed,Unmethylated,Solyc11g020140.1,0.0260091,0.0428798,0.606559,0.478707
11124,Solyc04g054440.2,dispersed,TE-like,Solyc08g061370.1,0.213588,0.434955,0.491057,0.00237644
11125,Solyc04g054830.3,dispersed,gbM,Solyc09g065480.2,0.451835,4.1727,0.108284,2.77006e-45
11126,Solyc04g055060.2,dispersed,TE-like,Solyc08g065310.3,0.0990026,0.103205,0.959281,0.883164
11127,Solyc04g055200.3,dispersed,TE-like,Solyc06g007180.3,0.114006,4.3495,0.0262113,5.13274e-214
11128,Solyc04g055260.3,dispersed,TE-like,Solyc01g081340.3,0.232267,0.982764,0.23634,2.67824e-16
11129,Solyc04g056330.1,dispersed,Unmethylated,Solyc03g097230.1,0.486213,3.56515,0.136379,2.25803e-16
11130,Solyc04g056370.3,dispersed,Unclassified,Solyc03g007600.3,0.644919,3.72943,0.172927,1.68128e-19
11131,Solyc04g056390.3,dispersed,gbM,Solyc05g055760.3,0.0583919,0.722763,0.0807898,8.90812e-28
11132,Solyc04g056420.1,dispersed,TE-like,Solyc07g047740.3,0.0650925,0.210496,0.309233,1.50296e-06
11133,Solyc04g056498.1,dispersed,TE-like,Solyc12g035670.2,0.279552,0.743558,0.375965,0.000472981
11134,Solyc04g056530.2,dispersed,TE-like,Solyc01g111810.3,0.0196529,0.149529,0.131432,2.65599e-06
11135,Solyc04g056540.3,dispersed,TE-like,Solyc01g094500.3,0.820663,4.132,0.198611,4.89456e-23
11136,Solyc04g056550.1,dispersed,TE-like,Solyc04g056740.1,0.135815,0.356293,0.38119,0.000175254
11137,Solyc04g056570.3,dispersed,TE-like,Solyc06g065120.1,0.550159,3.7829,0.145433,4.03388e-18
11138,Solyc04g056740.1,dispersed,TE-like,Solyc04g056550.1,0.135815,0.356293,0.38119,0.000175254
11139,Solyc04g056748.1,dispersed,TE-like,Solyc04g050578.1,0.572824,3.10796,0.184308,7.86246e-18
11140,Solyc04g057783.1,dispersed,TE-like,Solyc01g057745.1,0.119341,0.116527,1.02414,0.996244
11141,Solyc04g057787.1,dispersed,TE-like,Solyc08g065265.1,0.525473,2.92028,0.179939,2.77483e-10
11142,Solyc04g057850.1,dispersed,TE-like,Solyc04g005540.3,0.15353,0.227913,0.673636,0.118689
11143,Solyc04g057860.2,dispersed,TE-like,Solyc06g073300.1,0.18818,0.210064,0.895824,0.882347
11144,Solyc04g057880.3,dispersed,TE-like,Solyc06g059965.1,0.234415,0.70931,0.330483,1.21938e-32
11145,Solyc04g057950.2,dispersed,TE-like,Solyc02g079090.3,0.839115,4.09666,0.204829,4.07814e-13
11146,Solyc04g057970.3,dispersed,gbM,Solyc12g099920.2,0.749307,2.39396,0.312999,4.93233e-14
11147,Solyc04g063245.1,dispersed,Unclassified,Solyc03g118585.1,0.212454,1.99014,0.106753,2.67305e-22
11148,Solyc04g063270.1,dispersed,Unclassified,Solyc09g092150.1,0.542614,4.16814,0.130181,4.00305e-43
11149,Solyc04g063290.3,dispersed,TE-like,Solyc04g074300.3,0.00327322,0.230905,0.0141757,2.29079e-24
11150,Solyc04g063330.1,dispersed,Unclassified,Solyc08g067650.1,0.307854,2.43646,0.126353,4.38409e-06
11151,Solyc04g063340.2,dispersed,TE-like,Solyc04g009000.1,0.683115,4.48002,0.15248,1.48232e-56
11152,Solyc04g063350.3,dispersed,TE-like,Solyc06g059850.2,0.151272,1.54577,0.0978618,6.20758e-48
11153,Solyc04g063390.2,dispersed,TE-like,Solyc12g095800.2,0.352277,4.13967,0.085098,9.72774e-51
11154,Solyc04g064470.2,dispersed,TE-like,Solyc05g053240.3,0.375394,1.52051,0.246886,3.10685e-07
11155,Solyc04g064530.1,dispersed,Unclassified,Solyc02g031830.1,0.537038,4.01514,0.133753,2.19647e-26
11156,Solyc04g064560.3,dispersed,TE-like,Solyc10g084160.2,0.875287,4.20595,0.208107,1.86807e-28
11157,Solyc04g064680.3,dispersed,gbM,Solyc08g078450.3,0.889771,4.16632,0.213562,2.24519e-27
11158,Solyc04g064700.3,dispersed,TE-like,Solyc11g008150.2,0.717122,4.73405,0.151482,4.96994e-79
11159,Solyc04g064720.3,dispersed,gbM,Solyc03g033260.3,0.0677724,0.127507,0.53152,0.0592866
11160,Solyc04g064810.3,dispersed,TE-like,Solyc06g054650.3,0.156744,0.766164,0.204583,1.06963e-20
11161,Solyc04g064830.3,dispersed,gbM,Solyc08g006490.2,0.639279,3.65329,0.174987,5.76064e-26
11162,Solyc04g064860.1,dispersed,Unmethylated,Solyc01g106700.3,0.148182,1.04398,0.14194,1.00652e-17
11163,Solyc04g064920.3,dispersed,TE-like,Solyc09g090310.2,0.54161,3.54021,0.152988,1.07578e-27
11164,Solyc04g064947.1,dispersed,NA,Solyc06g084626.1,0.174602,0.220161,0.793064,0.328766
11165,Solyc04g070960.2,dispersed,TE-like,Solyc01g009307.1,0.513332,0.85632,0.599462,0.000189962
11166,Solyc04g070970.3,dispersed,gbM,Solyc12g013630.1,0.428302,4.5654,0.0938147,5.30616e-68
11167,Solyc04g071020.1,dispersed,TE-like,Solyc00g052430.3,0.286495,1.49862,0.191172,8.70773e-09
11168,Solyc04g071030.1,dispersed,Unmethylated,Solyc11g005700.1,0.553348,4.29658,0.128788,2.42008e-32
11169,Solyc04g071120.3,dispersed,TE-like,Solyc10g055720.2,0.425787,4.36455,0.0975558,8.66116e-52
11170,Solyc04g071150.3,dispersed,gbM,Solyc02g084930.3,0.634988,4.30075,0.147646,4.79159e-45
11171,Solyc04g071203.1,dispersed,Unclassified,Solyc04g058060.2,0.441448,3.00802,0.146757,2.19978e-10
11172,Solyc04g071270.1,dispersed,Unclassified,Solyc12g044780.1,0.841816,3.99097,0.21093,1.03653e-27
11173,Solyc04g071280.2,dispersed,TE-like,Solyc11g071670.2,0.800869,4.30824,0.185892,1.30339e-35
11174,Solyc04g071295.1,dispersed,TE-like,NA,NA,NA,NA,NA
11175,Solyc04g071300.2,dispersed,TE-like,Solyc06g072540.1,0.146022,0.084851,1.72092,0.275893
11176,Solyc04g071330.3,dispersed,Unclassified,Solyc04g014610.3,0.0414798,0.469324,0.0883821,5.52604e-14
11177,Solyc04g071363.1,dispersed,TE-like,Solyc09g059103.1,0.114307,0.13156,0.868861,0.73588
11178,Solyc04g071370.1,dispersed,TE-like,Solyc10g054120.1,0.223672,0.569153,0.392992,0.00565702
11179,Solyc04g071420.3,dispersed,gbM,Solyc02g079730.3,0.592331,3.86859,0.153113,1.13119e-32
11180,Solyc04g071630.3,dispersed,gbM,Solyc06g048850.3,0.433591,3.45055,0.125658,8.6274e-23
11181,Solyc04g071730.3,dispersed,gbM,Solyc03g033850.3,0.0363867,0.363358,0.10014,7.13477e-19
11182,Solyc04g071930.3,dispersed,Unmethylated,Solyc12g056620.2,0.161192,1.73691,0.0928041,3.95384e-20
11183,Solyc04g072020.3,dispersed,gbM,Solyc08g066820.3,0.70405,3.94437,0.178495,1.97942e-41
11184,Solyc04g072170.1,dispersed,Unclassified,Solyc08g023640.1,0.502275,4.3781,0.114724,1.09133e-61
11185,Solyc04g072300.1,dispersed,Unclassified,Solyc11g045680.2,0.549845,3.24339,0.169528,4.0946e-20
11186,Solyc04g072400.3,dispersed,TE-like,Solyc02g091640.3,0.508814,4.23997,0.120004,7.96201e-33
11187,Solyc04g072590.2,dispersed,TE-like,Solyc04g072360.2,0.05154,0.105819,0.487057,0.0210564
11188,Solyc04g074100.3,dispersed,Unclassified,Solyc04g007840.3,0.145304,1.36272,0.106629,3.14404e-20
11189,Solyc04g074145.1,dispersed,gbM,Solyc03g093990.3,0.917444,3.97663,0.230709,4.74742e-33
11190,Solyc04g074160.2,dispersed,TE-like,Solyc04g009000.1,0.685279,4.51797,0.151678,1.88335e-57
11191,Solyc04g074300.3,dispersed,Unclassified,Solyc04g063290.3,0.00327322,0.230905,0.0141757,2.29079e-24
11192,Solyc04g074630.3,dispersed,gbM,Solyc04g079870.2,0.722522,3.92105,0.184268,3.5794e-62
11193,Solyc04g074940.3,dispersed,gbM,Solyc02g063075.1,0.0308152,0.268862,0.114614,1.00099e-07
11194,Solyc04g075015.1,dispersed,Unclassified,Solyc12g009075.1,0.25638,0.437988,0.585358,0.00221513
11195,Solyc04g076260.2,dispersed,Unclassified,Solyc04g051710.2,0.125155,3.29686,0.0379619,1.67665e-38
11196,Solyc04g076330.2,dispersed,TE-like,Solyc06g076900.3,0.580225,4.47764,0.129583,9.68157e-51
11197,Solyc04g076380.3,dispersed,TE-like,Solyc02g085820.3,0.769734,4.45533,0.172767,1.66517e-50
11198,Solyc04g076390.3,dispersed,TE-like,Solyc05g009190.3,0.25527,4.30684,0.0592708,4.42101e-129
11199,Solyc04g076400.3,dispersed,TE-like,Solyc07g018270.3,0.547238,4.46681,0.122512,6.50218e-52
11200,Solyc04g076420.3,dispersed,TE-like,Solyc05g056100.3,0.837707,4.23058,0.198012,3.78131e-20
11201,Solyc04g076740.3,dispersed,gbM,Solyc05g054720.3,0.0499793,0.289879,0.172414,1.13491e-11
11202,Solyc04g076810.3,dispersed,gbM,Solyc12g009570.2,0.216335,4.25528,0.0508392,6.18321e-82
11203,Solyc04g076910.3,dispersed,TE-like,Solyc09g005340.3,0.394064,3.55143,0.110959,6.61189e-48
11204,Solyc04g077000.3,dispersed,Unclassified,Solyc06g068640.2,0.453209,3.79501,0.119422,6.30689e-22
11205,Solyc04g077110.3,dispersed,gbM,Solyc09g007070.1,0.375414,1.29656,0.289545,6.60132e-05
11206,Solyc04g077290.2,dispersed,gbM,Solyc02g084000.3,0.22448,3.79375,0.0591712,2.67095e-43
11207,Solyc04g077610.3,dispersed,Unclassified,Solyc01g107980.3,0.967624,2.36597,0.408976,8.28899e-09
11208,Solyc04g077790.3,dispersed,TE-like,Solyc09g020140.3,0.54058,3.85638,0.140178,4.09929e-33
11209,Solyc04g078070.3,dispersed,Unclassified,Solyc02g064730.3,0.0715241,1.43403,0.0498762,4.78936e-17
11210,Solyc04g078320.3,dispersed,TE-like,Solyc05g014465.1,0.190252,1.09168,0.174274,6.64251e-10
11211,Solyc04g078390.2,dispersed,Unmethylated,Solyc07g047680.2,0.605267,3.43273,0.176322,1.97356e-09
11212,Solyc04g078480.3,dispersed,Unclassified,Solyc04g078850.3,0.763811,3.74186,0.204126,2.51273e-14
11213,Solyc04g078650.3,dispersed,TE-like,Solyc03g118770.3,0.51167,3.28942,0.15555,8.42543e-27
11214,Solyc04g078850.3,dispersed,TE-like,Solyc04g078480.3,0.763811,3.74186,0.204126,2.51273e-14
11215,Solyc04g078940.3,dispersed,Unclassified,Solyc01g108250.3,0.200764,4.39139,0.0457178,5.16061e-154
11216,Solyc04g079125.1,dispersed,Unmethylated,Solyc06g007530.2,0.583425,3.77964,0.15436,1.53662e-27
11217,Solyc04g079160.3,dispersed,gbM,Solyc07g025390.3,0.182759,0.919418,0.198777,2.88893e-18
11218,Solyc04g079200.3,dispersed,Unclassified,Solyc06g073150.3,0.667729,3.95748,0.168726,1.64973e-17
11219,Solyc04g079350.1,dispersed,Unclassified,Solyc10g045480.1,0.0137143,0.0443157,0.309469,0.0140535
11220,Solyc04g079380.1,dispersed,Unmethylated,Solyc09g050030.1,0.225181,1.69236,0.133057,4.02202e-07
11221,Solyc04g079390.3,dispersed,TE-like,NA,NA,NA,NA,NA
11222,Solyc04g079540.3,dispersed,TE-like,Solyc01g106470.3,0.954966,2.422,0.394288,7.36192e-09
11223,Solyc04g079550.3,dispersed,Unclassified,Solyc12g007120.2,0.44031,3.87203,0.113716,3.69935e-34
11224,Solyc04g079670.1,dispersed,TE-like,Solyc04g016120.2,0.284079,0.34913,0.813679,0.690175
11225,Solyc04g079760.3,dispersed,Unclassified,Solyc08g075280.3,0.632137,3.75252,0.168457,1.39434e-21
11226,Solyc04g079870.2,dispersed,Unclassified,Solyc01g098880.3,0.105348,0.642688,0.163917,1.95978e-20
11227,Solyc04g079920.3,dispersed,TE-like,Solyc08g005190.3,0.131017,0.709757,0.184594,4.35449e-45
11228,Solyc04g079930.3,dispersed,gbM,Solyc08g081310.3,0.327776,1.54488,0.212169,1.07409e-17
11229,Solyc04g080000.1,dispersed,Unmethylated,Solyc03g093180.1,0.745928,3.78988,0.196821,4.10577e-11
11230,Solyc04g080120.1,dispersed,TE-like,Solyc06g007300.2,0.345572,1.19672,0.288766,2.55743e-31
11231,Solyc04g080150.2,dispersed,Unmethylated,Solyc10g007980.3,0.11005,2.96856,0.0370717,2.20644e-11
11232,Solyc04g080250.3,dispersed,TE-like,Solyc01g100030.4,0.380448,2.80705,0.135533,1.74281e-11
11233,Solyc04g080320.1,dispersed,TE-like,Solyc10g009450.1,0.25538,0.562969,0.453631,1.97312e-06
11234,Solyc04g080360.3,dispersed,gbM,Solyc05g056580.3,0.481614,4.50003,0.107025,4.82468e-73
11235,Solyc04g080400.2,dispersed,TE-like,Solyc06g065060.1,0.466827,4.32345,0.107976,5.52162e-58
11236,Solyc04g080560.2,dispersed,TE-like,Solyc07g018430.3,0.432785,2.97771,0.145341,1.67018e-10
11237,Solyc04g080770.3,dispersed,TE-like,Solyc02g092010.3,0.694728,4.32687,0.160561,6.91424e-37
11238,Solyc04g080830.3,dispersed,gbM,Solyc01g095690.2,0.748042,4.68912,0.159527,8.93183e-59
11239,Solyc04g080930.3,dispersed,Unclassified,Solyc08g061880.2,0.254783,1.54866,0.164518,4.83605e-08
11240,Solyc04g080950.3,dispersed,TE-like,Solyc01g098540.3,0.264935,0.77594,0.341437,0.00372271
11241,Solyc04g081470.3,dispersed,Unclassified,Solyc11g071220.2,0.629365,3.64792,0.172527,6.99843e-17
11242,Solyc04g081580.3,dispersed,gbM,Solyc10g007550.3,0.683576,4.20253,0.162658,5.49511e-57
11243,Solyc04g081610.1,dispersed,TE-like,Solyc04g081720.1,0.0192248,NA,NA,NA
11244,Solyc04g081720.1,dispersed,TE-like,Solyc04g081610.1,0.0192248,NA,NA,NA
11245,Solyc04g081750.3,dispersed,TE-like,Solyc02g062000.3,0.299073,4.26718,0.0700869,7.64669e-64
11246,Solyc04g081830.1,dispersed,TE-like,Solyc01g067350.3,0.391888,3.98807,0.098265,2.53354e-41
11247,Solyc04g081940.3,dispersed,Unclassified,Solyc02g085935.1,0.0484527,0.216495,0.223805,6.34931e-06
11248,Solyc04g081955.1,dispersed,TE-like,Solyc03g116540.1,0.75883,4.1714,0.181912,1.15204e-32
11249,Solyc04g081980.2,dispersed,Unclassified,Solyc01g067030.2,0.387251,1.67873,0.230681,1.54792e-08
11250,Solyc04g082070.3,dispersed,Unclassified,Solyc09g056260.3,0.971158,4.16557,0.233139,3.86759e-25
11251,Solyc04g082260.3,dispersed,gbM,Solyc01g080880.3,0.263356,4.31162,0.0610806,2.10285e-111
11252,Solyc04g082300.2,dispersed,gbM,Solyc01g111590.3,0.941686,3.98044,0.236578,8.07041e-17
11253,Solyc04g082330.3,dispersed,TE-like,Solyc01g097640.3,0.854289,4.62257,0.184808,7.25191e-45
11254,Solyc04g082350.1,dispersed,gbM,Solyc06g051320.3,0.589758,4.14054,0.142435,1.00527e-32
11255,Solyc04g082360.2,dispersed,gbM,Solyc08g082510.1,0.457426,2.24049,0.204164,5.68683e-17
11256,Solyc04g082470.2,dispersed,Unclassified,Solyc03g097340.1,0.255659,4.00116,0.0638963,2.71972e-87
11257,Solyc04g082570.3,dispersed,TE-like,Solyc05g010650.3,0.602979,4.76295,0.126598,1.12648e-63
11258,Solyc04g082580.3,dispersed,TE-like,Solyc02g021600.1,0.898423,4.04487,0.222114,3.79882e-32
11259,Solyc04g082640.3,dispersed,Unclassified,Solyc12g094630.2,0.154311,1.1462,0.134628,6.04913e-17
11260,Solyc04g082670.3,dispersed,gbM,Solyc05g056130.3,0.439387,4.42391,0.0993208,2.56743e-55
11261,Solyc04g082760.3,dispersed,Unclassified,Solyc03g097450.3,0.648487,4.25475,0.152415,6.7468e-31
11262,Solyc04g082845.1,dispersed,TE-like,Solyc01g112320.3,0.352045,4.60544,0.0764411,5.00132e-103
11263,Solyc04g082860.2,dispersed,Unclassified,Solyc08g062220.3,0.458618,2.00669,0.228544,2.39271e-29
11264,Solyc04g082870.1,dispersed,TE-like,Solyc05g010620.2,0.591253,4.62786,0.12776,1.44119e-55
11265,Solyc04g082990.3,dispersed,Unclassified,Solyc09g011150.1,0.168669,0.400118,0.421549,0.0502952
11266,Solyc04g083015.1,dispersed,TE-like,Solyc09g009175.1,0.128693,0.190539,0.675418,0.160593
11267,Solyc05g005000.3,dispersed,gbM,Solyc01g007955.1,0.107781,0.781617,0.137894,1.23869e-31
11268,Solyc05g005120.3,dispersed,TE-like,Solyc09g083230.1,0.441875,1.53101,0.288617,2.7844e-16
11269,Solyc05g005130.2,dispersed,TE-like,Solyc05g013280.3,0.207367,0.526118,0.394146,4.40305e-24
11270,Solyc05g005160.3,dispersed,gbM,Solyc01g101040.3,0.0986736,4.18225,0.0235934,8.82005e-135
11271,Solyc05g005190.3,dispersed,gbM,Solyc01g100870.3,0.0811465,2.46005,0.0329858,4.93247e-44
11272,Solyc05g005330.3,dispersed,TE-like,Solyc05g012750.2,0.16671,0.206038,0.809126,0.340453
11273,Solyc05g005450.2,dispersed,gbM,Solyc04g025300.3,0.258339,0.757625,0.340986,4.30091e-07
11274,Solyc05g005865.1,dispersed,TE-like,Solyc05g046140.3,0.695864,2.04884,0.339639,0.00136757
11275,Solyc05g006130.3,dispersed,TE-like,Solyc12g056740.2,0.7706,4.22187,0.182526,3.48016e-38
11276,Solyc05g006180.2,dispersed,gbM,Solyc02g089790.3,0.120929,0.380804,0.317562,8.6902e-18
11277,Solyc05g006200.3,dispersed,TE-like,Solyc12g005280.2,0.552034,4.0778,0.135375,1.37901e-49
11278,Solyc05g006210.3,dispersed,TE-like,Solyc11g012030.2,0.152766,2.00308,0.0762656,2.40153e-58
11279,Solyc05g006220.3,dispersed,TE-like,Solyc10g079640.2,0.343101,4.10766,0.0835271,7.72693e-58
11280,Solyc05g006347.1,dispersed,TE-like,Solyc09g064620.2,0.013729,0.087491,0.156919,0.0135159
11281,Solyc05g006460.2,dispersed,gbM,Solyc03g119120.3,0.574158,4.42453,0.129767,3.81214e-79
11282,Solyc05g006500.3,dispersed,TE-like,Solyc01g102910.3,0.501747,3.77941,0.132758,1.20053e-26
11283,Solyc05g006590.3,dispersed,TE-like,Solyc07g065020.3,0.226623,3.86908,0.0585727,0
11284,Solyc05g006603.1,dispersed,TE-like,Solyc12g009075.1,0.0992091,0.0852102,1.16429,0.568426
11285,Solyc05g006607.1,dispersed,TE-like,Solyc08g006251.1,0.0679095,0.0917223,0.740381,0.46825
11286,Solyc05g006670.1,dispersed,gbM,Solyc07g056410.3,0.725889,4.39361,0.165215,9.636e-83
11287,Solyc05g006690.3,dispersed,gbM,Solyc04g008920.1,0.666855,3.70349,0.180061,7.25824e-12
11288,Solyc05g006703.1,dispersed,TE-like,Solyc04g056746.1,0.723822,4.51904,0.160172,6.54913e-42
11289,Solyc05g006837.1,dispersed,TE-like,Solyc12g005095.1,0.186432,0.209004,0.892001,0.490516
11290,Solyc05g007100.3,dispersed,gbM,Solyc11g044750.2,0.607462,3.77984,0.160711,5.53901e-34
11291,Solyc05g007170.3,dispersed,TE-like,Solyc05g013253.1,0.246862,1.11634,0.221135,1.58166e-18
11292,Solyc05g007260.3,dispersed,gbM,Solyc03g115820.3,0.612014,3.80911,0.160671,5.07014e-19
11293,Solyc05g007310.2,dispersed,TE-like,Solyc07g043207.1,0.360068,0.285735,1.26015,0.230807
11294,Solyc05g007330.2,dispersed,TE-like,Solyc07g041260.2,0.0891257,0.313884,0.283945,0.000408323
11295,Solyc05g007350.2,dispersed,TE-like,Solyc05g012900.3,0.436038,1.56694,0.278275,7.85241e-29
11296,Solyc05g007530.1,dispersed,Unclassified,Solyc05g007400.1,0.351756,0.80226,0.438456,8.85099e-07
11297,Solyc05g007570.3,dispersed,TE-like,Solyc02g087990.3,0.772238,4.24761,0.181805,1.10777e-33
11298,Solyc05g007590.3,dispersed,Unclassified,Solyc01g068160.3,0.28048,4.27942,0.0655416,4.31318e-91
11299,Solyc05g007700.1,dispersed,NA,Solyc11g017210.2,NA,NA,NA,NA
11300,Solyc05g007730.3,dispersed,Unclassified,Solyc09g031680.2,0.783811,3.98236,0.19682,8.03388e-13
11301,Solyc05g007740.2,dispersed,TE-like,Solyc07g021620.1,0.538861,4.25191,0.126734,4.98758e-43
11302,Solyc05g007800.3,dispersed,gbM,Solyc01g095050.3,0.372877,3.1754,0.117427,1.8145e-15
11303,Solyc05g007810.3,dispersed,TE-like,Solyc02g088117.1,0.240951,2.91094,0.0827741,1.39587e-16
11304,Solyc05g007910.3,dispersed,Unclassified,Solyc12g098890.2,0.660904,1.91027,0.345975,5.3788e-06
11305,Solyc05g008010.3,dispersed,gbM,Solyc12g008720.2,0.0378188,0.780679,0.0484435,6.61725e-19
11306,Solyc05g008040.3,dispersed,TE-like,Solyc02g094590.3,0.776115,4.54058,0.170929,2.3777e-71
11307,Solyc05g008150.3,dispersed,Unclassified,Solyc07g049140.3,0.196972,0.508033,0.387714,0.0191009
11308,Solyc05g008190.3,dispersed,gbM,Solyc09g090660.3,0.982795,2.55338,0.384899,3.99817e-08
11309,Solyc05g008260.3,dispersed,gbM,Solyc11g064850.2,0.809842,3.99404,0.202763,5.64652e-24
11310,Solyc05g008280.1,dispersed,TE-like,Solyc07g066420.3,0.21777,0.610546,0.35668,0.00106114
11311,Solyc05g008330.2,dispersed,TE-like,Solyc11g071670.2,0.813506,4.21161,0.193158,5.06865e-25
11312,Solyc05g008420.3,dispersed,Unclassified,Solyc02g038680.1,0.431097,0.914009,0.471655,0.0001288
11313,Solyc05g008470.2,dispersed,TE-like,Solyc11g011225.1,0.737079,2.50071,0.294749,1.85377e-15
11314,Solyc05g008560.1,dispersed,TE-like,Solyc10g084080.2,0.751785,4.29535,0.175023,8.799e-35
11315,Solyc05g008570.2,dispersed,TE-like,Solyc12g006930.2,0.38106,3.92647,0.0970489,0
11316,Solyc05g008650.1,dispersed,gbM,Solyc05g013280.3,0.804801,1.56678,0.513667,3.01024e-05
11317,Solyc05g008690.1,dispersed,TE-like,Solyc06g008450.3,0.0652558,0.0775297,0.841687,0.407279
11318,Solyc05g008740.1,dispersed,Unclassified,Solyc04g014870.3,0.406795,1.48584,0.273782,4.40531e-08
11319,Solyc05g009020.3,dispersed,TE-like,Solyc05g052640.3,0.733273,4.03209,0.181859,4.90644e-21
11320,Solyc05g009030.3,dispersed,TE-like,Solyc08g077930.3,0.794089,4.08787,0.194255,4.04088e-15
11321,Solyc05g009070.3,dispersed,gbM,Solyc01g100110.3,0.205706,4.2621,0.048264,8.12836e-93
11322,Solyc05g009190.3,dispersed,TE-like,Solyc04g076390.3,0.25527,4.30684,0.0592708,4.42101e-129
11323,Solyc05g009290.3,dispersed,gbM,Solyc09g055700.3,0.728862,3.87122,0.188277,2.09059e-14
11324,Solyc05g009390.3,dispersed,gbM,Solyc02g086040.2,0.37316,3.91253,0.0953754,2.43604e-36
11325,Solyc05g009400.2,dispersed,gbM,Solyc12g006575.1,0.564278,4.41495,0.127811,1.88364e-56
11326,Solyc05g009410.2,dispersed,Unclassified,Solyc09g064910.1,0.46085,3.88872,0.11851,4.31027e-27
11327,Solyc05g009420.1,dispersed,Unmethylated,Solyc04g007250.1,0.253164,1.44201,0.175564,5.81827e-26
11328,Solyc05g009513.1,dispersed,Unclassified,Solyc10g009450.1,0.431736,1.73781,0.248437,1.26141e-12
11329,Solyc05g009570.3,dispersed,NA,Solyc03g034190.3,0.286731,3.50399,0.0818298,2.2564e-25
11330,Solyc05g009670.3,dispersed,TE-like,Solyc01g087890.3,0.965649,2.62277,0.368179,1.01538e-10
11331,Solyc05g009710.3,dispersed,TE-like,Solyc12g070100.2,0.336343,0.74339,0.452445,1.64744e-07
11332,Solyc05g009780.3,dispersed,TE-like,Solyc02g090670.3,0.355877,4.06129,0.0876267,2.51383e-58
11333,Solyc05g010050.3,dispersed,TE-like,Solyc02g065590.3,0.234046,3.53855,0.0661417,1.40823e-39
11334,Solyc05g010100.3,dispersed,TE-like,Solyc07g008650.3,0.73756,3.54291,0.208179,2.59807e-14
11335,Solyc05g010155.1,dispersed,TE-like,Solyc01g010790.1,0.635093,1.98957,0.319211,9.05604e-12
11336,Solyc05g010200.1,dispersed,TE-like,Solyc08g005940.1,0.340135,0.785051,0.433265,0.00551491
11337,Solyc05g010250.2,dispersed,TE-like,Solyc10g074910.2,0.639798,3.68095,0.173813,1.21556e-15
11338,Solyc05g010260.3,dispersed,TE-like,Solyc12g056120.1,0.165189,4.24419,0.0389212,1.54388e-173
11339,Solyc05g010390.1,dispersed,TE-like,Solyc03g078190.1,0.538354,2.94661,0.182703,3.86494e-14
11340,Solyc05g010440.2,dispersed,Unclassified,Solyc00g059500.2,NA,0.013754,0,NA
11341,Solyc05g010450.1,dispersed,Unclassified,Solyc04g005920.1,0.297723,1.49637,0.198964,2.06969e-19
11342,Solyc05g010470.3,dispersed,gbM,Solyc02g091790.3,0.76673,3.94703,0.194255,2.30385e-23
11343,Solyc05g010510.1,dispersed,Unclassified,Solyc05g010765.1,0.250384,0.400485,0.625201,0.0346991
11344,Solyc05g010515.1,dispersed,gbM,Solyc05g010775.1,0.787269,1.53252,0.513709,0.225245
11345,Solyc05g010570.3,dispersed,TE-like,Solyc05g018120.1,0.00204772,0.0291039,0.0703589,0
11346,Solyc05g010590.3,dispersed,TE-like,Solyc02g065660.3,0.606345,1.41576,0.428284,1.41623e-18
11347,Solyc05g010620.2,dispersed,TE-like,Solyc01g102690.3,0.558537,4.56041,0.122475,7.93244e-86
11348,Solyc05g010650.3,dispersed,TE-like,Solyc04g082570.3,0.602979,4.76295,0.126598,1.12648e-63
11349,Solyc05g010720.3,dispersed,Unclassified,Solyc06g053670.1,0.426814,2.26542,0.188404,5.91276e-20
11350,Solyc05g010730.3,dispersed,Unclassified,Solyc08g074360.3,0.150153,0.309596,0.484999,0.0402836
11351,Solyc05g010765.1,dispersed,Unclassified,Solyc05g010510.1,0.250384,0.400485,0.625201,0.0346991
11352,Solyc05g010775.1,dispersed,gbM,Solyc05g010515.1,0.787269,1.53252,0.513709,0.225245
11353,Solyc05g010780.1,dispersed,TE-like,Solyc01g108410.2,0.740339,4.30105,0.17213,3.72193e-41
11354,Solyc05g011910.2,dispersed,TE-like,Solyc00g227960.1,0.204913,0.277743,0.737782,0.428484
11355,Solyc05g012100.3,dispersed,TE-like,Solyc09g011850.3,0.445642,4.06728,0.109568,1.6465e-46
11356,Solyc05g012260.3,dispersed,gbM,Solyc07g008560.3,0.240522,4.44503,0.0541102,2.14015e-145
11357,Solyc05g012290.3,dispersed,TE-like,Solyc08g005570.3,0.807425,4.14249,0.194913,7.09567e-18
11358,Solyc05g012390.3,dispersed,gbM,Solyc01g109060.3,0.967108,4.37261,0.221174,1.57946e-24
11359,Solyc05g012510.3,dispersed,TE-like,Solyc09g031970.3,0.288445,4.7096,0.0612462,1.50866e-164
11360,Solyc05g012630.1,dispersed,gbM,Solyc02g069500.1,0.664953,4.54972,0.146152,2.0375e-58
11361,Solyc05g012823.1,dispersed,NA,Solyc05g040055.1,0.0373069,0.0459845,0.811294,0.537929
11362,Solyc05g012920.2,dispersed,TE-like,Solyc03g118280.1,0.783082,4.65645,0.168172,1.25916e-37
11363,Solyc05g013030.1,dispersed,gbM,Solyc11g062430.2,1.0196,4.15984,0.245106,4.36495e-16
11364,Solyc05g013080.1,dispersed,TE-like,NA,NA,NA,NA,NA
11365,Solyc05g013115.1,dispersed,TE-like,Solyc01g009307.1,0.748299,1.37771,0.543146,0.00785401
11366,Solyc05g013200.1,dispersed,TE-like,Solyc08g023640.1,0.588907,4.40101,0.133812,4.14795e-35
11367,Solyc05g013230.2,dispersed,Unclassified,Solyc05g005120.3,0.149358,0.208703,0.715647,0.40953
11368,Solyc05g013410.3,dispersed,gbM,Solyc01g007930.3,0.182778,1.83913,0.0993829,4.032e-34
11369,Solyc05g013435.1,dispersed,Unclassified,NA,NA,NA,NA,NA
11370,Solyc05g013440.3,dispersed,TE-like,Solyc08g014330.3,0.119248,4.66852,0.0255429,8.81104e-175
11371,Solyc05g013540.1,dispersed,Unclassified,Solyc07g053740.1,0.683935,3.59465,0.190265,2.41251e-28
11372,Solyc05g013740.3,dispersed,TE-like,Solyc02g067095.1,0.373136,1.30409,0.286127,1.35957e-09
11373,Solyc05g013790.3,dispersed,TE-like,Solyc04g026000.2,0.0516386,0.159792,0.323162,0.0452089
11374,Solyc05g013810.3,dispersed,gbM,Solyc08g066810.3,0.158244,1.24309,0.127299,2.02569e-51
11375,Solyc05g013890.2,dispersed,TE-like,Solyc04g056650.3,0.665498,3.98378,0.167052,1.07353e-27
11376,Solyc05g013900.1,dispersed,TE-like,Solyc07g018130.2,0.147163,2.26862,0.0648688,3.15192e-39
11377,Solyc05g013950.1,dispersed,TE-like,Solyc06g075520.3,0.090477,0.0972874,0.929997,0.998947
11378,Solyc05g013990.3,dispersed,TE-like,Solyc11g069000.2,0.701232,4.40141,0.15932,3.24932e-26
11379,Solyc05g014070.1,dispersed,TE-like,Solyc05g025635.1,0.0889193,0.158642,0.560504,0.143916
11380,Solyc05g014085.1,dispersed,TE-like,Solyc06g036320.1,0.748049,1.60433,0.466269,7.49297e-05
11381,Solyc05g014090.2,dispersed,TE-like,Solyc07g039200.3,0.129338,0.500019,0.258666,1.48547e-11
11382,Solyc05g014255.1,dispersed,NA,Solyc05g046013.1,0.0832436,0.126077,0.660262,0.331396
11383,Solyc05g014275.1,dispersed,TE-like,Solyc09g047860.1,0.288666,0.634111,0.45523,8.81426e-05
11384,Solyc05g014280.3,dispersed,TE-like,Solyc03g082420.3,0.612319,3.63411,0.168492,3.02653e-28
11385,Solyc05g014330.1,dispersed,gbM,Solyc06g051320.3,0.568459,4.16712,0.136415,3.43572e-29
11386,Solyc05g014400.3,dispersed,gbM,Solyc12g005900.2,0.0290174,0.0428694,0.676879,0.236322
11387,Solyc05g014410.2,dispersed,Unclassified,Solyc12g005900.2,0.223129,0.206329,1.08142,0.732282
11388,Solyc05g014460.2,dispersed,TE-like,Solyc12g088540.2,0.146859,0.144769,1.01443,0.90428
11389,Solyc05g014465.1,dispersed,NA,Solyc04g078320.3,0.190252,1.09168,0.174274,6.64251e-10
11390,Solyc05g014550.1,dispersed,Unclassified,Solyc02g068010.3,0.424427,3.61582,0.117381,1.92889e-23
11391,Solyc05g014637.1,dispersed,Unclassified,Solyc03g119560.1,0.259381,0.687869,0.377079,0.0080012
11392,Solyc05g014656.1,dispersed,TE-like,Solyc12g015865.1,0.105247,0.302212,0.348256,0.012933
11393,Solyc05g014658.1,dispersed,TE-like,Solyc04g051427.1,0.0752197,0.201151,0.373947,0.000957993
11394,Solyc05g014700.3,dispersed,TE-like,Solyc01g005910.3,0.54761,2.02625,0.270258,1.76519e-10
11395,Solyc05g014710.3,dispersed,gbM,Solyc08g045640.3,0.550422,3.93297,0.139951,5.3576e-30
11396,Solyc05g014900.1,dispersed,TE-like,Solyc07g064430.1,0.113775,0.0642857,1.76984,0.338274
11397,Solyc05g014910.1,dispersed,NA,Solyc12g038653.1,0.0380537,0.0951173,0.400071,0.149317
11398,Solyc05g014920.1,dispersed,Unclassified,Solyc07g064430.1,0.0962622,0.245912,0.39145,0.0168859
11399,Solyc05g014930.1,dispersed,TE-like,Solyc12g038657.1,0.116188,0.152173,0.763529,0.58535
11400,Solyc05g014980.3,dispersed,TE-like,Solyc01g088480.3,0.741412,3.58523,0.206796,4.74897e-11
11401,Solyc05g015000.1,dispersed,TE-like,Solyc03g061650.2,0.162252,0.373869,0.433981,1.03773e-05
11402,Solyc05g015030.2,dispersed,TE-like,Solyc09g058996.1,0.0514201,0.0299858,1.71481,0.451217
11403,Solyc05g015035.1,dispersed,TE-like,Solyc08g062530.3,0.0539463,0.0676952,0.796899,0.689539
11404,Solyc05g015040.3,dispersed,TE-like,Solyc01g110990.2,0.372654,3.87324,0.0962126,5.97493e-51
11405,Solyc05g015093.1,dispersed,TE-like,Solyc10g047823.1,0.126116,0.283884,0.444251,5.47956e-05
11406,Solyc05g015095.1,dispersed,NA,Solyc08g016584.1,0.00937099,0.0597021,0.156963,0.0132322
11407,Solyc05g015210.3,dispersed,TE-like,Solyc07g056660.3,1.04894,2.08608,0.502831,2.05833e-11
11408,Solyc05g015300.3,dispersed,TE-like,Solyc02g062320.3,0.258937,0.880229,0.294171,2.74979e-13
11409,Solyc05g015350.3,dispersed,TE-like,Solyc10g009310.3,0.427911,4.2982,0.0995558,4.94382e-82
11410,Solyc05g015480.3,dispersed,gbM,Solyc08g080180.1,0.905866,3.87784,0.233601,1.66174e-18
11411,Solyc05g015715.1,dispersed,TE-like,Solyc11g044313.1,0.367701,0.71463,0.514533,0.238312
11412,Solyc05g015820.3,dispersed,TE-like,Solyc08g005230.3,0.791192,2.75597,0.287083,3.12604e-10
11413,Solyc05g015847.1,dispersed,TE-like,Solyc04g049185.1,0.0813635,0.117261,0.693866,0.303946
11414,Solyc05g015890.3,dispersed,Unmethylated,Solyc03g025430.1,0.753694,3.84316,0.196113,3.4539e-14
11415,Solyc05g016010.1,dispersed,TE-like,Solyc02g055510.1,0.182881,1.93057,0.0947292,3.32767e-31
11416,Solyc05g016040.1,dispersed,gbM,Solyc05g025550.1,0.392494,0.683332,0.574383,0.0372873
11417,Solyc05g016075.1,dispersed,Unclassified,Solyc08g029205.1,0.149317,0.297505,0.501896,0.0162704
11418,Solyc05g016077.1,dispersed,TE-like,Solyc10g080395.1,0.0609241,0.154682,0.393865,0.019239
11419,Solyc05g016090.1,dispersed,TE-like,Solyc05g026520.1,0.0315702,0.0518373,0.609023,0.181442
11420,Solyc05g016120.2,dispersed,TE-like,Solyc04g039810.1,0.624846,1.16058,0.538391,0.045841
11421,Solyc05g016330.3,dispersed,gbM,Solyc11g040224.1,0.0886038,0.220447,0.401929,0.0213252
11422,Solyc05g016380.3,dispersed,Unclassified,Solyc07g042930.3,0.313985,3.17445,0.0989101,5.97918e-15
11423,Solyc05g016395.1,dispersed,TE-like,Solyc07g042930.3,0.163559,0.826393,0.19792,1.60527e-14
11424,Solyc05g016477.1,dispersed,NA,Solyc05g025530.1,0.263141,0.653189,0.402856,0.0140855
11425,Solyc05g016624.1,dispersed,TE-like,Solyc07g017823.1,0.34873,1.56329,0.223074,5.03183e-07
11426,Solyc05g016727.1,dispersed,TE-like,Solyc11g044313.1,0.149866,0.113899,1.31578,0.762916
11427,Solyc05g017740.1,dispersed,Unmethylated,Solyc02g081780.2,0.265904,0.861194,0.308763,2.80062e-05
11428,Solyc05g017745.1,dispersed,TE-like,Solyc03g043580.2,0.245412,0.568113,0.431978,0.0303621
11429,Solyc05g017780.1,dispersed,TE-like,Solyc11g072140.2,0.582644,1.71658,0.339422,2.5265e-08
11430,Solyc05g017897.1,dispersed,TE-like,Solyc05g026427.1,0.136256,0.350736,0.388485,0.0088534
11431,Solyc05g017910.1,dispersed,TE-like,Solyc04g049380.3,0.257311,1.65631,0.155352,2.11977e-06
11432,Solyc05g017915.1,dispersed,TE-like,Solyc04g049380.3,0.389986,2.14536,0.181782,8.14484e-12
11433,Solyc05g017950.3,dispersed,TE-like,Solyc12g005410.2,0.57534,4.24212,0.135626,2.3766e-33
11434,Solyc05g018010.2,dispersed,TE-like,Solyc10g054360.1,0.422175,0.947256,0.445682,0.00393118
11435,Solyc05g018020.1,dispersed,TE-like,Solyc10g085460.2,0.448491,0.269282,1.66551,0.0850893
11436,Solyc05g018033.1,dispersed,TE-like,Solyc11g020217.1,0.359899,0.981268,0.366769,0.000261581
11437,Solyc05g018037.1,dispersed,TE-like,Solyc07g041362.1,0.565673,4.17338,0.135543,1.98854e-31
11438,Solyc05g018050.1,dispersed,Unmethylated,Solyc12g008440.1,0.453685,2.97328,0.152587,2.52001e-16
11439,Solyc05g018120.1,dispersed,NA,Solyc05g010570.3,0.00204772,0.0291039,0.0703589,0
11440,Solyc05g018185.1,dispersed,Unclassified,Solyc09g083160.3,0.0621293,0.252489,0.246068,0.0121767
11441,Solyc05g018220.2,dispersed,TE-like,Solyc09g056410.2,0.465535,2.61284,0.178172,2.218e-07
11442,Solyc05g018360.1,dispersed,TE-like,NA,NA,NA,NA,NA
11443,Solyc05g018390.3,dispersed,gbM,Solyc07g018270.3,0.603283,4.46118,0.135229,3.22851e-58
11444,Solyc05g018510.3,dispersed,TE-like,Solyc08g067620.2,0.271108,5.16079,0.0525322,2.70291e-257
11445,Solyc05g018520.3,dispersed,TE-like,Solyc10g081440.2,0.480802,3.82957,0.12555,3.11544e-31
11446,Solyc05g018525.1,dispersed,TE-like,Solyc12g015865.1,0.100391,0.0621938,1.61416,0.442843
11447,Solyc05g018650.3,dispersed,TE-like,Solyc10g084140.2,0.256767,3.97239,0.0646381,4.47344e-56
11448,Solyc05g018653.1,dispersed,TE-like,Solyc08g065480.3,0.372861,3.48627,0.106951,1.02886e-29
11449,Solyc05g018660.1,dispersed,TE-like,Solyc05g024390.1,0.0703023,0.105676,0.66526,0.104241
11450,Solyc05g018700.3,dispersed,TE-like,Solyc05g056400.3,0.297479,1.43055,0.207948,1.34847e-20
11451,Solyc05g018780.1,dispersed,Unclassified,Solyc05g025630.2,0.0467331,0.0715247,0.653384,0.610864
11452,Solyc05g018790.1,dispersed,TE-like,Solyc09g056310.1,0.361202,0.87378,0.413379,0.0658201
11453,Solyc05g018820.1,dispersed,Unclassified,Solyc07g039380.3,0.392127,3.83082,0.102361,3.02736e-11
11454,Solyc05g018830.2,dispersed,TE-like,Solyc12g036870.2,0.04581,0.0822037,0.557274,0.273761
11455,Solyc05g018860.1,dispersed,TE-like,Solyc07g017280.2,0.292617,0.586769,0.498691,0.00463348
11456,Solyc05g019990.1,dispersed,TE-like,Solyc10g050280.1,0.0989227,0.128372,0.770597,0.494749
11457,Solyc05g020030.1,dispersed,TE-like,Solyc00g009540.1,0.116108,2.91973,0.0397669,1.01721e-26
11458,Solyc05g020043.1,dispersed,TE-like,Solyc10g048065.1,0.333382,0.345951,0.963668,1
11459,Solyc05g020047.1,dispersed,TE-like,Solyc10g048065.1,0.18073,0.397557,0.454601,0.0167036
11460,Solyc05g021073.1,dispersed,TE-like,Solyc01g066080.2,0.223324,0.283068,0.788943,0.52668
11461,Solyc05g021140.1,dispersed,TE-like,Solyc10g085460.2,0.181846,0.477751,0.380629,0.00182604
11462,Solyc05g021190.2,dispersed,TE-like,Solyc09g055950.1,0.285386,0.375641,0.75973,0.473934
11463,Solyc05g021200.1,dispersed,TE-like,Solyc08g013940.3,0.133512,0.254495,0.524617,0.0409885
11464,Solyc05g021243.1,dispersed,TE-like,Solyc10g018393.1,0.405179,2.73523,0.148133,6.12541e-23
11465,Solyc05g021247.1,dispersed,NA,Solyc04g054650.2,0.578471,2.54019,0.227727,0.000354358
11466,Solyc05g021280.1,dispersed,NA,Solyc06g036890.1,0.21227,2.72012,0.0780368,1.48338e-24
11467,Solyc05g021350.1,dispersed,TE-like,Solyc06g030440.1,0.269598,0.467739,0.576385,0.011234
11468,Solyc05g021390.3,dispersed,Unclassified,Solyc02g069600.3,0.435234,4.25788,0.102218,1.4825e-52
11469,Solyc05g021400.1,dispersed,NA,Solyc09g061530.1,0.354893,0.561752,0.631761,0.151054
11470,Solyc05g021410.2,dispersed,NA,Solyc08g007716.1,0.260569,0.369813,0.704597,0.0139601
11471,Solyc05g021485.1,dispersed,TE-like,Solyc03g051625.1,0.127854,0.241994,0.528338,0.0870301
11472,Solyc05g021530.2,dispersed,TE-like,Solyc09g037087.1,0.122098,0.336683,0.36265,0.00430196
11473,Solyc05g021580.3,dispersed,NA,Solyc07g021050.2,0.0152944,NA,NA,NA
11474,Solyc05g023600.2,dispersed,TE-like,Solyc05g026510.3,0.444944,0.82243,0.541011,0.00455629
11475,Solyc05g023630.1,dispersed,TE-like,Solyc08g013940.3,0.158846,0.453149,0.350538,0.00184457
11476,Solyc05g023660.2,dispersed,TE-like,Solyc07g025255.1,0.264573,0.731192,0.361838,0.000294931
11477,Solyc05g023710.3,dispersed,TE-like,Solyc02g081680.3,0.64966,4.39154,0.147935,5.91654e-35
11478,Solyc05g023720.1,dispersed,TE-like,Solyc11g020315.1,0.091274,0.291142,0.313503,0.00893422
11479,Solyc05g023730.1,dispersed,TE-like,Solyc10g047090.2,0.124356,0.359378,0.346031,0.0603228
11480,Solyc05g023745.1,dispersed,TE-like,Solyc09g063157.1,0.109158,0.337489,0.323441,2.1238e-08
11481,Solyc05g023763.1,dispersed,TE-like,NA,NA,NA,NA,NA
11482,Solyc05g023767.1,dispersed,TE-like,Solyc10g037930.1,0.361879,3.41146,0.106077,1.64681e-18
11483,Solyc05g023770.3,dispersed,TE-like,NA,NA,NA,NA,NA
11484,Solyc05g023835.1,dispersed,TE-like,Solyc11g065195.1,0.0832243,0.305863,0.272097,0.0145935
11485,Solyc05g023840.1,dispersed,TE-like,Solyc03g006177.1,0.0657137,0.122247,0.537548,0.352849
11486,Solyc05g023850.2,dispersed,Unclassified,Solyc07g039660.1,0.380487,1.04672,0.363504,0.230209
11487,Solyc05g023920.1,dispersed,NA,Solyc00g094530.1,0.0816116,0.0160732,5.0775,0.0782993
11488,Solyc05g023950.1,dispersed,Unclassified,Solyc00g013110.1,0.0934177,0.078358,1.19219,0.984723
11489,Solyc05g023960.1,dispersed,TE-like,Solyc10g048065.1,0.428954,0.593945,0.722211,0.887074
11490,Solyc05g023970.1,dispersed,NA,Solyc10g048065.1,0.0826392,0.134884,0.612667,0.24197
11491,Solyc05g024120.2,dispersed,TE-like,Solyc05g055605.1,0.498063,0.959325,0.519181,0.0667104
11492,Solyc05g024150.1,dispersed,TE-like,Solyc10g074410.1,0.164266,0.314637,0.522082,0.0419919
11493,Solyc05g024180.3,dispersed,gbM,Solyc05g055563.1,0.221332,0.246848,0.896633,0.718916
11494,Solyc05g024195.1,dispersed,NA,Solyc02g094753.1,0.0581016,0.179968,0.322844,5.79882e-05
11495,Solyc05g024210.1,dispersed,Unclassified,Solyc05g041920.3,0.307912,1.95448,0.157541,1.56549e-16
11496,Solyc05g024325.1,dispersed,TE-like,Solyc04g009010.2,0.224559,0.401903,0.558739,0.0569705
11497,Solyc05g024330.1,dispersed,TE-like,Solyc07g043350.2,0.55637,0.903891,0.615528,0.0473099
11498,Solyc05g024480.1,dispersed,TE-like,Solyc05g041100.2,0.314157,0.139412,2.25344,0.00596003
11499,Solyc05g025500.3,dispersed,gbM,Solyc04g015190.3,0.464257,4.27017,0.108721,4.76914e-61
11500,Solyc05g025530.1,dispersed,TE-like,Solyc05g016477.1,0.263141,0.653189,0.402856,0.0140855
11501,Solyc05g025550.1,dispersed,TE-like,Solyc05g016040.1,0.392494,0.683332,0.574383,0.0372873
11502,Solyc05g025560.1,dispersed,NA,Solyc07g019510.3,0.0742567,0.124287,0.59746,0.521099
11503,Solyc05g025630.2,dispersed,NA,Solyc05g018780.1,0.0467331,0.0715247,0.653384,0.610864
11504,Solyc05g025635.1,dispersed,Unclassified,Solyc05g014070.1,0.0889193,0.158642,0.560504,0.143916
11505,Solyc05g025640.1,dispersed,Unclassified,Solyc07g008960.1,0.60648,3.08212,0.196774,8.89198e-15
11506,Solyc05g025650.3,dispersed,TE-like,Solyc05g051620.3,0.325552,3.67752,0.088525,2.24589e-27
11507,Solyc05g025700.1,dispersed,TE-like,Solyc10g076630.1,0.336151,0.27392,1.22719,0.4912
11508,Solyc05g025825.1,dispersed,TE-like,Solyc05g024195.1,0.58047,3.5235,0.164742,9.86796e-17
11509,Solyc05g025880.1,dispersed,NA,Solyc10g018393.1,0.210634,2.80653,0.0750516,2.54079e-20
11510,Solyc05g025890.2,dispersed,Unclassified,Solyc12g099940.2,0.562072,3.85717,0.145721,2.94047e-21
11511,Solyc05g025923.1,dispersed,TE-like,Solyc00g304035.1,0.139951,1.14685,0.122031,1.98923e-11
11512,Solyc05g025930.1,dispersed,TE-like,Solyc05g007350.2,0.141443,0.172001,0.822338,0.813041
11513,Solyc05g025940.2,dispersed,TE-like,Solyc05g007350.2,0.256575,0.228799,1.1214,0.538421
11514,Solyc05g025970.1,dispersed,TE-like,Solyc12g038100.1,0.0986416,0.410872,0.240079,0.000228309
11515,Solyc05g026000.1,dispersed,TE-like,Solyc05g041300.2,0.1473,0.18408,0.800194,0.770857
11516,Solyc05g026007.1,dispersed,NA,Solyc05g041690.2,0.202284,0.297035,0.681011,0.22741
11517,Solyc05g026040.1,dispersed,TE-like,Solyc05g026330.2,0.252554,0.261516,0.965732,0.866508
11518,Solyc05g026045.1,dispersed,TE-like,Solyc10g078630.2,0.0857821,0.10047,0.853807,0.988342
11519,Solyc05g026060.2,dispersed,Unclassified,Solyc08g065980.3,0.378915,5.79996,0.0653306,2.05344e-35
11520,Solyc05g026080.3,dispersed,TE-like,Solyc08g065980.3,0.232677,4.87981,0.0476816,1.20206e-164
11521,Solyc05g026085.1,dispersed,NA,Solyc11g068835.1,0.0788374,0.26297,0.299796,0.00157995
11522,Solyc05g026090.1,dispersed,TE-like,Solyc02g032877.1,0.272856,0.460949,0.591944,0.091849
11523,Solyc05g026140.3,dispersed,gbM,Solyc10g008560.3,0.762799,4.23665,0.180048,1.54788e-26
11524,Solyc05g026240.2,dispersed,Unmethylated,Solyc01g108900.3,0.520556,4.0273,0.129257,8.89077e-56
11525,Solyc05g026310.3,dispersed,TE-like,Solyc02g080380.3,0.641927,2.32454,0.276153,2.73104e-11
11526,Solyc05g026313.1,dispersed,Unclassified,Solyc11g013397.1,0.158952,0.345253,0.460392,0.0028911
11527,Solyc05g026315.1,dispersed,NA,Solyc10g009055.1,0.0776597,0.323374,0.240155,1.11983e-05
11528,Solyc05g026317.1,dispersed,TE-like,Solyc11g028175.1,0.0812899,0.193901,0.419235,0.0579284
11529,Solyc05g026330.2,dispersed,Unclassified,Solyc05g041640.2,0.0723046,0.0571551,1.26506,0.797064
11530,Solyc05g026350.2,dispersed,NA,Solyc05g041285.1,0.378519,0.520471,0.727262,0.618196
11531,Solyc05g026360.3,dispersed,gbM,Solyc07g021700.3,0.0601079,0.799254,0.0752049,1.46142e-44
11532,Solyc05g026427.1,dispersed,TE-like,Solyc05g017897.1,0.136256,0.350736,0.388485,0.0088534
11533,Solyc05g026490.3,dispersed,TE-like,Solyc04g005030.3,0.472784,4.11457,0.114905,2.41699e-82
11534,Solyc05g026510.3,dispersed,TE-like,Solyc07g021035.1,0.232496,0.613355,0.379057,0.000138131
11535,Solyc05g026540.3,dispersed,TE-like,Solyc11g011220.2,0.342063,2.06814,0.165397,4.11743e-56
11536,Solyc05g039950.2,dispersed,Unclassified,Solyc08g014490.1,0.457334,1.84483,0.247901,1.81756e-22
11537,Solyc05g039965.1,dispersed,NA,Solyc11g042422.1,0.316563,0.312934,1.0116,0.867481
11538,Solyc05g039970.1,dispersed,TE-like,Solyc04g025130.1,0.607296,1.39929,0.434003,3.03961e-05
11539,Solyc05g040040.1,dispersed,Unmethylated,Solyc07g047680.2,0.124653,3.37513,0.0369328,6.49438e-33
11540,Solyc05g040060.1,dispersed,Unclassified,Solyc06g060390.3,0.0412899,0.0396812,1.04054,0.716919
11541,Solyc05g040080.1,dispersed,Unclassified,Solyc05g056480.3,0.141675,0.517901,0.273556,0.00129531
11542,Solyc05g041100.2,dispersed,TE-like,Solyc05g024480.1,0.314157,0.139412,2.25344,0.00596003
11543,Solyc05g041150.1,dispersed,NA,Solyc07g015930.2,0.0532432,0.0209218,2.54486,0.60307
11544,Solyc05g041160.2,dispersed,TE-like,Solyc10g018490.1,0.154424,0.0421946,3.6598,0.0757043
11545,Solyc05g041200.3,dispersed,TE-like,Solyc07g045050.3,0.120842,1.36048,0.0888231,1.8842e-63
11546,Solyc05g041220.2,dispersed,gbM,Solyc07g045550.2,0.187244,1.78684,0.10479,1.61916e-50
11547,Solyc05g041230.1,dispersed,Unclassified,Solyc11g045260.1,0.127754,0.139996,0.912557,0.822995
11548,Solyc05g041310.1,dispersed,NA,Solyc05g041940.1,0.0409627,0.108578,0.377265,0.16423
11549,Solyc05g041350.1,dispersed,TE-like,Solyc03g121630.3,0.194337,0.287254,0.676532,0.362004
11550,Solyc05g041400.1,dispersed,TE-like,Solyc11g063590.1,0.759445,1.62459,0.467469,0.0308987
11551,Solyc05g041500.1,dispersed,Unclassified,Solyc04g008910.2,0.362114,1.16335,0.311267,0.000548784
11552,Solyc05g041510.1,dispersed,TE-like,Solyc11g061950.1,0.14264,0.304334,0.468697,0.161752
11553,Solyc05g041627.1,dispersed,NA,Solyc01g011397.1,0.104993,0.181899,0.577206,0.182266
11554,Solyc05g041680.1,dispersed,TE-like,Solyc10g012230.1,0.255025,0.481484,0.529664,0.114023
11555,Solyc05g041740.2,dispersed,TE-like,Solyc05g042186.1,0.0632699,0.210401,0.300711,0.0704723
11556,Solyc05g041810.1,dispersed,TE-like,Solyc06g043100.1,0.0689697,0.147963,0.466129,0.0149042
11557,Solyc05g041920.3,dispersed,Unclassified,Solyc05g024210.1,0.307912,1.95448,0.157541,1.56549e-16
11558,Solyc05g041940.1,dispersed,Unclassified,Solyc05g041610.2,0.0388907,0.132954,0.292513,0.0199407
11559,Solyc05g041950.1,dispersed,TE-like,Solyc03g032220.3,0.140505,1.3117,0.107117,1.19557e-15
11560,Solyc05g041960.1,dispersed,TE-like,Solyc07g042135.1,0.287832,0.345812,0.832336,0.724164
11561,Solyc05g042077.1,dispersed,TE-like,Solyc05g014255.1,0.084045,0.107936,0.778658,0.510045
11562,Solyc05g042090.1,dispersed,TE-like,Solyc06g008790.3,0.159173,0.318759,0.499351,0.00227517
11563,Solyc05g042100.1,dispersed,TE-like,Solyc06g008790.3,0.301615,0.326352,0.924204,1
11564,Solyc05g042122.1,dispersed,TE-like,Solyc08g062825.1,0.375227,3.63733,0.10316,2.98897e-21
11565,Solyc05g042124.1,dispersed,TE-like,Solyc09g074185.1,0.0777379,0.190495,0.408084,0.0112519
11566,Solyc05g042126.1,dispersed,TE-like,Solyc08g065265.1,0.026198,0.0252814,1.03626,0.99089
11567,Solyc05g042128.1,dispersed,NA,Solyc04g051427.1,0.0530051,NA,NA,NA
11568,Solyc05g043420.1,dispersed,TE-like,Solyc05g050430.1,0.148096,0.174399,0.849178,0.198546
11569,Solyc05g044490.2,dispersed,TE-like,Solyc05g043420.1,0.251784,0.423153,0.595019,1.82104e-08
11570,Solyc05g044520.1,dispersed,Unclassified,Solyc08g062880.1,0.070059,0.0834468,0.839565,0.619094
11571,Solyc05g044585.1,dispersed,TE-like,Solyc02g030185.1,0.0769853,0.402691,0.191177,8.16481e-08
11572,Solyc05g044630.3,dispersed,TE-like,Solyc01g103710.3,0.269994,3.6616,0.0737368,5.79637e-29
11573,Solyc05g045720.1,dispersed,TE-like,Solyc05g045890.1,0.186874,0.468184,0.399147,0.000280368
11574,Solyc05g045770.1,dispersed,NA,Solyc09g015850.3,0.182913,0.213729,0.855817,0.842566
11575,Solyc05g045773.1,dispersed,Unclassified,Solyc09g015850.3,0.498497,1.01317,0.492015,0.00339652
11576,Solyc05g045780.1,dispersed,Unclassified,Solyc05g045920.1,0.384852,0.92739,0.414984,0.0131617
11577,Solyc05g045890.1,dispersed,Unclassified,Solyc05g045720.1,0.186874,0.468184,0.399147,0.000280368
11578,Solyc05g045920.1,dispersed,TE-like,Solyc05g045780.1,0.384852,0.92739,0.414984,0.0131617
11579,Solyc05g045945.1,dispersed,Unclassified,Solyc12g035675.1,0.0518219,0.137126,0.377915,0.121998
11580,Solyc05g045955.1,dispersed,NA,Solyc12g021263.1,0.0487735,0.0455372,1.07107,0.998447
11581,Solyc05g046000.3,dispersed,TE-like,Solyc08g075830.3,0.202235,3.88238,0.0520905,6.0064e-66
11582,Solyc05g046013.1,dispersed,Unclassified,Solyc05g014255.1,0.0832436,0.126077,0.660262,0.331396
11583,Solyc05g046080.2,dispersed,TE-like,Solyc08g016446.1,0.175954,0.144165,1.2205,0.526193
11584,Solyc05g046100.1,dispersed,Unclassified,Solyc06g065080.1,0.246847,0.380866,0.648119,0.429058
11585,Solyc05g046133.1,dispersed,NA,Solyc10g012137.1,0.0105042,0.0502515,0.209033,0.00238744
11586,Solyc05g046245.1,dispersed,Unmethylated,Solyc04g007820.3,0.249981,0.343118,0.728559,0.487221
11587,Solyc05g046280.2,dispersed,TE-like,Solyc01g091610.1,0.68114,4.512,0.150962,1.04314e-76
11588,Solyc05g046340.2,dispersed,TE-like,Solyc05g048760.3,0.0565784,0.292706,0.193294,5.93298e-11
11589,Solyc05g046345.1,dispersed,NA,Solyc10g018355.1,0.0315649,0.0410476,0.768982,0.514654
11590,Solyc05g046390.3,dispersed,Unclassified,Solyc09g059220.1,0.210428,0.545799,0.385542,0.0371095
11591,Solyc05g047400.1,dispersed,TE-like,Solyc11g018650.1,0.539657,4.82075,0.111945,4.03456e-06
11592,Solyc05g047420.3,dispersed,TE-like,Solyc08g007520.3,0.695081,3.91303,0.177632,5.37012e-25
11593,Solyc05g047480.2,dispersed,NA,Solyc10g083350.2,0.0155611,0.0695785,0.223648,0.0698714
11594,Solyc05g047540.3,dispersed,TE-like,Solyc07g017760.1,0.932143,4.15764,0.2242,4.66018e-18
11595,Solyc05g047560.1,dispersed,TE-like,Solyc12g056050.1,0.196647,1.03905,0.189256,6.16395e-32
11596,Solyc05g047600.3,dispersed,TE-like,Solyc03g115700.3,0.525383,4.12884,0.127247,6.49191e-75
11597,Solyc05g047620.1,dispersed,TE-like,Solyc06g036820.1,0.0335699,0.626473,0.0535856,7.21245e-14
11598,Solyc05g047670.1,dispersed,TE-like,Solyc09g031840.1,0.248188,0.436492,0.568597,0.0793091
11599,Solyc05g047700.2,dispersed,TE-like,Solyc05g054020.2,0.119042,0.238474,0.499183,0.020246
11600,Solyc05g048760.3,dispersed,TE-like,Solyc08g008670.3,0.00516306,0.16228,0.0318159,1.19109e-13
11601,Solyc05g049900.3,dispersed,TE-like,Solyc00g017890.1,0.846817,3.88527,0.217956,1.89013e-10
11602,Solyc05g049940.3,dispersed,Unclassified,Solyc01g094510.2,0.3635,0.876763,0.414594,0.0120945
11603,Solyc05g049950.3,dispersed,Unmethylated,Solyc01g094540.3,0.124617,2.30236,0.0541256,3.35742e-32
11604,Solyc05g050015.1,dispersed,TE-like,Solyc03g044663.1,0.447048,0.508786,0.878656,0.515022
11605,Solyc05g050070.1,dispersed,TE-like,Solyc10g038180.2,0.0813166,0.13052,0.623023,0.0788447
11606,Solyc05g050130.3,dispersed,gbM,Solyc01g095260.1,0.21753,3.78348,0.0574947,6.67535e-76
11607,Solyc05g050434.1,dispersed,TE-like,Solyc05g053965.1,0.0396974,0.100554,0.394785,0.0251637
11608,Solyc05g050500.1,dispersed,Unmethylated,Solyc12g056830.1,0.741857,2.52555,0.293741,3.74093e-08
11609,Solyc05g050640.1,dispersed,TE-like,Solyc05g051120.1,0.235129,0.551798,0.426114,0.000499409
11610,Solyc05g050710.3,dispersed,TE-like,NA,NA,NA,NA,NA
11611,Solyc05g050760.1,dispersed,TE-like,Solyc06g051320.3,0.498249,3.45555,0.144188,1.52618e-20
11612,Solyc05g050940.3,dispersed,TE-like,Solyc02g068750.1,0.912421,4.01824,0.22707,3.75061e-11
11613,Solyc05g050970.3,dispersed,gbM,Solyc10g018300.2,0.0464349,1.55004,0.0299573,5.29629e-104
11614,Solyc05g050980.3,dispersed,gbM,Solyc09g005460.2,0.336763,2.24391,0.150079,1.62609e-11
11615,Solyc05g051040.3,dispersed,TE-like,Solyc12g056400.2,0.389705,4.05178,0.0961812,1.09374e-55
11616,Solyc05g051220.3,dispersed,gbM,Solyc11g011500.2,0.103232,0.763984,0.135123,2.19494e-70
11617,Solyc05g051260.3,dispersed,TE-like,Solyc01g107000.2,0.363484,4.29529,0.0846238,1.64474e-74
11618,Solyc05g051290.3,dispersed,Unmethylated,Solyc11g011160.1,0.223511,1.01948,0.219241,6.236e-10
11619,Solyc05g051330.1,dispersed,Unmethylated,Solyc02g083750.1,0.965591,3.98052,0.242579,6.58947e-13
11620,Solyc05g051340.2,dispersed,TE-like,Solyc01g108410.2,0.905686,4.59657,0.197035,9.69823e-31
11621,Solyc05g051370.3,dispersed,TE-like,Solyc11g016980.2,0.0746713,0.156819,0.476163,0.0189307
11622,Solyc05g051510.3,dispersed,TE-like,Solyc11g010190.1,0.0607902,1.24214,0.0489401,1.47249e-46
11623,Solyc05g051570.3,dispersed,TE-like,Solyc03g078570.3,0.0410846,0.723937,0.0567516,2.41524e-28
11624,Solyc05g051583.1,dispersed,TE-like,Solyc07g015800.1,0.6648,4.05002,0.164147,2.15828e-30
11625,Solyc05g051620.3,dispersed,gbM,Solyc05g025650.3,0.325552,3.67752,0.088525,2.24589e-27
11626,Solyc05g051700.3,dispersed,gbM,Solyc11g006920.2,0.631717,3.17035,0.199258,4.22809e-14
11627,Solyc05g051710.3,dispersed,NA,Solyc04g051820.3,0.170382,0.755724,0.225456,9.06936e-07
11628,Solyc05g051770.3,dispersed,Unclassified,Solyc04g051120.3,0.884979,2.12337,0.41678,2.00478e-06
11629,Solyc05g051790.3,dispersed,TE-like,Solyc03g025570.2,0.0776042,0.199822,0.388367,0.00694171
11630,Solyc05g052040.1,dispersed,Unclassified,Solyc05g051310.1,0.50019,3.40431,0.146928,6.39352e-15
11631,Solyc05g052080.1,dispersed,Unclassified,Solyc08g078060.3,0.616892,3.28716,0.187667,7.89654e-09
11632,Solyc05g052320.3,dispersed,gbM,Solyc12g036260.1,0.627062,4.73148,0.13253,4.47325e-44
11633,Solyc05g052500.3,dispersed,gbM,Solyc05g052970.3,0.481109,4.44949,0.108127,6.5728e-61
11634,Solyc05g052620.3,dispersed,TE-like,Solyc09g074520.3,0.783811,4.45248,0.176039,1.27911e-36
11635,Solyc05g052700.3,dispersed,TE-like,Solyc06g076850.3,0.495022,4.05924,0.121949,1.16637e-56
11636,Solyc05g052720.1,dispersed,Unmethylated,Solyc06g076890.1,0.183744,2.55681,0.0718645,9.20661e-26
11637,Solyc05g052740.1,dispersed,TE-like,Solyc01g058327.1,0.155298,0.37611,0.412905,0.0194665
11638,Solyc05g052750.3,dispersed,Unclassified,Solyc06g067890.3,0.576744,3.83303,0.150467,1.25344e-16
11639,Solyc05g052950.3,dispersed,gbM,Solyc09g011160.3,0.264343,2.46824,0.107098,1.32971e-48
11640,Solyc05g052970.3,dispersed,TE-like,Solyc05g052500.3,0.481109,4.44949,0.108127,6.5728e-61
11641,Solyc05g052990.3,dispersed,TE-like,Solyc09g047930.1,0.453483,3.61327,0.125505,5.16236e-31
11642,Solyc05g053000.1,dispersed,Unclassified,Solyc01g080960.3,0.335021,3.75005,0.0893378,2.5388e-38
11643,Solyc05g053020.3,dispersed,TE-like,Solyc10g084840.2,0.274214,2.5498,0.107543,5.16431e-31
11644,Solyc05g053030.1,dispersed,TE-like,Solyc04g005840.1,0.398928,4.31858,0.0923747,1.19845e-74
11645,Solyc05g053120.1,dispersed,TE-like,Solyc05g053400.2,0.0125504,0.0679463,0.184711,4.94075e-06
11646,Solyc05g053130.3,dispersed,TE-like,Solyc09g091020.3,0.121016,0.748578,0.161662,3.38412e-51
11647,Solyc05g053140.3,dispersed,TE-like,Solyc09g090720.3,0.0586495,0.970866,0.0604095,1.92486e-55
11648,Solyc05g053260.3,dispersed,TE-like,Solyc02g062740.3,0.635015,4.20599,0.150979,6.75612e-52
11649,Solyc05g053350.3,dispersed,TE-like,Solyc01g099150.4,0.37632,3.93302,0.0956824,5.37443e-54
11650,Solyc05g053370.3,dispersed,TE-like,Solyc07g043230.3,0.529321,4.06741,0.130137,4.73696e-30
11651,Solyc05g053400.2,dispersed,Unclassified,Solyc04g016220.3,0.298295,1.22912,0.242689,1.81128e-21
11652,Solyc05g053510.2,dispersed,TE-like,Solyc05g051790.3,0.171712,0.843055,0.203678,4.28981e-12
11653,Solyc05g053540.3,dispersed,TE-like,Solyc12g043020.2,0.0449653,0.387736,0.115969,1.14738e-39
11654,Solyc05g053850.3,dispersed,TE-like,Solyc11g008640.1,0.200957,2.19172,0.0916893,4.89165e-21
11655,Solyc05g053860.3,dispersed,TE-like,Solyc12g017380.2,0.252528,1.93523,0.13049,1.23309e-57
11656,Solyc05g053890.2,dispersed,Unmethylated,Solyc11g061980.1,0.460972,4.09802,0.112487,1.01226e-52
11657,Solyc05g053900.3,dispersed,gbM,Solyc09g098340.3,0.220489,0.625701,0.352386,2.79502e-12
11658,Solyc05g053965.1,dispersed,TE-like,Solyc03g013160.3,0.361444,4.12835,0.0875517,1.13482e-41
11659,Solyc05g054080.3,dispersed,TE-like,Solyc09g005160.2,0.25152,1.85743,0.135413,3.39251e-64
11660,Solyc05g054340.3,dispersed,TE-like,Solyc05g054020.2,0.144112,0.117751,1.22388,0.0750066
11661,Solyc05g054520.3,dispersed,Unclassified,Solyc03g118570.3,0.723614,3.8994,0.18557,1.15394e-16
11662,Solyc05g054720.3,dispersed,TE-like,Solyc04g076740.3,0.0499793,0.289879,0.172414,1.13491e-11
11663,Solyc05g054760.3,dispersed,TE-like,Solyc09g056180.3,0.242076,0.513704,0.471236,0.0205081
11664,Solyc05g054880.3,dispersed,TE-like,Solyc06g036580.3,0.109903,0.649011,0.169339,2.04367e-40
11665,Solyc05g054990.3,dispersed,Unclassified,Solyc02g084380.3,0.0825752,0.553713,0.14913,6.41833e-12
11666,Solyc05g055000.3,dispersed,TE-like,Solyc02g091900.3,0.870692,4.21429,0.206605,1.95927e-29
11667,Solyc05g055190.1,dispersed,TE-like,Solyc01g087510.2,0.726567,4.70102,0.154555,3.50488e-104
11668,Solyc05g055550.3,dispersed,TE-like,Solyc02g033060.3,0.0105586,0.0621778,0.169812,0.00151983
11669,Solyc05g055563.1,dispersed,TE-like,Solyc05g024180.3,0.221332,0.246848,0.896633,0.718916
11670,Solyc05g055580.2,dispersed,TE-like,Solyc02g033080.2,0.0398992,0.0803902,0.496319,0.34227
11671,Solyc05g055600.3,dispersed,TE-like,Solyc11g030770.1,0.258931,0.481325,0.537954,0.0397937
11672,Solyc05g055605.1,dispersed,TE-like,Solyc05g024120.2,0.498063,0.959325,0.519181,0.0667104
11673,Solyc05g055650.3,dispersed,TE-like,Solyc01g010690.1,0.462846,3.97273,0.116506,8.25269e-27
11674,Solyc05g055660.3,dispersed,TE-like,Solyc11g008640.1,0.19084,2.67225,0.0714155,1.05104e-17
11675,Solyc05g055690.2,dispersed,gbM,Solyc06g084210.3,0.0814098,0.593489,0.137171,8.55656e-69
11676,Solyc05g055720.1,dispersed,TE-like,Solyc03g063150.3,0.131867,2.94363,0.0447975,7.99209e-23
11677,Solyc05g055730.3,dispersed,TE-like,Solyc11g008870.2,0.0585923,0.79954,0.0732825,1.39463e-68
11678,Solyc05g055760.3,dispersed,gbM,Solyc04g056390.3,0.0583919,0.722763,0.0807898,8.90812e-28
11679,Solyc05g055770.3,dispersed,TE-like,Solyc01g098180.3,0.929826,4.15216,0.223938,3.15052e-15
11680,Solyc05g055840.3,dispersed,TE-like,Solyc11g006120.1,0.29827,2.14091,0.139319,7.16084e-10
11681,Solyc05g055845.1,dispersed,TE-like,Solyc11g006100.1,0.280279,1.9464,0.143999,7.93899e-22
11682,Solyc05g055880.3,dispersed,TE-like,Solyc09g083080.3,0.0512995,1.14715,0.044719,1.32262e-80
11683,Solyc05g055900.2,dispersed,Unclassified,Solyc09g064510.3,0.392633,2.86241,0.137169,1.82062e-11
11684,Solyc05g055905.1,dispersed,gbM,Solyc09g064510.3,0.482843,2.06084,0.234294,4.33877e-20
11685,Solyc05g056010.3,dispersed,TE-like,Solyc12g006095.1,0.813575,4.44478,0.18304,5.13204e-44
11686,Solyc05g056020.3,dispersed,Unclassified,Solyc04g049330.3,0.114051,0.627794,0.181669,1.6151e-08
11687,Solyc05g056130.3,dispersed,TE-like,Solyc04g082670.3,0.439387,4.42391,0.0993208,2.56743e-55
11688,Solyc05g056240.3,dispersed,TE-like,Solyc11g012180.2,0.610979,3.27019,0.186833,1.39378e-14
11689,Solyc05g056250.3,dispersed,TE-like,Solyc10g080710.2,0.929215,4.41711,0.210367,7.77719e-18
11690,Solyc05g056290.3,dispersed,TE-like,Solyc03g093160.3,0.599614,3.99784,0.149984,3.44778e-38
11691,Solyc05g056295.1,dispersed,TE-like,Solyc06g069530.3,0.429713,2.35105,0.182775,1.67277e-17
11692,Solyc05g056380.3,dispersed,TE-like,Solyc08g080860.3,0.633513,3.6053,0.175717,1.94522e-17
11693,Solyc05g056480.3,dispersed,TE-like,Solyc04g025735.1,0.185212,1.31162,0.141208,4.1292e-06
11694,Solyc05g056580.3,dispersed,TE-like,Solyc04g080360.3,0.481614,4.50003,0.107025,4.82468e-73
11695,Solyc06g005050.3,dispersed,gbM,Solyc05g010350.3,0.32974,1.37742,0.239389,7.98526e-19
11696,Solyc06g005115.1,dispersed,TE-like,Solyc00g006590.2,0.304666,0.508278,0.599407,0.08898
11697,Solyc06g005220.2,dispersed,TE-like,Solyc01g087007.1,0.682512,3.50856,0.194528,2.51036e-12
11698,Solyc06g005270.2,dispersed,Unclassified,Solyc09g020000.3,0.260573,0.792285,0.328888,2.70798e-06
11699,Solyc06g005300.3,dispersed,Unmethylated,Solyc11g073180.2,0.38015,3.40276,0.111718,1.31604e-32
11700,Solyc06g005460.1,dispersed,Unmethylated,Solyc01g097660.2,0.322248,0.663961,0.485342,0.0117331
11701,Solyc06g005690.2,dispersed,gbM,Solyc11g005960.1,0.531131,4.29212,0.123746,1.06556e-42
11702,Solyc06g005840.3,dispersed,TE-like,Solyc09g011760.3,0.194127,2.78391,0.0697317,0
11703,Solyc06g005865.1,dispersed,TE-like,Solyc11g012195.1,0.0588161,0.34617,0.169905,1.67922e-06
11704,Solyc06g005880.3,dispersed,TE-like,Solyc06g006020.2,0.142651,0.439143,0.324839,5.44443e-25
11705,Solyc06g005940.3,dispersed,gbM,Solyc05g056385.1,0.314166,1.28005,0.245432,1.21659e-19
11706,Solyc06g005980.3,dispersed,TE-like,Solyc06g006100.3,0.216857,4.43275,0.0489215,6.41366e-98
11707,Solyc06g006000.3,dispersed,TE-like,Solyc02g092880.3,0.528588,3.35504,0.15755,3.38162e-12
11708,Solyc06g006100.3,dispersed,TE-like,Solyc06g005980.3,0.216857,4.43275,0.0489215,6.41366e-98
11709,Solyc06g007180.3,dispersed,TE-like,Solyc04g055200.3,0.114006,4.3495,0.0262113,5.13274e-214
11710,Solyc06g007360.3,dispersed,TE-like,Solyc04g016350.2,0.0220914,1.59476,0.0138525,1.32135e-44
11711,Solyc06g007470.3,dispersed,gbM,Solyc04g008810.3,0.00697249,0.791794,0.00880594,8.45573e-27
11712,Solyc06g007530.2,dispersed,TE-like,Solyc04g079125.1,0.583425,3.77964,0.15436,1.53662e-27
11713,Solyc06g007630.1,dispersed,Unmethylated,Solyc06g082995.1,0.0704463,1.0702,0.0658253,7.29296e-26
11714,Solyc06g007650.2,dispersed,TE-like,Solyc08g006410.3,0.315289,2.50063,0.126083,9.58216e-35
11715,Solyc06g007670.3,dispersed,gbM,Solyc06g082870.3,0.0391579,2.40097,0.0163092,7.76962e-52
11716,Solyc06g007870.3,dispersed,TE-like,Solyc09g059450.3,0.364177,0.746837,0.487626,0.0010787
11717,Solyc06g008110.3,dispersed,gbM,Solyc06g065700.3,0.878273,4.19479,0.209373,9.54392e-35
11718,Solyc06g008120.1,dispersed,Unmethylated,Solyc03g005700.1,0.306489,3.22621,0.0949998,3.59474e-16
11719,Solyc06g008150.3,dispersed,TE-like,Solyc01g094420.3,0.400706,1.76737,0.226725,1.22652e-23
11720,Solyc06g008190.1,dispersed,TE-like,Solyc11g005940.2,0.757256,4.93545,0.153432,2.73153e-19
11721,Solyc06g008315.1,dispersed,TE-like,Solyc08g023585.1,0.366569,1.30018,0.281936,0.153497
11722,Solyc06g008490.3,dispersed,TE-like,Solyc08g081000.3,0.766493,4.47308,0.171357,8.66549e-42
11723,Solyc06g008500.3,dispersed,TE-like,Solyc09g090160.3,0.424822,3.14829,0.134937,3.79918e-29
11724,Solyc06g008520.3,dispersed,Unclassified,Solyc09g089630.3,0.197994,3.16532,0.0625511,1.39352e-25
11725,Solyc06g008620.1,dispersed,TE-like,Solyc06g009370.3,0.117628,1.10024,0.106911,1.40223e-44
11726,Solyc06g008715.1,dispersed,TE-like,Solyc02g005513.1,0.531442,1.78202,0.298226,0.00106592
11727,Solyc06g008880.3,dispersed,TE-like,Solyc01g080690.3,0.215768,4.18961,0.0515007,4.2041e-80
11728,Solyc06g008930.3,dispersed,Unclassified,Solyc06g084370.1,0.587395,3.25434,0.180496,9.39369e-09
11729,Solyc06g008970.3,dispersed,TE-like,Solyc06g066670.3,1.01461,4.58828,0.22113,1.3256e-27
11730,Solyc06g009100.1,dispersed,TE-like,Solyc08g044360.2,0.154981,0.709304,0.218498,1.22935e-06
11731,Solyc06g009200.3,dispersed,TE-like,Solyc07g044870.3,0.492747,4.02747,0.122347,1.33368e-34
11732,Solyc06g009220.3,dispersed,TE-like,Solyc07g014590.3,0.477237,4.55883,0.104684,7.99076e-94
11733,Solyc06g009240.3,dispersed,TE-like,Solyc06g060630.1,0.606397,4.75525,0.127522,3.75094e-52
11734,Solyc06g009260.3,dispersed,Unclassified,Solyc12g038810.2,0.188862,0.111744,1.69014,0.264647
11735,Solyc06g009370.3,dispersed,gbM,Solyc06g008620.1,0.117628,1.10024,0.106911,1.40223e-44
11736,Solyc06g009375.1,dispersed,Unmethylated,NA,NA,NA,NA,NA
11737,Solyc06g009570.1,dispersed,TE-like,Solyc07g032660.1,0.0391519,0.0231867,1.68855,0.701067
11738,Solyc06g009590.1,dispersed,TE-like,Solyc10g049480.1,0.0756748,0.11424,0.662418,0.233315
11739,Solyc06g009620.1,dispersed,TE-like,Solyc12g042400.1,0.512664,4.15057,0.123516,1.67781e-61
11740,Solyc06g009680.3,dispersed,TE-like,Solyc02g065620.3,0.972221,4.24019,0.229287,9.01667e-37
11741,Solyc06g009693.1,dispersed,TE-like,Solyc09g011935.1,0.0530258,0.0878798,0.60339,0.270414
11742,Solyc06g009697.1,dispersed,TE-like,Solyc11g039715.1,0.12531,0.373946,0.335101,0.00529022
11743,Solyc06g009750.3,dispersed,gbM,Solyc08g041890.3,0.117603,4.35492,0.0270045,1.46359e-127
11744,Solyc06g009770.1,dispersed,Unmethylated,Solyc09g075570.1,0.302384,1.62731,0.185818,9.28796e-13
11745,Solyc06g009810.3,dispersed,gbM,Solyc12g038800.1,0.163811,1.48466,0.110336,0.000903758
11746,Solyc06g009820.3,dispersed,TE-like,Solyc09g075450.3,0.0896309,1.54576,0.057985,4.96037e-31
11747,Solyc06g009825.1,dispersed,TE-like,NA,NA,NA,NA,NA
11748,Solyc06g009830.3,dispersed,TE-like,Solyc09g075450.3,0.0609892,1.05078,0.0580417,2.04899e-22
11749,Solyc06g009840.3,dispersed,Unclassified,Solyc09g075450.3,0.156606,0.780526,0.200642,1.76198e-11
11750,Solyc06g009850.2,dispersed,Unclassified,Solyc07g066580.3,0.252332,2.57786,0.0978844,6.30585e-10
11751,Solyc06g009860.1,dispersed,TE-like,Solyc07g066580.3,0.372834,1.67472,0.222624,0.000135834
11752,Solyc06g009920.1,dispersed,TE-like,Solyc12g036640.1,0.181116,0.308872,0.586379,0.115866
11753,Solyc06g009940.1,dispersed,TE-like,Solyc01g017310.1,0.0886202,0.0244377,3.62636,0.250686
11754,Solyc06g010000.3,dispersed,TE-like,Solyc11g069160.2,0.139323,1.06902,0.130328,1.43518e-35
11755,Solyc06g010060.1,dispersed,Unmethylated,Solyc03g116990.1,0.00756958,0.496964,0.0152317,3.17446e-15
11756,Solyc06g010065.1,dispersed,TE-like,Solyc04g071363.1,0.229839,0.276965,0.829849,0.430321
11757,Solyc06g010130.1,dispersed,TE-like,Solyc01g028980.1,0.243025,0.466878,0.520532,0.126917
11758,Solyc06g010140.1,dispersed,TE-like,Solyc00g032943.1,0.369125,0.326944,1.12902,0.564515
11759,Solyc06g010145.1,dispersed,TE-like,Solyc00g008055.1,0.341802,0.907256,0.376743,0.00106434
11760,Solyc06g010250.3,dispersed,TE-like,Solyc11g069750.2,0.1011,4.26442,0.0237079,1.27507e-121
11761,Solyc06g010270.1,dispersed,TE-like,Solyc10g084090.2,0.602087,2.54096,0.236952,7.23005e-21
11762,Solyc06g011330.2,dispersed,TE-like,Solyc10g083830.2,0.263635,0.617032,0.427263,0.000132341
11763,Solyc06g011378.1,dispersed,gbM,Solyc08g066635.1,0.114447,0.0935862,1.22291,0.678723
11764,Solyc06g011410.1,dispersed,TE-like,Solyc00g042640.1,0.166526,3.45198,0.0482408,2.90422e-45
11765,Solyc06g011440.1,dispersed,Unclassified,Solyc08g062840.1,0.341254,3.50242,0.0974336,2.20692e-24
11766,Solyc06g011450.2,dispersed,gbM,Solyc12g006000.1,0.598199,4.45014,0.134422,1.02213e-61
11767,Solyc06g011460.1,dispersed,TE-like,Solyc01g056230.1,0.260238,1.06781,0.243711,1.89611e-07
11768,Solyc06g011530.3,dispersed,TE-like,Solyc11g065070.2,0.227066,0.530488,0.428031,0.0017416
11769,Solyc06g011610.1,dispersed,TE-like,Solyc06g034050.1,0.0437641,0.0335605,1.30403,0.768265
11770,Solyc06g011630.1,dispersed,Unclassified,Solyc03g083540.3,NA,0.0784591,0,NA
11771,Solyc06g011640.1,dispersed,TE-like,Solyc02g055510.1,0.0117212,0.0341541,0.343187,0.444344
11772,Solyc06g011650.1,dispersed,TE-like,Solyc09g042270.1,0.0622713,0.0844054,0.737764,0.27317
11773,Solyc06g011660.2,dispersed,TE-like,Solyc01g058360.1,0.281245,0.806998,0.348508,3.25539e-07
11774,Solyc06g016780.1,dispersed,TE-like,Solyc10g018393.1,0.362469,3.03306,0.119506,0
11775,Solyc06g016790.2,dispersed,Unmethylated,Solyc11g069390.1,0.292939,1.05563,0.277501,2.80624e-09
11776,Solyc06g017930.1,dispersed,TE-like,Solyc08g062850.2,0.245131,0.608583,0.40279,0.00224532
11777,Solyc06g018000.2,dispersed,TE-like,Solyc10g019000.2,0.136421,0.193395,0.7054,0.21517
11778,Solyc06g018001.1,dispersed,TE-like,NA,NA,NA,NA,NA
11779,Solyc06g018003.1,dispersed,TE-like,Solyc02g021525.1,0.0657499,0.0614642,1.06973,0.999662
11780,Solyc06g018050.3,dispersed,TE-like,Solyc02g014560.3,0.347061,4.14571,0.0837159,4.43053e-82
11781,Solyc06g018100.3,dispersed,gbM,Solyc06g060130.3,0.359716,4.1888,0.0858755,9.87052e-55
11782,Solyc06g018115.1,dispersed,TE-like,Solyc07g014755.1,0.348877,3.52321,0.0990225,3.76013e-39
11783,Solyc06g019170.3,dispersed,TE-like,Solyc08g043170.3,0.0786079,0.724299,0.10853,1.64715e-66
11784,Solyc06g019178.1,dispersed,TE-like,Solyc11g068835.1,0.0492367,0.0648746,0.758951,0.457536
11785,Solyc06g019190.1,dispersed,TE-like,Solyc07g017347.1,0.295619,0.381503,0.774882,0.386481
11786,Solyc06g024200.1,dispersed,TE-like,Solyc06g024380.1,0.273227,0.246083,1.1103,0.714108
11787,Solyc06g024210.2,dispersed,TE-like,Solyc00g012440.1,0.171304,0.250324,0.684329,0.387085
11788,Solyc06g024230.1,dispersed,TE-like,Solyc00g068970.2,0.218842,0.425751,0.514015,0.263817
11789,Solyc06g024240.1,dispersed,TE-like,Solyc11g027710.1,0.244771,0.518702,0.471891,0.0645435
11790,Solyc06g024310.1,dispersed,Unmethylated,Solyc10g079210.2,0.0687602,0.389824,0.176388,0.00229206
11791,Solyc06g024375.1,dispersed,TE-like,Solyc00g032943.1,0.428208,0.345087,1.24087,0.103929
11792,Solyc06g024400.1,dispersed,TE-like,Solyc00g069883.1,0.385709,0.676663,0.570017,0.697949
11793,Solyc06g024415.1,dispersed,TE-like,Solyc00g009148.1,0.187664,0.250103,0.750348,0.286303
11794,Solyc06g025415.1,dispersed,TE-like,Solyc00g012706.1,0.243909,0.219783,1.10977,0.59059
11795,Solyc06g025425.1,dispersed,TE-like,Solyc06g024203.1,0.229869,0.294985,0.779255,0.172629
11796,Solyc06g030440.1,dispersed,TE-like,Solyc05g021350.1,0.269598,0.467739,0.576385,0.011234
11797,Solyc06g030510.3,dispersed,gbM,Solyc08g007470.2,0.673808,4.47872,0.150447,2.39001e-64
11798,Solyc06g030630.1,dispersed,TE-like,Solyc01g058510.1,0.143016,0.150149,0.952497,0.999551
11799,Solyc06g030656.1,dispersed,Unclassified,Solyc06g048373.1,0.123128,0.0767818,1.60361,0.303265
11800,Solyc06g031670.2,dispersed,gbM,Solyc08g059750.2,0.0882454,0.893628,0.0987496,1.47641e-56
11801,Solyc06g032740.1,dispersed,TE-like,Solyc09g031810.2,0.242514,0.482126,0.50301,0.0116459
11802,Solyc06g033780.1,dispersed,TE-like,Solyc10g049340.1,0.433145,0.869844,0.497957,0.00561116
11803,Solyc06g033930.1,dispersed,TE-like,Solyc12g039110.1,0.31416,0.606047,0.518375,0.0112774
11804,Solyc06g033980.2,dispersed,TE-like,Solyc10g047890.1,0.498549,3.58524,0.139056,4.32415e-20
11805,Solyc06g034060.1,dispersed,TE-like,Solyc02g044000.2,0.255295,0.257655,0.99084,1
11806,Solyc06g034090.1,dispersed,gbM,Solyc04g024690.1,0.164734,0.536618,0.306986,0.000677425
11807,Solyc06g034130.2,dispersed,TE-like,Solyc11g073140.2,0.159013,1.27258,0.124953,6.76892e-10
11808,Solyc06g034140.2,dispersed,TE-like,Solyc01g108130.3,0.479567,3.58973,0.133594,4.2911e-17
11809,Solyc06g034170.1,dispersed,TE-like,Solyc06g059720.3,0.144879,0.587192,0.246732,6.61699e-06
11810,Solyc06g034230.2,dispersed,Unmethylated,Solyc01g103640.3,0.590287,3.57388,0.165167,7.05478e-21
11811,Solyc06g034231.1,dispersed,TE-like,Solyc08g016444.1,0.469115,1.95012,0.240557,5.94523e-07
11812,Solyc06g034232.1,dispersed,TE-like,Solyc03g078175.1,0.62985,3.63499,0.173274,1.32013e-24
11813,Solyc06g034234.1,dispersed,Unclassified,Solyc06g060190.3,0.15898,2.50782,0.0633939,9.06892e-13
11814,Solyc06g034236.1,dispersed,Unclassified,Solyc06g060190.3,0.228264,1.00414,0.227323,4.41825e-06
11815,Solyc06g034238.1,dispersed,Unclassified,Solyc06g059995.1,0.252484,0.672832,0.375255,0.00237194
11816,Solyc06g034260.1,dispersed,TE-like,Solyc04g049540.3,0.414283,1.2999,0.318703,3.42339e-06
11817,Solyc06g034310.3,dispersed,TE-like,Solyc12g036870.2,0.0357408,0.0688797,0.518887,0.0913275
11818,Solyc06g034317.1,dispersed,TE-like,Solyc10g018355.1,0.0532034,0.103984,0.511649,0.111494
11819,Solyc06g034320.1,dispersed,Unmethylated,Solyc08g078790.1,0.31827,2.58932,0.122916,3.22613e-09
11820,Solyc06g034350.2,dispersed,TE-like,Solyc06g051600.2,0.163499,0.381296,0.428799,0.0048697
11821,Solyc06g035600.3,dispersed,TE-like,Solyc03g116843.1,0.621592,4.49876,0.13817,2.13722e-49
11822,Solyc06g035770.1,dispersed,TE-like,Solyc12g010610.2,0.0460878,0.0967934,0.476146,0.0916332
11823,Solyc06g035943.1,dispersed,TE-like,Solyc06g060190.3,0.257008,0.857781,0.29962,6.21709e-10
11824,Solyc06g035947.1,dispersed,Unclassified,Solyc06g060190.3,0.125938,0.876658,0.143657,2.06564e-10
11825,Solyc06g036210.1,dispersed,gbM,Solyc12g035750.1,0.217149,0.928727,0.233813,0.000115734
11826,Solyc06g036320.1,dispersed,TE-like,Solyc05g014085.1,0.748049,1.60433,0.466269,7.49297e-05
11827,Solyc06g036580.3,dispersed,TE-like,Solyc05g054880.3,0.109903,0.649011,0.169339,2.04367e-40
11828,Solyc06g036800.1,dispersed,TE-like,NA,NA,NA,NA,NA
11829,Solyc06g036820.1,dispersed,TE-like,Solyc05g047620.1,0.0335699,0.626473,0.0535856,7.21245e-14
11830,Solyc06g036890.1,dispersed,TE-like,Solyc06g030440.1,0.308691,1.31593,0.23458,4.95611e-13
11831,Solyc06g042951.1,dispersed,TE-like,Solyc06g048373.1,0.303105,0.699343,0.433414,0.0356584
11832,Solyc06g043020.1,dispersed,TE-like,Solyc01g017050.1,0.218815,0.240631,0.909339,0.833674
11833,Solyc06g043032.1,dispersed,TE-like,Solyc02g079255.1,0.532032,0.983428,0.540997,0.0160773
11834,Solyc06g043100.1,dispersed,TE-like,Solyc06g035455.1,0.0208138,0.0184926,1.12552,0.913455
11835,Solyc06g043140.3,dispersed,TE-like,Solyc02g036380.3,0.0181524,0.0250751,0.723921,0.590417
11836,Solyc06g043160.1,dispersed,Unmethylated,Solyc07g008880.3,0.0369532,0.190918,0.193555,0.00223963
11837,Solyc06g048400.1,dispersed,TE-like,Solyc11g008725.1,0.313049,1.26548,0.247376,6.0318e-09
11838,Solyc06g048530.3,dispersed,TE-like,Solyc02g090380.3,0.519804,1.23914,0.419488,1.37528e-05
11839,Solyc06g048600.3,dispersed,Unclassified,Solyc06g048930.3,0.0872463,0.994539,0.0877253,3.87314e-16
11840,Solyc06g048630.3,dispersed,Unclassified,Solyc06g049040.3,0.104821,0.898469,0.116666,3.09804e-36
11841,Solyc06g048680.2,dispersed,TE-like,Solyc01g058360.1,0.0366958,0.0915018,0.401039,0.0846505
11842,Solyc06g048730.3,dispersed,TE-like,Solyc10g007320.3,0.467352,4.15753,0.112411,6.86014e-50
11843,Solyc06g048740.2,dispersed,Unclassified,Solyc06g006050.2,0.151599,0.564175,0.26871,4.09966e-32
11844,Solyc06g048840.3,dispersed,Unclassified,Solyc09g014750.1,0.273702,3.10611,0.0881173,3.59321e-19
11845,Solyc06g048850.3,dispersed,Unmethylated,Solyc04g071630.3,0.433591,3.45055,0.125658,8.6274e-23
11846,Solyc06g048897.1,dispersed,TE-like,Solyc01g014185.1,0.0908664,0.267609,0.339549,0.0473134
11847,Solyc06g048910.1,dispersed,TE-like,Solyc08g013970.2,0.185136,0.376533,0.491685,5.99568e-09
11848,Solyc06g048930.3,dispersed,Unclassified,Solyc10g079595.1,0.275513,3.29834,0.0835308,6.05156e-29
11849,Solyc06g048960.3,dispersed,TE-like,Solyc11g008540.2,0.0571301,0.220572,0.259009,1.64984e-29
11850,Solyc06g048965.1,dispersed,TE-like,Solyc01g067425.1,0.112821,0.134556,0.838473,0.524858
11851,Solyc06g048990.1,dispersed,TE-like,Solyc10g012230.1,0.164027,0.291871,0.561985,0.175343
11852,Solyc06g049040.3,dispersed,Unclassified,Solyc06g048630.3,0.104821,0.898469,0.116666,3.09804e-36
11853,Solyc06g050120.3,dispersed,Unclassified,Solyc06g064470.3,0.00545645,0.235239,0.0231953,2.11845e-21
11854,Solyc06g050310.3,dispersed,TE-like,Solyc08g081030.1,0.861981,4.01078,0.214916,2.24861e-26
11855,Solyc06g050390.2,dispersed,TE-like,Solyc11g020020.1,0.0412797,0.0463404,0.890792,0.70254
11856,Solyc06g050400.2,dispersed,TE-like,Solyc10g076610.2,0.190625,1.29039,0.147727,3.71858e-10
11857,Solyc06g050430.3,dispersed,TE-like,Solyc06g007390.3,0.252126,2.57742,0.097821,1.03493e-30
11858,Solyc06g050455.1,dispersed,NA,Solyc00g012704.1,0.284083,0.273126,1.04012,0.750487
11859,Solyc06g050510.3,dispersed,TE-like,Solyc01g109970.3,0.808405,4.68249,0.172644,9.50601e-45
11860,Solyc06g050640.1,dispersed,Unclassified,Solyc07g008720.4,0.27559,0.603806,0.456421,0.0137493
11861,Solyc06g050690.3,dispersed,TE-like,Solyc06g060630.1,0.629567,6.10275,0.103161,5.09845e-46
11862,Solyc06g050725.1,dispersed,TE-like,Solyc09g020153.1,0.0403384,0.0365127,1.10478,0.881109
11863,Solyc06g050810.3,dispersed,Unclassified,Solyc10g085430.2,0.577258,3.65834,0.157792,3.18231e-20
11864,Solyc06g050820.2,dispersed,TE-like,Solyc02g068420.3,0.106746,0.750321,0.142267,8.66473e-06
11865,Solyc06g050840.3,dispersed,Unclassified,Solyc09g018500.2,0.395585,3.47538,0.113825,6.68807e-18
11866,Solyc06g050870.3,dispersed,Unmethylated,Solyc01g099820.3,0.350644,3.00609,0.116644,1.32637e-13
11867,Solyc06g050890.1,dispersed,NA,Solyc00g015600.1,NA,0.0252142,4.40317e-14,NA
11868,Solyc06g050950.3,dispersed,Unmethylated,Solyc06g082300.3,0.206235,3.49388,0.0590275,7.55222e-39
11869,Solyc06g051000.2,dispersed,gbM,Solyc05g056580.3,0.419819,4.44534,0.0944402,7.81914e-94
11870,Solyc06g051150.1,dispersed,TE-like,Solyc03g112420.2,0.158263,0.861356,0.183737,1.29649e-09
11871,Solyc06g051200.3,dispersed,gbM,Solyc03g117320.3,0.768811,3.90314,0.196973,2.35561e-12
11872,Solyc06g051245.1,dispersed,TE-like,NA,NA,NA,NA,NA
11873,Solyc06g051320.3,dispersed,Unclassified,Solyc04g082350.1,0.589758,4.14054,0.142435,1.00527e-32
11874,Solyc06g051350.3,dispersed,TE-like,Solyc05g052540.2,0.199621,1.48293,0.134612,1.04959e-47
11875,Solyc06g051370.1,dispersed,TE-like,Solyc09g031820.1,0.332967,1.73793,0.191588,3.09868e-07
11876,Solyc06g051400.3,dispersed,Unmethylated,Solyc06g007130.4,0.193603,4.01927,0.0481688,2.03369e-67
11877,Solyc06g051410.3,dispersed,gbM,Solyc02g076760.3,0.0653162,0.275561,0.23703,3.32923e-08
11878,Solyc06g051600.2,dispersed,TE-like,Solyc06g034350.2,0.163499,0.381296,0.428799,0.0048697
11879,Solyc06g051650.3,dispersed,Unclassified,Solyc06g076970.3,0.252476,1.96168,0.128704,1.14113e-23
11880,Solyc06g051665.1,dispersed,TE-like,Solyc12g036860.2,0.0770627,0.122991,0.62657,0.151705
11881,Solyc06g051770.1,dispersed,TE-like,Solyc10g047720.1,0.117021,0.807508,0.144916,5.70985e-13
11882,Solyc06g051790.3,dispersed,TE-like,Solyc11g044900.2,0.933306,4.24958,0.219623,3.03245e-13
11883,Solyc06g051820.3,dispersed,Unclassified,Solyc03g007480.3,0.201486,2.08779,0.0965065,1.07343e-20
11884,Solyc06g051835.1,dispersed,TE-like,Solyc08g065265.1,0.101713,0.161233,0.630847,0.0309867
11885,Solyc06g052040.3,dispersed,TE-like,Solyc00g008680.3,0.6054,3.86801,0.156515,5.40699e-36
11886,Solyc06g053310.3,dispersed,TE-like,Solyc06g048530.3,0.759504,3.97694,0.190977,1.15147e-22
11887,Solyc06g053350.3,dispersed,TE-like,Solyc06g060490.3,0.461726,3.89092,0.118667,3.92302e-38
11888,Solyc06g053480.3,dispersed,gbM,Solyc11g008680.2,0.14014,4.17206,0.03359,1.1012e-96
11889,Solyc06g053635.1,dispersed,TE-like,Solyc05g015847.1,0.244823,0.480932,0.509059,0.000375145
11890,Solyc06g053670.1,dispersed,Unmethylated,Solyc05g010720.3,0.426814,2.26542,0.188404,5.91276e-20
11891,Solyc06g053800.2,dispersed,TE-like,Solyc11g011780.2,0.128991,4.27384,0.0301816,2.33664e-113
11892,Solyc06g053810.3,dispersed,Unclassified,Solyc08g059750.2,0.286909,4.35172,0.0659301,2.02292e-72
11893,Solyc06g053850.3,dispersed,gbM,Solyc01g102790.3,0.586331,4.45926,0.131486,7.90345e-60
11894,Solyc06g054360.1,dispersed,Unclassified,Solyc04g040180.3,0.201228,1.49429,0.134665,7.78612e-22
11895,Solyc06g054380.3,dispersed,gbM,Solyc02g068440.3,0.707529,3.29926,0.214451,4.1685e-07
11896,Solyc06g054410.3,dispersed,TE-like,Solyc01g005490.3,0.139211,0.632367,0.220143,9.72772e-25
11897,Solyc06g054520.1,dispersed,TE-like,Solyc07g044730.3,0.215292,0.79666,0.270243,2.69776e-16
11898,Solyc06g054530.3,dispersed,Unmethylated,Solyc01g067630.3,0.128132,0.584613,0.219175,1.46753e-11
11899,Solyc06g054550.3,dispersed,TE-like,Solyc09g091050.3,0.805738,4.04455,0.199215,1.96175e-24
11900,Solyc06g054650.3,dispersed,gbM,Solyc04g064810.3,0.156744,0.766164,0.204583,1.06963e-20
11901,Solyc06g054680.1,dispersed,Unclassified,Solyc06g059780.1,0.0226903,0.0223486,1.01529,0.895712
11902,Solyc06g059780.1,dispersed,TE-like,Solyc06g065960.1,0.0794445,0.273182,0.290811,0.0073748
11903,Solyc06g059860.3,dispersed,Unmethylated,Solyc08g080860.3,0.404764,1.96815,0.205657,5.40477e-10
11904,Solyc06g059880.3,dispersed,Unclassified,Solyc07g061940.3,0.140274,4.49735,0.0311903,6.06359e-136
11905,Solyc06g059960.3,dispersed,gbM,Solyc04g057880.3,0.253385,0.902296,0.280823,3.55491e-07
11906,Solyc06g059965.1,dispersed,TE-like,Solyc04g057880.3,0.234415,0.70931,0.330483,1.21938e-32
11907,Solyc06g059995.1,dispersed,TE-like,Solyc06g034238.1,0.252484,0.672832,0.375255,0.00237194
11908,Solyc06g060017.1,dispersed,Unclassified,Solyc06g060190.3,0.245089,0.702412,0.348925,6.26626e-09
11909,Solyc06g060050.1,dispersed,TE-like,Solyc06g076900.3,0.524821,4.45493,0.117807,2.41886e-77
11910,Solyc06g060060.3,dispersed,TE-like,Solyc11g005100.2,0.183192,0.843639,0.217145,5.53708e-42
11911,Solyc06g060080.2,dispersed,Unmethylated,Solyc11g005050.2,0.0727541,1.78638,0.0407272,1.1233e-08
11912,Solyc06g060130.3,dispersed,TE-like,Solyc06g009080.2,0.171433,0.52514,0.326452,0.0221584
11913,Solyc06g060150.3,dispersed,gbM,Solyc08g080510.3,0.666998,4.0362,0.165254,7.58111e-37
11914,Solyc06g060180.2,dispersed,TE-like,Solyc06g060010.3,0.234385,0.536505,0.436874,1.57933e-05
11915,Solyc06g060190.3,dispersed,TE-like,Solyc08g076253.1,0.30839,1.92863,0.159901,4.22914e-10
11916,Solyc06g060250.3,dispersed,TE-like,Solyc02g084640.3,0.425819,4.29823,0.0990683,6.67207e-49
11917,Solyc06g060290.3,dispersed,TE-like,Solyc07g021490.2,0.568944,0.919865,0.618508,0.0896457
11918,Solyc06g060310.3,dispersed,Unclassified,Solyc11g012850.2,0.0672419,1.13934,0.0590184,6.44734e-71
11919,Solyc06g060350.3,dispersed,TE-like,Solyc07g005880.3,1.0561,4.73906,0.222851,3.37778e-28
11920,Solyc06g060390.3,dispersed,gbM,Solyc01g034050.1,0.158221,0.410385,0.385543,0.000590406
11921,Solyc06g060400.3,dispersed,Unclassified,Solyc06g064630.3,0.00928058,0.809168,0.0114693,1.06e-44
11922,Solyc06g060425.1,dispersed,TE-like,Solyc03g006717.1,0.0814853,0.0767066,1.0623,0.999561
11923,Solyc06g060427.1,dispersed,TE-like,Solyc06g084626.1,0.25956,0.287687,0.902231,0.617526
11924,Solyc06g060470.1,dispersed,Unclassified,Solyc11g005720.1,0.502288,2.1667,0.231821,1.9651e-15
11925,Solyc06g060610.2,dispersed,Unclassified,Solyc05g050910.3,0.357034,4.22781,0.084449,1.0831e-65
11926,Solyc06g061120.3,dispersed,gbM,Solyc12g035670.2,0.658684,4.11817,0.159946,8.39285e-46
11927,Solyc06g061215.1,dispersed,Unclassified,Solyc03g020060.3,0.347212,1.89661,0.18307,5.76001e-07
11928,Solyc06g061260.1,dispersed,TE-like,Solyc05g053965.1,0.11447,0.217312,0.526753,0.0153106
11929,Solyc06g061270.2,dispersed,Unclassified,Solyc05g053965.1,0.0636681,0.14095,0.451708,0.0264691
11930,Solyc06g062280.3,dispersed,TE-like,Solyc12g094380.2,0.212052,0.85175,0.24896,1.04226e-11
11931,Solyc06g062320.2,dispersed,TE-like,Solyc06g060610.2,0.141636,0.594734,0.23815,1.02402e-08
11932,Solyc06g062440.3,dispersed,TE-like,Solyc07g009180.1,0.271878,0.747617,0.363659,6.50604e-21
11933,Solyc06g062610.2,dispersed,gbM,Solyc03g097850.1,0.657848,4.53582,0.145034,1.5133e-54
11934,Solyc06g063020.3,dispersed,gbM,Solyc02g090530.3,0.694191,4.13715,0.167795,3.44795e-37
11935,Solyc06g063080.1,dispersed,Unclassified,Solyc12g040760.1,0.611233,2.59999,0.23509,1.29861e-12
11936,Solyc06g063085.1,dispersed,TE-like,Solyc03g123460.3,0.44475,2.23506,0.198988,3.614e-07
11937,Solyc06g063270.3,dispersed,Unclassified,Solyc07g032770.1,0.548153,0.78324,0.699853,0.746509
11938,Solyc06g063320.3,dispersed,Unclassified,Solyc07g008770.3,0.628226,1.68436,0.372977,2.54605e-05
11939,Solyc06g063340.3,dispersed,gbM,Solyc03g119470.2,0.573371,4.12413,0.139028,2.64174e-40
11940,Solyc06g063380.1,dispersed,TE-like,Solyc08g028850.1,0.48418,2.94119,0.16462,0
11941,Solyc06g063430.2,dispersed,Unclassified,Solyc10g005010.3,0.365922,3.73932,0.0978578,9.75868e-32
11942,Solyc06g064450.3,dispersed,gbM,Solyc11g045030.2,0.172002,0.948842,0.181275,1.4106e-11
11943,Solyc06g064540.2,dispersed,Unmethylated,Solyc11g045530.2,0.427529,3.31466,0.128981,6.72183e-16
11944,Solyc06g064550.3,dispersed,TE-like,Solyc11g040390.2,0.10122,0.695499,0.145536,5.06867e-66
11945,Solyc06g064600.1,dispersed,gbM,Solyc11g067210.1,0.561379,4.5349,0.123791,1.9507e-74
11946,Solyc06g064610.1,dispersed,Unmethylated,Solyc11g042440.1,0.280483,1.15368,0.24312,1.6715e-07
11947,Solyc06g064630.3,dispersed,gbM,Solyc09g057940.2,0.0750193,0.25199,0.297708,0.00402231
11948,Solyc06g064640.3,dispersed,TE-like,Solyc10g083270.3,0.69876,4.03103,0.173345,9.43459e-20
11949,Solyc06g064740.3,dispersed,TE-like,Solyc07g008750.3,0.121296,0.408494,0.296935,0.000145245
11950,Solyc06g064830.3,dispersed,TE-like,Solyc02g091790.3,0.852576,3.94225,0.216266,1.08461e-14
11951,Solyc06g064910.3,dispersed,TE-like,Solyc01g103990.3,0.437432,1.99688,0.219057,1.5314e-72
11952,Solyc06g065080.1,dispersed,TE-like,Solyc03g112400.1,0.0525801,0.0211053,2.49132,0.607033
11953,Solyc06g065150.1,dispersed,Unclassified,Solyc04g007320.2,0.71527,3.93145,0.181935,7.94406e-16
11954,Solyc06g065230.3,dispersed,Unclassified,Solyc01g087900.3,0.66773,3.53642,0.188815,9.1987e-11
11955,Solyc06g065240.3,dispersed,TE-like,Solyc10g050230.2,0.929618,4.02476,0.230975,7.02352e-21
11956,Solyc06g065270.3,dispersed,gbM,Solyc12g010380.2,0.433916,3.94415,0.110015,1.79155e-27
11957,Solyc06g065300.3,dispersed,gbM,Solyc06g082100.3,0.0991876,0.461176,0.215075,1.07225e-20
11958,Solyc06g065305.1,dispersed,gbM,Solyc06g082100.3,0.160993,0.561724,0.286605,1.4929e-08
11959,Solyc06g065320.3,dispersed,TE-like,Solyc07g049450.3,0.870422,4.12751,0.210883,3.38364e-16
11960,Solyc06g065335.1,dispersed,TE-like,Solyc11g019935.1,0.431582,1.13043,0.381786,0.00776597
11961,Solyc06g065340.1,dispersed,Unmethylated,Solyc11g018710.1,0.248418,1.3461,0.184547,1.28635e-09
11962,Solyc06g065390.3,dispersed,Unclassified,Solyc02g078200.3,0.467319,3.34724,0.139613,4.04355e-12
11963,Solyc06g065510.3,dispersed,Unclassified,Solyc10g049570.2,0.798949,4.40557,0.18135,4.59895e-31
11964,Solyc06g065670.3,dispersed,gbM,Solyc05g018510.3,0.194453,5.04742,0.0385252,1.52616e-245
11965,Solyc06g065700.3,dispersed,TE-like,Solyc02g091790.3,0.910404,3.96177,0.229797,4.60903e-17
11966,Solyc06g065730.3,dispersed,TE-like,Solyc09g066500.3,0.794284,4.60777,0.172379,5.46379e-60
11967,Solyc06g065740.3,dispersed,TE-like,Solyc01g091020.3,0.645203,3.66465,0.176061,2.05786e-18
11968,Solyc06g065825.1,dispersed,TE-like,Solyc01g109680.3,0.157839,3.0265,0.0521522,1.31983e-22
11969,Solyc06g065880.1,dispersed,TE-like,Solyc00g049210.1,0.102312,0.141219,0.724493,0.999913
11970,Solyc06g065930.3,dispersed,Unclassified,Solyc08g041980.3,0.173683,0.933729,0.18601,2.81418e-11
11971,Solyc06g065960.1,dispersed,TE-like,Solyc06g059780.1,0.0794445,0.273182,0.290811,0.0073748
11972,Solyc06g066040.2,dispersed,Unclassified,Solyc03g115160.3,0.410057,0.346991,1.18175,0.386881
11973,Solyc06g066080.1,dispersed,Unclassified,Solyc08g023640.1,0.518742,4.40108,0.117867,1.48929e-51
11974,Solyc06g066090.3,dispersed,TE-like,Solyc07g006160.3,0.729846,4.29275,0.170018,3.56154e-45
11975,Solyc06g066150.1,dispersed,Unclassified,Solyc06g063380.1,0.199206,0.290219,0.686401,0.999987
11976,Solyc06g066300.1,dispersed,Unclassified,Solyc10g081540.2,0.919716,4.17382,0.220353,8.08662e-22
11977,Solyc06g066310.3,dispersed,gbM,Solyc08g076140.3,0.0748197,0.845415,0.0885005,6.1655e-45
11978,Solyc06g066360.2,dispersed,TE-like,Solyc01g010500.2,0.585323,1.91084,0.306317,2.78042e-13
11979,Solyc06g066380.1,dispersed,Unclassified,Solyc07g065730.1,0.538422,4.21686,0.127683,1.29278e-50
11980,Solyc06g066400.3,dispersed,gbM,Solyc08g005210.3,0.0824251,0.711012,0.115926,1.21781e-09
11981,Solyc06g066443.1,dispersed,TE-like,Solyc08g067710.1,0.156655,0.246996,0.634239,0.0470668
11982,Solyc06g066447.1,dispersed,TE-like,Solyc10g031565.1,0.513136,3.04472,0.168533,9.1423e-10
11983,Solyc06g066550.3,dispersed,TE-like,Solyc09g010280.3,0.737983,4.62186,0.159672,5.38365e-44
11984,Solyc06g066670.3,dispersed,gbM,Solyc10g079510.2,0.922855,4.26135,0.216564,8.05673e-45
11985,Solyc06g066810.3,dispersed,TE-like,Solyc11g050880.2,0.391914,4.29859,0.0911727,1.3609e-48
11986,Solyc06g066820.3,dispersed,TE-like,Solyc03g119910.3,0.103837,1.43529,0.0723452,1.37853e-37
11987,Solyc06g067880.3,dispersed,Unclassified,Solyc07g040850.1,0.188024,0.186313,1.00918,0.999995
11988,Solyc06g067890.3,dispersed,gbM,Solyc03g119990.3,0.127134,0.535495,0.237413,6.53059e-30
11989,Solyc06g068220.3,dispersed,TE-like,Solyc09g047900.2,0.830092,4.09864,0.202529,4.54782e-15
11990,Solyc06g068290.1,dispersed,Unmethylated,Solyc07g007510.3,0.317336,1.71363,0.185184,1.36015e-19
11991,Solyc06g068310.1,dispersed,Unclassified,Solyc03g117340.1,0.177632,1.49841,0.118547,4.19158e-23
11992,Solyc06g068630.3,dispersed,Unmethylated,Solyc08g082510.1,0.385516,1.85672,0.207633,9.49627e-15
11993,Solyc06g068640.2,dispersed,TE-like,Solyc12g042790.1,0.661536,3.27362,0.202081,1.35578e-21
11994,Solyc06g068710.3,dispersed,Unclassified,Solyc11g020150.1,0.172046,0.138015,1.24657,0.568368
11995,Solyc06g068810.3,dispersed,gbM,Solyc01g100790.1,0.587448,4.32894,0.135703,3.89282e-59
11996,Solyc06g068860.3,dispersed,TE-like,Solyc02g087290.3,0.832107,4.79662,0.173478,1.22157e-62
11997,Solyc06g069000.3,dispersed,gbM,Solyc07g054850.3,0.594232,4.0247,0.147646,5.27092e-38
11998,Solyc06g069390.3,dispersed,TE-like,Solyc04g005300.3,0.424452,1.62749,0.260801,2.14673e-11
11999,Solyc06g069410.3,dispersed,gbM,Solyc07g053830.3,0.308481,4.00607,0.0770035,2.5052e-52
12000,Solyc06g069480.3,dispersed,TE-like,Solyc02g086585.1,0.853954,4.37802,0.195055,1.43375e-30
12001,Solyc06g069490.3,dispersed,gbM,Solyc01g098210.3,0.399363,1.57224,0.254009,1.48746e-21
12002,Solyc06g069520.3,dispersed,TE-like,Solyc12g019085.1,0.319396,0.470757,0.678474,0.261677
12003,Solyc06g069530.3,dispersed,Unclassified,Solyc05g056295.1,0.429713,2.35105,0.182775,1.67277e-17
12004,Solyc06g069565.1,dispersed,Unclassified,Solyc09g010740.3,0.668052,1.18924,0.561746,0.000657759
12005,Solyc06g069700.3,dispersed,gbM,Solyc04g056746.1,0.785762,4.43405,0.177211,1.03121e-34
12006,Solyc06g071000.3,dispersed,gbM,Solyc06g071290.3,1.06569,4.35014,0.244978,1.62761e-13
12007,Solyc06g071120.3,dispersed,TE-like,Solyc03g113370.3,0.179123,1.00489,0.17825,8.23573e-79
12008,Solyc06g071200.3,dispersed,TE-like,Solyc02g094630.3,0.78427,3.82174,0.205213,5.34675e-17
12009,Solyc06g071550.3,dispersed,gbM,Solyc12g035190.2,0.182202,3.20563,0.056838,6.95127e-69
12010,Solyc06g071620.3,dispersed,gbM,Solyc08g068120.2,1.01785,5.23472,0.194442,1.00168e-71
12011,Solyc06g071670.1,dispersed,Unclassified,Solyc08g013720.3,0.72928,3.98778,0.182879,1.00908e-19
12012,Solyc06g071700.1,dispersed,gbM,Solyc08g014330.3,0.0726837,0.783627,0.092753,3.66159e-82
12013,Solyc06g072370.3,dispersed,gbM,Solyc04g081170.3,0.611646,3.88202,0.157559,4.8108e-33
12014,Solyc06g072430.2,dispersed,Unclassified,Solyc10g084170.1,0.179584,0.736282,0.243906,1.43312e-09
12015,Solyc06g072540.1,dispersed,TE-like,Solyc04g071300.2,0.146022,0.084851,1.72092,0.275893
12016,Solyc06g072560.1,dispersed,TE-like,NA,NA,NA,NA,NA
12017,Solyc06g072600.3,dispersed,Unclassified,Solyc03g097640.3,0.136469,1.11867,0.121992,4.11216e-07
12018,Solyc06g072810.3,dispersed,gbM,Solyc10g018880.1,0.643517,0.602448,1.06817,0.513071
12019,Solyc06g073060.3,dispersed,gbM,Solyc06g054410.3,0.421405,4.25281,0.0990886,1.48202e-44
12020,Solyc06g073190.3,dispersed,Unmethylated,Solyc09g011850.3,0.649251,4.05186,0.160235,4.18543e-25
12021,Solyc06g073230.3,dispersed,TE-like,Solyc01g110490.3,0.817902,3.98028,0.205489,7.21406e-27
12022,Solyc06g073300.1,dispersed,Unmethylated,Solyc07g043360.1,0.05701,1.84036,0.0309777,7.11518e-30
12023,Solyc06g073320.3,dispersed,gbM,Solyc02g091510.3,0.267316,3.35805,0.0796043,6.48052e-60
12024,Solyc06g073330.3,dispersed,TE-like,Solyc10g076610.2,0.206637,4.42656,0.0466811,8.2034e-137
12025,Solyc06g073350.3,dispersed,TE-like,Solyc10g079130.2,0.267691,4.2956,0.0623176,1.6709e-83
12026,Solyc06g073370.3,dispersed,gbM,Solyc11g005680.2,0.00278952,1.23829,0.00225272,1.37334e-38
12027,Solyc06g073400.3,dispersed,gbM,Solyc09g083010.3,0.185196,1.40576,0.131741,1.46803e-30
12028,Solyc06g073510.3,dispersed,gbM,Solyc00g023270.2,0.191933,2.98054,0.0643955,7.31682e-33
12029,Solyc06g073670.3,dispersed,TE-like,Solyc01g096850.3,0.266608,4.68792,0.0568711,2.45816e-126
12030,Solyc06g073770.1,dispersed,TE-like,Solyc03g063490.1,0.122062,0.162991,0.748887,0.477173
12031,Solyc06g073980.3,dispersed,gbM,Solyc06g074160.2,0.390094,1.25787,0.310122,9.97234e-13
12032,Solyc06g074150.3,dispersed,gbM,Solyc12g006980.1,0.363052,4.27772,0.0848705,5.72072e-66
12033,Solyc06g074160.2,dispersed,Unclassified,Solyc06g073980.3,0.390094,1.25787,0.310122,9.97234e-13
12034,Solyc06g074180.2,dispersed,TE-like,Solyc04g010320.1,0.324154,1.59136,0.203696,3.43372e-40
12035,Solyc06g074510.3,dispersed,gbM,Solyc02g065080.3,0.912778,3.84965,0.237107,2.1576e-17
12036,Solyc06g074570.1,dispersed,TE-like,Solyc11g045440.1,0.468435,1.68844,0.277437,4.68857e-07
12037,Solyc06g074590.2,dispersed,TE-like,Solyc04g024540.1,0.302454,1.15375,0.262149,5.48389e-06
12038,Solyc06g074600.1,dispersed,Unmethylated,Solyc01g057100.2,NA,0.0212443,5.22598e-14,NA
12039,Solyc06g074940.3,dispersed,gbM,Solyc11g069090.2,0.0654079,1.20716,0.0541832,3.19185e-76
12040,Solyc06g075390.3,dispersed,TE-like,Solyc10g080130.2,0.0444744,0.235278,0.189029,7.84979e-12
12041,Solyc06g075665.1,dispersed,NA,Solyc09g064277.1,0.12163,0.268414,0.453143,0.0199633
12042,Solyc06g076000.1,dispersed,Unclassified,Solyc11g072790.2,0.616146,3.39161,0.181668,1.00289e-10
12043,Solyc06g076010.3,dispersed,Unclassified,Solyc11g066070.2,0.0602197,1.03172,0.0583682,5.83316e-09
12044,Solyc06g076160.3,dispersed,TE-like,Solyc09g014900.3,0.407867,3.58017,0.113924,1.46787e-24
12045,Solyc06g076360.3,dispersed,Unclassified,Solyc10g079290.2,1.01393,4.61321,0.219788,1.55255e-20
12046,Solyc06g076440.2,dispersed,Unclassified,Solyc07g007060.2,0.440058,4.0359,0.109036,1.2196e-45
12047,Solyc06g076470.3,dispersed,Unclassified,Solyc09g011470.3,0.580005,3.28131,0.17676,1.00538e-12
12048,Solyc06g076820.1,dispersed,Unmethylated,Solyc11g013220.2,0.523367,4.00235,0.130765,4.96642e-66
12049,Solyc06g076850.3,dispersed,Unclassified,Solyc05g052700.3,0.495022,4.05924,0.121949,1.16637e-56
12050,Solyc06g076890.1,dispersed,Unmethylated,Solyc05g052720.1,0.183744,2.55681,0.0718645,9.20661e-26
12051,Solyc06g076900.3,dispersed,TE-like,Solyc12g006575.1,0.462283,4.53348,0.101971,3.42097e-95
12052,Solyc06g081980.1,dispersed,Unmethylated,Solyc03g120090.1,0.228146,4.12148,0.0553553,4.52264e-55
12053,Solyc06g082090.3,dispersed,gbM,Solyc06g007200.3,0.0747957,0.936184,0.0798942,1.6251e-42
12054,Solyc06g082130.3,dispersed,Unclassified,Solyc10g076510.2,0.108655,4.3987,0.0247015,8.83195e-175
12055,Solyc06g082200.3,dispersed,TE-like,Solyc07g064740.3,0.924571,4.47962,0.206395,9.1792e-32
12056,Solyc06g082230.3,dispersed,gbM,Solyc06g060630.1,0.599268,2.81885,0.212593,1.9758e-43
12057,Solyc06g082270.2,dispersed,gbM,Solyc11g039910.2,0.0353442,0.227433,0.155405,2.33497e-10
12058,Solyc06g082360.3,dispersed,TE-like,Solyc09g075200.3,0.27836,3.74797,0.0742696,1.50427e-41
12059,Solyc06g082420.3,dispersed,TE-like,Solyc07g055190.3,0.346689,3.98017,0.087104,2.28704e-55
12060,Solyc06g082470.3,dispersed,TE-like,Solyc09g018170.3,0.310043,4.42385,0.0700843,2.60045e-74
12061,Solyc06g082480.3,dispersed,gbM,Solyc09g018160.3,0.527623,4.59141,0.114915,8.89504e-100
12062,Solyc06g082620.1,dispersed,Unmethylated,Solyc12g038460.1,0.0931278,0.354253,0.262885,0.000544345
12063,Solyc06g082730.2,dispersed,TE-like,Solyc01g088760.3,0.406758,3.66455,0.110998,6.50396e-46
12064,Solyc06g082770.3,dispersed,Unclassified,Solyc06g082310.3,0.406679,3.43143,0.118516,3.96298e-24
12065,Solyc06g082830.3,dispersed,gbM,Solyc09g018900.2,0.239424,1.23921,0.193208,6.21312e-06
12066,Solyc06g082870.3,dispersed,gbM,Solyc06g007670.3,0.0391579,2.40097,0.0163092,7.76962e-52
12067,Solyc06g082960.3,dispersed,Unclassified,Solyc09g047930.1,0.316699,3.59078,0.0881979,2.81726e-35
12068,Solyc06g082990.3,dispersed,Unclassified,Solyc09g005270.3,0.599072,3.9991,0.149802,3.2888e-41
12069,Solyc06g082995.1,dispersed,Unmethylated,Solyc06g007630.1,0.0704463,1.0702,0.0658253,7.29296e-26
12070,Solyc06g083080.3,dispersed,Unmethylated,Solyc04g050790.3,0.501706,3.19849,0.156857,6.14682e-16
12071,Solyc06g083220.3,dispersed,gbM,Solyc09g075620.2,0.808536,3.68676,0.219308,2.05427e-12
12072,Solyc06g083380.3,dispersed,gbM,Solyc12g006930.2,0.562623,4.0623,0.138498,1.04826e-44
12073,Solyc06g083410.3,dispersed,TE-like,Solyc09g082490.3,0.37992,1.90734,0.199188,3.40129e-23
12074,Solyc06g083620.3,dispersed,gbM,Solyc06g082630.3,0.457397,4.16456,0.109831,3.67825e-64
12075,Solyc06g083770.3,dispersed,Unclassified,Solyc02g068900.3,0.606378,3.99778,0.151679,3.50647e-45
12076,Solyc06g083810.3,dispersed,Unclassified,Solyc09g090310.2,0.15414,3.56681,0.0432151,1.45861e-46
12077,Solyc06g084035.1,dispersed,Unmethylated,Solyc06g072450.1,0.439357,1.04949,0.41864,0.00081046
12078,Solyc06g084160.3,dispersed,TE-like,Solyc08g005140.3,0.0604832,0.262988,0.229985,1.84954e-08
12079,Solyc06g084210.3,dispersed,TE-like,Solyc02g082220.3,0.667147,4.90841,0.135919,1.59347e-85
12080,Solyc06g084310.3,dispersed,Unclassified,Solyc09g064660.3,0.18809,0.303547,0.61964,0.188342
12081,Solyc06g084350.3,dispersed,TE-like,Solyc09g072970.3,0.00495684,0.500737,0.00989909,2.8167e-16
12082,Solyc06g084370.1,dispersed,Unmethylated,Solyc06g008930.3,0.587395,3.25434,0.180496,9.39369e-09
12083,Solyc06g084615.1,dispersed,Unclassified,Solyc09g065750.3,0.743115,3.68816,0.201487,3.17047e-17
12084,Solyc06g084622.1,dispersed,TE-like,Solyc03g006715.1,0.366231,0.369553,0.991011,0.834203
12085,Solyc06g084623.1,dispersed,TE-like,Solyc08g007713.1,0.0982682,0.124754,0.787693,0.373673
12086,Solyc06g084624.1,dispersed,TE-like,Solyc08g007718.1,0.0783326,0.14187,0.552143,0.090835
12087,Solyc06g084626.1,dispersed,TE-like,Solyc03g061655.1,0.0826967,0.128555,0.643278,0.256202
12088,Solyc06g084628.1,dispersed,TE-like,Solyc09g005138.1,0.141709,0.14325,0.989245,1
12089,Solyc06g084760.2,dispersed,gbM,Solyc07g062500.3,0.1078,0.249879,0.431409,2.09546e-06
12090,Solyc07g004997.1,dispersed,TE-like,Solyc03g006375.1,0.213261,0.178576,1.19423,0.53005
12091,Solyc07g005030.3,dispersed,TE-like,Solyc10g005130.3,0.717878,5.14704,0.139474,9.01573e-101
12092,Solyc07g005035.1,dispersed,TE-like,Solyc11g013375.1,0.519461,3.50651,0.148142,6.87691e-13
12093,Solyc07g005060.3,dispersed,gbM,Solyc12g017310.2,0.760369,3.54985,0.214198,9.96079e-21
12094,Solyc07g005190.3,dispersed,TE-like,Solyc09g010220.3,0.32423,4.01257,0.0808036,3.1994e-56
12095,Solyc07g005320.3,dispersed,TE-like,Solyc12g099280.2,0.933563,4.82158,0.193622,8.70574e-38
12096,Solyc07g005390.3,dispersed,TE-like,Solyc09g090700.1,0.887958,2.64675,0.33549,7.37136e-13
12097,Solyc07g005510.3,dispersed,TE-like,Solyc06g051400.3,0.841995,4.10353,0.205188,5.31291e-20
12098,Solyc07g005540.1,dispersed,gbM,Solyc02g072520.3,0.579845,4.5442,0.127601,7.7603e-57
12099,Solyc07g005570.3,dispersed,gbM,Solyc04g080060.3,0.655685,4.09286,0.160202,7.19481e-30
12100,Solyc07g005583.1,dispersed,TE-like,Solyc04g012200.1,0.202198,0.463445,0.436294,0.0478407
12101,Solyc07g005595.1,dispersed,TE-like,Solyc02g086980.3,0.415436,1.39603,0.297584,3.51875e-05
12102,Solyc07g005640.3,dispersed,gbM,Solyc01g057280.2,0.0729099,0.106546,0.684305,0.314256
12103,Solyc07g005740.1,dispersed,TE-like,Solyc03g115570.1,0.531885,4.21869,0.126078,4.10373e-42
12104,Solyc07g005770.2,dispersed,gbM,Solyc07g009180.1,0.612942,4.66816,0.131303,6.31477e-47
12105,Solyc07g005850.2,dispersed,TE-like,Solyc11g040060.2,0.570136,4.63104,0.123112,6.10071e-72
12106,Solyc07g005880.3,dispersed,TE-like,Solyc09g091650.3,0.951817,4.686,0.203119,5.64406e-31
12107,Solyc07g005895.1,dispersed,Unclassified,Solyc11g020860.1,0.130454,0.796396,0.163805,4.74975e-05
12108,Solyc07g005950.3,dispersed,TE-like,Solyc11g005940.2,1.01345,2.33171,0.434636,9.68196e-12
12109,Solyc07g005990.3,dispersed,TE-like,Solyc03g117675.1,0.311581,4.36576,0.0713692,1.34468e-86
12110,Solyc07g006060.3,dispersed,TE-like,Solyc12g100290.2,0.419933,3.77949,0.111108,1.02893e-34
12111,Solyc07g006145.1,dispersed,TE-like,Solyc10g051010.2,0.271614,1.36985,0.19828,2.9496e-40
12112,Solyc07g006160.3,dispersed,TE-like,Solyc06g066090.3,0.729846,4.29275,0.170018,3.56154e-45
12113,Solyc07g006260.3,dispersed,TE-like,Solyc07g062110.3,0.716401,3.95012,0.181362,6.95717e-20
12114,Solyc07g006640.3,dispersed,TE-like,Solyc06g009660.3,0.650309,3.54961,0.183206,9.71086e-11
12115,Solyc07g006770.2,dispersed,TE-like,Solyc02g070910.3,0.637249,4.89507,0.130182,3.97069e-98
12116,Solyc07g006830.3,dispersed,TE-like,Solyc10g009210.3,0.230638,1.70589,0.135201,8.47098e-76
12117,Solyc07g006890.1,dispersed,Unclassified,Solyc09g066150.1,0.179449,3.12859,0.057358,1.04019e-89
12118,Solyc07g007060.2,dispersed,TE-like,Solyc06g076440.2,0.440058,4.0359,0.109036,1.2196e-45
12119,Solyc07g007340.3,dispersed,gbM,Solyc03g019650.3,0.610645,2.36302,0.258417,1.92127e-26
12120,Solyc07g007350.1,dispersed,Unclassified,Solyc06g068310.1,0.516622,3.55291,0.145408,6.44996e-23
12121,Solyc07g007450.3,dispersed,Unmethylated,Solyc03g112900.3,0.0834176,0.379279,0.219937,1.28537e-08
12122,Solyc07g007460.2,dispersed,TE-like,Solyc07g052370.3,0.139619,0.577946,0.241577,1.92844e-23
12123,Solyc07g007490.2,dispersed,TE-like,Solyc07g006730.3,0.148311,0.583678,0.254097,4.08045e-10
12124,Solyc07g007510.3,dispersed,Unclassified,Solyc06g068290.1,0.317336,1.71363,0.185184,1.36015e-19
12125,Solyc07g007630.3,dispersed,TE-like,Solyc02g014540.2,0.16588,1.03696,0.159967,6.55592e-11
12126,Solyc07g007820.3,dispersed,TE-like,Solyc04g007860.3,0.427194,4.41306,0.0968022,3.68783e-66
12127,Solyc07g007970.3,dispersed,TE-like,Solyc03g060510.3,0.303019,1.73208,0.174946,2.30762e-43
12128,Solyc07g008060.1,dispersed,TE-like,Solyc08g059660.2,0.222669,4.28048,0.0520197,4.13918e-88
12129,Solyc07g008070.1,dispersed,TE-like,Solyc04g050130.1,0.559651,3.94228,0.141961,2.84283e-31
12130,Solyc07g008100.3,dispersed,TE-like,Solyc08g059700.2,0.500443,3.88876,0.12869,3.02694e-30
12131,Solyc07g008200.3,dispersed,TE-like,Solyc02g014430.3,0.735243,4.14972,0.177179,3.46356e-18
12132,Solyc07g008205.1,dispersed,NA,Solyc08g015940.3,0.547654,2.33063,0.234981,3.39855e-05
12133,Solyc07g008240.3,dispersed,Unclassified,Solyc03g071690.3,0.36725,1.82316,0.201436,1.79711e-08
12134,Solyc07g008340.3,dispersed,TE-like,Solyc08g075360.2,0.0306064,0.258977,0.118182,3.19169e-28
12135,Solyc07g008430.2,dispersed,Unclassified,Solyc02g081560.1,0.378151,2.84098,0.133106,1.01999e-11
12136,Solyc07g008480.2,dispersed,TE-like,Solyc05g023900.1,0.527412,4.35188,0.121192,4.3595e-53
12137,Solyc07g008610.2,dispersed,TE-like,Solyc10g012190.2,0.0377117,0.169506,0.222481,6.50334e-17
12138,Solyc07g008650.3,dispersed,Unclassified,Solyc05g010100.3,0.73756,3.54291,0.208179,2.59807e-14
12139,Solyc07g008680.3,dispersed,Unclassified,Solyc07g052150.3,0.247836,0.325952,0.760345,0.827308
12140,Solyc07g008690.3,dispersed,Unclassified,Solyc12g006570.2,0.106442,0.312294,0.340839,1.13745e-08
12141,Solyc07g008700.3,dispersed,TE-like,Solyc04g082845.1,0.358379,3.71865,0.0963735,9.36454e-56
12142,Solyc07g008710.3,dispersed,Unclassified,Solyc09g014580.3,0.164976,0.770376,0.21415,3.83823e-08
12143,Solyc07g008720.4,dispersed,gbM,Solyc09g010330.3,0.0203672,0.189323,0.107579,1.40051e-07
12144,Solyc07g008730.2,dispersed,TE-like,Solyc01g107410.3,0.736257,4.48908,0.16401,3.86376e-52
12145,Solyc07g008750.3,dispersed,TE-like,Solyc06g064740.3,0.121296,0.408494,0.296935,0.000145245
12146,Solyc07g008770.3,dispersed,TE-like,Solyc06g063320.3,0.628226,1.68436,0.372977,2.54605e-05
12147,Solyc07g008830.1,dispersed,gbM,Solyc11g028150.1,0.233543,0.361523,0.645997,0.170456
12148,Solyc07g008850.3,dispersed,Unclassified,Solyc00g090110.1,0.778243,4.05752,0.191802,3.74353e-28
12149,Solyc07g008860.3,dispersed,TE-like,Solyc03g114690.3,0.946335,3.97114,0.238303,6.67646e-21
12150,Solyc07g008865.1,dispersed,TE-like,Solyc07g025255.1,0.497478,3.25825,0.152682,2.69262e-13
12151,Solyc07g008880.3,dispersed,TE-like,Solyc06g043160.1,0.0369532,0.190918,0.193555,0.00223963
12152,Solyc07g008960.1,dispersed,TE-like,Solyc05g025640.1,0.60648,3.08212,0.196774,8.89198e-15
12153,Solyc07g008990.1,dispersed,TE-like,Solyc09g031730.1,0.153591,0.190578,0.80592,0.623684
12154,Solyc07g009000.1,dispersed,TE-like,Solyc11g045260.1,0.183188,0.597004,0.306846,0.0338663
12155,Solyc07g009110.2,dispersed,TE-like,Solyc09g010340.2,0.593672,1.42065,0.417887,4.53395e-05
12156,Solyc07g009220.2,dispersed,TE-like,Solyc09g009790.3,0.541789,4.41253,0.122784,5.21906e-50
12157,Solyc07g009240.2,dispersed,TE-like,Solyc09g061690.1,0.0766718,0.112049,0.684272,0.203694
12158,Solyc07g009270.1,dispersed,TE-like,Solyc03g093820.1,0.0343392,0.0536294,0.640305,0.463035
12159,Solyc07g009330.3,dispersed,Unclassified,Solyc12g017880.2,0.345718,3.63792,0.0950317,7.53755e-28
12160,Solyc07g009540.1,dispersed,Unclassified,Solyc03g043730.1,0.369361,0.497749,0.742062,0.488586
12161,Solyc07g014580.3,dispersed,TE-like,Solyc00g040390.2,0.033036,0.0339458,0.973198,0.999019
12162,Solyc07g014610.3,dispersed,TE-like,Solyc11g010550.2,0.912916,3.31164,0.275669,1.94594e-21
12163,Solyc07g014650.3,dispersed,TE-like,Solyc01g008000.3,0.468339,3.62448,0.129216,6.97092e-17
12164,Solyc07g014660.2,dispersed,Unmethylated,Solyc10g084440.2,0.183239,0.437274,0.419049,0.0109145
12165,Solyc07g014705.1,dispersed,TE-like,Solyc09g091635.1,0.227119,0.49279,0.460885,0.00427332
12166,Solyc07g014720.2,dispersed,TE-like,Solyc09g061660.2,0.0181864,0.0377172,0.482178,0.320964
12167,Solyc07g014730.3,dispersed,Unmethylated,Solyc07g032220.3,0.783172,1.79282,0.436839,0.000293414
12168,Solyc07g014750.1,dispersed,TE-like,Solyc08g062250.2,0.181592,0.27576,0.658512,0.118293
12169,Solyc07g014755.1,dispersed,TE-like,Solyc11g065345.1,0.105553,0.322268,0.327532,0.000722619
12170,Solyc07g014760.1,dispersed,TE-like,Solyc03g044840.1,0.245092,2.82307,0.0868174,1.40584e-13
12171,Solyc07g015800.1,dispersed,Unclassified,Solyc05g051583.1,0.6648,4.05002,0.164147,2.15828e-30
12172,Solyc07g015860.3,dispersed,TE-like,Solyc02g086680.3,0.920077,3.80128,0.242044,2.89151e-16
12173,Solyc07g015900.2,dispersed,TE-like,Solyc08g013970.2,0.264801,0.56374,0.469723,0.00329975
12174,Solyc07g015930.2,dispersed,TE-like,Solyc10g018460.1,0.126074,0.345351,0.365061,0.00109936
12175,Solyc07g015990.1,dispersed,TE-like,Solyc04g012100.2,0.154789,0.363611,0.425699,2.5368e-05
12176,Solyc07g016000.1,dispersed,TE-like,Solyc04g015980.3,0.127414,0.347173,0.367006,1.7377e-06
12177,Solyc07g016010.2,dispersed,TE-like,Solyc04g015980.3,0.140089,0.347707,0.402895,9.71904e-05
12178,Solyc07g016150.3,dispersed,Unclassified,Solyc11g072190.2,0.26582,3.06175,0.0868197,5.02992e-32
12179,Solyc07g017280.2,dispersed,TE-like,Solyc05g018860.1,0.292617,0.586769,0.498691,0.00463348
12180,Solyc07g017320.1,dispersed,TE-like,Solyc07g014580.3,0.0358072,0.0619003,0.578465,0.165563
12181,Solyc07g017340.1,dispersed,TE-like,Solyc07g014585.1,0.0485236,0.0591747,0.820006,0.884327
12182,Solyc07g017347.1,dispersed,TE-like,Solyc06g019190.1,0.295619,0.381503,0.774882,0.386481
12183,Solyc07g017370.2,dispersed,TE-like,Solyc08g065310.3,0.139596,0.332713,0.419568,0.0145143
12184,Solyc07g017437.1,dispersed,TE-like,Solyc08g062787.1,0.269635,0.504639,0.534313,0.0062867
12185,Solyc07g017520.3,dispersed,gbM,Solyc04g008640.3,0.0798878,0.332814,0.240037,3.10389e-10
12186,Solyc07g017530.3,dispersed,Unclassified,NA,NA,NA,NA,NA
12187,Solyc07g017720.1,dispersed,TE-like,Solyc04g016230.3,0.0838619,0.179378,0.467515,0.0124609
12188,Solyc07g017730.3,dispersed,TE-like,Solyc08g074390.3,0.323683,4.31153,0.075074,3.84473e-106
12189,Solyc07g017823.1,dispersed,TE-like,Solyc02g024075.1,0.13266,0.220843,0.600698,0.115944
12190,Solyc07g017827.1,dispersed,TE-like,Solyc03g122220.1,0.557136,1.91459,0.290995,0.000198433
12191,Solyc07g017902.1,dispersed,TE-like,NA,NA,NA,NA,NA
12192,Solyc07g017925.1,dispersed,TE-like,Solyc11g063600.2,0.088149,0.215601,0.408852,0.0143374
12193,Solyc07g017930.1,dispersed,TE-like,Solyc00g030100.1,0.198607,0.353847,0.561281,0.19902
12194,Solyc07g017980.1,dispersed,TE-like,Solyc04g007810.1,0.0747661,0.165925,0.450602,0.0443503
12195,Solyc07g017990.3,dispersed,TE-like,Solyc11g066370.2,0.829085,4.29618,0.192982,6.52281e-33
12196,Solyc07g018130.2,dispersed,TE-like,Solyc05g013890.2,0.141782,1.38927,0.102055,2.91559e-105
12197,Solyc07g018200.1,dispersed,Unclassified,Solyc07g044820.1,0.330575,3.86013,0.0856383,3.4903e-60
12198,Solyc07g018270.3,dispersed,TE-like,Solyc04g076400.3,0.547238,4.46681,0.122512,6.50218e-52
12199,Solyc07g018300.3,dispersed,TE-like,Solyc10g081830.2,0.281869,2.88263,0.0977818,4.04103e-34
12200,Solyc07g018360.3,dispersed,TE-like,Solyc12g011270.2,0.662683,4.14264,0.159966,4.16003e-33
12201,Solyc07g018370.2,dispersed,Unmethylated,Solyc12g007240.2,0.213593,1.40518,0.152004,1.66578e-16
12202,Solyc07g018405.1,dispersed,TE-like,Solyc09g011937.1,0.0927078,0.142595,0.650146,0.0474344
12203,Solyc07g018430.3,dispersed,Unmethylated,Solyc04g080560.2,0.432785,2.97771,0.145341,1.67018e-10
12204,Solyc07g019460.3,dispersed,gbM,Solyc02g083810.3,0.824923,3.98501,0.207007,1.51399e-25
12205,Solyc07g019480.1,dispersed,TE-like,NA,NA,NA,NA,NA
12206,Solyc07g019497.1,dispersed,TE-like,Solyc05g026520.1,0.131614,0.28749,0.457803,1.14113e-06
12207,Solyc07g019505.1,dispersed,TE-like,Solyc11g063610.2,0.0247459,0.0351857,0.703293,0.490662
12208,Solyc07g019510.3,dispersed,TE-like,Solyc05g025560.1,0.0742567,0.124287,0.59746,0.521099
12209,Solyc07g019573.1,dispersed,TE-like,Solyc05g040055.1,0.0947091,0.178063,0.531885,0.044614
12210,Solyc07g019620.2,dispersed,Unclassified,Solyc12g044690.2,0.015957,0.0175638,0.908517,0.651755
12211,Solyc07g019670.3,dispersed,TE-like,Solyc12g007170.2,0.0857702,0.693442,0.123688,3.95492e-64
12212,Solyc07g020800.3,dispersed,Unclassified,Solyc12g007210.2,0.0538558,1.61867,0.0332716,5.15607e-34
12213,Solyc07g020860.3,dispersed,Unclassified,Solyc10g083650.1,0.319311,3.45803,0.092339,0
12214,Solyc07g021050.2,dispersed,Unclassified,Solyc05g021580.3,0.0152944,NA,NA,NA
12215,Solyc07g021158.1,dispersed,Unclassified,Solyc12g044760.2,0.0815321,0.197622,0.412566,0.0212727
12216,Solyc07g021170.2,dispersed,Unmethylated,Solyc12g044760.2,0.156185,0.258402,0.604427,0.181013
12217,Solyc07g021210.1,dispersed,TE-like,Solyc07g039230.2,0.207999,0.223982,0.928644,0.839973
12218,Solyc07g021380.1,dispersed,TE-like,Solyc12g027720.1,0.280102,0.366727,0.76379,0.660759
12219,Solyc07g021405.1,dispersed,TE-like,Solyc10g009055.1,0.249844,0.835287,0.299112,1.7881e-15
12220,Solyc07g021410.1,dispersed,TE-like,Solyc08g062600.2,0.0362844,0.0378626,0.958319,0.999999
12221,Solyc07g021490.2,dispersed,TE-like,Solyc06g060290.3,0.568944,0.919865,0.618508,0.0896457
12222,Solyc07g021620.1,dispersed,Unclassified,Solyc11g067210.1,0.644215,4.27314,0.150759,1.90574e-41
12223,Solyc07g021700.3,dispersed,gbM,Solyc05g026360.3,0.0601079,0.799254,0.0752049,1.46142e-44
12224,Solyc07g021730.2,dispersed,TE-like,Solyc12g036090.2,0.0842312,0.0904474,0.931273,0.830205
12225,Solyc07g021735.1,dispersed,TE-like,Solyc07g021740.2,0.0835193,0.171531,0.486906,0.0745323
12226,Solyc07g021740.2,dispersed,TE-like,Solyc07g021735.1,0.0835193,0.171531,0.486906,0.0745323
12227,Solyc07g021760.2,dispersed,TE-like,Solyc08g044370.2,0.474377,2.04521,0.231945,7.42737e-10
12228,Solyc07g022760.3,dispersed,TE-like,Solyc11g044340.2,0.361993,1.91344,0.189185,4.86661e-76
12229,Solyc07g022850.1,dispersed,TE-like,Solyc07g040800.1,0.0469571,NA,NA,NA
12230,Solyc07g025170.3,dispersed,TE-like,Solyc12g088990.2,0.0623925,0.715629,0.0871856,7.55288e-51
12231,Solyc07g025240.2,dispersed,TE-like,Solyc09g031810.2,0.416296,1.29894,0.320488,1.46848e-05
12232,Solyc07g025250.2,dispersed,TE-like,Solyc03g117570.3,0.768409,4.33417,0.177291,5.23574e-32
12233,Solyc07g025255.1,dispersed,TE-like,Solyc05g023660.2,0.264573,0.731192,0.361838,0.000294931
12234,Solyc07g025390.3,dispersed,TE-like,Solyc04g079160.3,0.182759,0.919418,0.198777,2.88893e-18
12235,Solyc07g025520.3,dispersed,TE-like,Solyc02g093550.3,0.656998,3.69191,0.177956,3.96243e-18
12236,Solyc07g026560.2,dispersed,TE-like,Solyc11g011940.2,0.235447,0.587789,0.400564,8.98617e-07
12237,Solyc07g026580.1,dispersed,TE-like,Solyc00g304030.2,0.308334,1.63274,0.188844,9.66493e-09
12238,Solyc07g026710.2,dispersed,TE-like,Solyc00g133110.2,0.346359,2.70828,0.127889,1.83167e-26
12239,Solyc07g026770.3,dispersed,Unclassified,Solyc12g008730.2,0.042753,1.48612,0.0287682,4.97052e-17
12240,Solyc07g026805.1,dispersed,TE-like,Solyc08g044360.2,0.212284,0.29515,0.719241,0.185151
12241,Solyc07g026810.3,dispersed,TE-like,Solyc07g066290.3,0.588952,4.35968,0.135091,3.22911e-34
12242,Solyc07g026860.3,dispersed,TE-like,Solyc12g035300.1,0.480103,0.991923,0.484012,0.00300058
12243,Solyc07g026910.2,dispersed,TE-like,Solyc07g040815.1,0.181275,2.72596e-05,6649.94,0.0133298
12244,Solyc07g026960.3,dispersed,TE-like,Solyc01g100740.3,0.907206,4.1822,0.216921,2.76813e-15
12245,Solyc07g026970.1,dispersed,TE-like,Solyc02g055510.1,0.140927,3.20908,0.0439152,1.17629e-18
12246,Solyc07g027010.1,dispersed,TE-like,Solyc11g039980.2,0.0745576,0.0532559,1.39999,0.754548
12247,Solyc07g032090.3,dispersed,TE-like,Solyc10g054400.1,0.298858,2.55928,0.116774,4.5068e-32
12248,Solyc07g032110.3,dispersed,TE-like,Solyc08g074780.3,0.383129,4.1129,0.093153,5.37968e-58
12249,Solyc07g032130.1,dispersed,TE-like,Solyc01g058120.1,0.312343,0.204749,1.52549,0.145548
12250,Solyc07g032220.3,dispersed,TE-like,Solyc07g014730.3,0.783172,1.79282,0.436839,0.000293414
12251,Solyc07g032260.3,dispersed,Unclassified,Solyc08g065440.3,0.802911,4.02947,0.19926,1.14621e-15
12252,Solyc07g032290.2,dispersed,TE-like,Solyc10g078470.2,0.204466,0.289849,0.705421,0.179444
12253,Solyc07g032385.1,dispersed,TE-like,Solyc08g068230.3,0.335649,4.4125,0.0760677,1.96858e-65
12254,Solyc07g032440.1,dispersed,TE-like,Solyc02g011980.1,0.391838,0.426204,0.919368,1
12255,Solyc07g032480.3,dispersed,TE-like,Solyc10g078180.2,0.454812,4.17897,0.108834,2.74436e-50
12256,Solyc07g032493.1,dispersed,TE-like,Solyc05g015847.1,0.0591726,0.0694829,0.851614,0.676441
12257,Solyc07g032497.1,dispersed,TE-like,Solyc08g061323.1,0.0759965,0.144312,0.526611,0.0500273
12258,Solyc07g032510.3,dispersed,TE-like,Solyc02g084620.3,0.585645,4.64162,0.126173,1.8933e-69
12259,Solyc07g032700.1,dispersed,Unmethylated,Solyc04g045260.1,0.601625,3.21016,0.187413,5.12343e-09
12260,Solyc07g032710.3,dispersed,TE-like,Solyc12g007140.2,0.392124,1.05973,0.370023,1.36119e-17
12261,Solyc07g032745.1,dispersed,TE-like,Solyc06g018115.1,0.338122,3.37407,0.100212,2.88005e-34
12262,Solyc07g032770.1,dispersed,TE-like,Solyc06g063270.3,0.548153,0.78324,0.699853,0.746509
12263,Solyc07g032780.1,dispersed,TE-like,Solyc06g063270.3,0.150391,0.215066,0.69928,0.514026
12264,Solyc07g032790.1,dispersed,TE-like,Solyc07g040800.1,0.0477984,0.0786471,0.607758,0.387323
12265,Solyc07g032794.1,dispersed,TE-like,Solyc10g051273.1,0.0868158,0.131542,0.659986,0.048649
12266,Solyc07g032798.1,dispersed,TE-like,Solyc07g026560.2,0.0867623,0.033995,2.55221,0.0803491
12267,Solyc07g032800.1,dispersed,TE-like,Solyc10g049473.1,0.066906,0.101302,0.660464,0.300091
12268,Solyc07g032810.1,dispersed,TE-like,Solyc08g016300.2,0.189698,0.294562,0.644002,0.0955406
12269,Solyc07g032820.1,dispersed,TE-like,Solyc07g042790.2,0.0527044,0.0519597,1.01433,0.999996
12270,Solyc07g037910.2,dispersed,TE-like,Solyc10g018030.2,0.20725,0.63889,0.32439,6.22914e-06
12271,Solyc07g037940.2,dispersed,TE-like,Solyc07g017680.2,0.438037,1.75055,0.250227,7.70381e-11
12272,Solyc07g038137.1,dispersed,TE-like,Solyc12g035675.1,0.0545464,0.168415,0.32388,0.00343584
12273,Solyc07g039200.3,dispersed,gbM,Solyc05g014090.2,0.129338,0.500019,0.258666,1.48547e-11
12274,Solyc07g039210.3,dispersed,TE-like,NA,NA,NA,NA,NA
12275,Solyc07g039230.2,dispersed,TE-like,Solyc07g021210.1,0.207999,0.223982,0.928644,0.839973
12276,Solyc07g039250.1,dispersed,TE-like,Solyc04g005730.3,0.153516,0.872732,0.175902,1.48335e-08
12277,Solyc07g039300.1,dispersed,TE-like,Solyc00g010525.1,0.338805,0.552272,0.613475,0.182805
12278,Solyc07g039330.3,dispersed,TE-like,Solyc03g121580.3,0.159991,4.21045,0.0379986,1.0132e-113
12279,Solyc07g039340.3,dispersed,TE-like,Solyc01g079340.3,0.658278,4.67405,0.140837,1.44668e-61
12280,Solyc07g039380.3,dispersed,Unmethylated,Solyc05g018820.1,0.392127,3.83082,0.102361,3.02736e-11
12281,Solyc07g039400.2,dispersed,TE-like,Solyc04g009250.1,0.284933,0.696094,0.409331,1.72631e-05
12282,Solyc07g039420.1,dispersed,TE-like,Solyc04g009240.2,0.137489,0.290823,0.47276,0.000611457
12283,Solyc07g039470.1,dispersed,TE-like,Solyc12g042870.1,0.319525,0.586803,0.544519,0.125928
12284,Solyc07g039480.1,dispersed,TE-like,Solyc12g042870.1,0.423949,1.29367,0.327709,5.27346e-06
12285,Solyc07g039580.1,dispersed,TE-like,Solyc07g040810.1,0.369278,0.662996,0.556984,0.0957916
12286,Solyc07g039585.1,dispersed,gbM,Solyc03g059275.1,0.185441,0.238767,0.776658,0.433296
12287,Solyc07g039610.1,dispersed,TE-like,Solyc06g067880.3,0.252071,0.198395,1.27055,0.548785
12288,Solyc07g039620.2,dispersed,TE-like,Solyc01g008430.2,0.491497,0.566464,0.86766,0.930464
12289,Solyc07g039630.1,dispersed,TE-like,Solyc04g049375.1,0.451381,0.633923,0.712045,0.13871
12290,Solyc07g039660.1,dispersed,TE-like,Solyc05g023850.2,0.380487,1.04672,0.363504,0.230209
12291,Solyc07g040745.1,dispersed,TE-like,Solyc06g048897.1,0.0935461,0.146364,0.639131,0.158686
12292,Solyc07g040800.1,dispersed,TE-like,Solyc07g022850.1,0.0469571,NA,NA,NA
12293,Solyc07g040810.1,dispersed,TE-like,Solyc07g039580.1,0.369278,0.662996,0.556984,0.0957916
12294,Solyc07g040815.1,dispersed,TE-like,Solyc07g026910.2,0.181275,2.72596e-05,6649.94,0.0133298
12295,Solyc07g040840.2,dispersed,TE-like,Solyc07g039620.2,0.09544,0.0393975,2.42249,0.119308
12296,Solyc07g040950.3,dispersed,gbM,Solyc12g042840.2,0.830149,3.1813,0.260947,6.57517e-21
12297,Solyc07g040980.3,dispersed,TE-like,Solyc11g006960.2,0.663316,5.02672,0.131958,7.30664e-76
12298,Solyc07g041023.1,dispersed,TE-like,Solyc04g017753.1,0.202232,0.204122,0.99074,0.899399
12299,Solyc07g041030.1,dispersed,TE-like,Solyc04g053070.1,0.192429,0.703576,0.273501,0.010269
12300,Solyc07g041090.1,dispersed,TE-like,Solyc10g038180.2,0.195814,0.733888,0.266818,9.85113e-07
12301,Solyc07g041100.1,dispersed,TE-like,Solyc07g041213.1,0.368082,1.0261,0.35872,3.44396e-07
12302,Solyc07g041213.1,dispersed,TE-like,Solyc07g041100.1,0.368082,1.0261,0.35872,3.44396e-07
12303,Solyc07g041240.2,dispersed,TE-like,Solyc03g117220.1,0.25664,0.772253,0.332326,5.2664e-05
12304,Solyc07g041260.2,dispersed,TE-like,Solyc05g007330.2,0.0891257,0.313884,0.283945,0.000408323
12305,Solyc07g041325.1,dispersed,TE-like,NA,NA,NA,NA,NA
12306,Solyc07g041330.2,dispersed,TE-like,Solyc02g022870.3,0.0776548,0.154808,0.501621,7.38235e-05
12307,Solyc07g041360.1,dispersed,TE-like,Solyc01g066890.1,0.0949695,0.114326,0.83069,0.557187
12308,Solyc07g041362.1,dispersed,TE-like,Solyc05g025825.1,0.335386,0.484233,0.692614,0.0299438
12309,Solyc07g041366.1,dispersed,TE-like,Solyc05g015955.1,0.0462291,0.0439665,1.05146,0.999984
12310,Solyc07g041370.1,dispersed,TE-like,Solyc08g060840.1,0.319637,0.403735,0.791699,0.613403
12311,Solyc07g041440.2,dispersed,TE-like,Solyc05g044510.2,0.216077,0.540742,0.399594,0.000970549
12312,Solyc07g041460.1,dispersed,TE-like,Solyc10g049750.2,0.173823,0.542209,0.320583,0.00170595
12313,Solyc07g041500.3,dispersed,gbM,Solyc07g062500.3,0.425493,4.3778,0.0971934,2.65268e-57
12314,Solyc07g041630.1,dispersed,TE-like,Solyc00g125990.2,0.333296,0.502345,0.663481,0.204325
12315,Solyc07g041650.2,dispersed,Unclassified,Solyc01g009635.1,0.208978,1.85787,0.112482,1.61502e-20
12316,Solyc07g041680.2,dispersed,TE-like,Solyc01g020200.1,0.291704,0.72362,0.403117,0.00670492
12317,Solyc07g041720.1,dispersed,Unclassified,Solyc10g078840.1,0.587803,3.72103,0.157968,1.79853e-19
12318,Solyc07g041750.3,dispersed,TE-like,Solyc09g011860.3,0.417101,4.44088,0.0939231,4.88252e-99
12319,Solyc07g041810.1,dispersed,TE-like,Solyc08g048470.2,0.0283178,0.014618,1.93718,0.863642
12320,Solyc07g041820.2,dispersed,TE-like,Solyc09g065175.1,0.21121,0.592586,0.356421,0.000912272
12321,Solyc07g041930.3,dispersed,TE-like,Solyc12g049425.1,0.525898,1.30106,0.404208,0.0112276
12322,Solyc07g042030.2,dispersed,TE-like,Solyc03g118280.1,0.907291,4.61741,0.196494,4.99906e-45
12323,Solyc07g042035.1,dispersed,TE-like,Solyc08g029205.1,0.0410412,0.0227175,1.80659,0.285432
12324,Solyc07g042105.1,dispersed,TE-like,Solyc06g035455.1,0.0250258,0.0169598,1.4756,0.95564
12325,Solyc07g042130.3,dispersed,TE-like,Solyc08g075500.3,0.849979,4.31992,0.196758,3.11334e-17
12326,Solyc07g042135.1,dispersed,TE-like,Solyc08g029404.1,0.360696,0.994511,0.362686,0.000105687
12327,Solyc07g042270.3,dispersed,TE-like,Solyc03g114370.3,0.583268,4.05696,0.14377,1.8616e-53
12328,Solyc07g042275.1,dispersed,Unclassified,Solyc09g015930.3,0.659448,3.46287,0.190434,3.14475e-13
12329,Solyc07g042310.1,dispersed,TE-like,Solyc00g014830.3,0.13282,0.279565,0.475096,0.092795
12330,Solyc07g042360.1,dispersed,TE-like,Solyc12g056690.1,0.0290284,0.051714,0.561325,0.175476
12331,Solyc07g042600.2,dispersed,TE-like,Solyc01g110070.2,0.0709805,0.102236,0.694284,0.196592
12332,Solyc07g042610.2,dispersed,TE-like,NA,NA,NA,NA,NA
12333,Solyc07g042633.1,dispersed,TE-like,Solyc01g103695.1,0.42804,1.44556,0.296106,8.54649e-05
12334,Solyc07g042660.1,dispersed,TE-like,Solyc07g051960.2,0.20362,0.444731,0.45785,0.00344862
12335,Solyc07g042670.1,dispersed,TE-like,NA,NA,NA,NA,NA
12336,Solyc07g042695.1,dispersed,gbM,Solyc07g042905.1,0.236922,1.02201,0.231819,5.27116e-21
12337,Solyc07g042720.1,dispersed,gbM,Solyc02g086570.2,0.645848,4.2877,0.150628,1.08433e-30
12338,Solyc07g042750.3,dispersed,TE-like,Solyc01g107580.3,0.673775,4.27199,0.157719,3.03271e-32
12339,Solyc07g042760.1,dispersed,gbM,Solyc02g069500.1,0.659728,4.40249,0.149853,1.57482e-42
12340,Solyc07g042790.2,dispersed,TE-like,Solyc01g017850.1,0.0771165,0.135556,0.56889,0.00229217
12341,Solyc07g042880.1,dispersed,TE-like,Solyc06g065430.3,0.336646,4.21241,0.0799178,1.21292e-57
12342,Solyc07g042905.1,dispersed,gbM,Solyc07g042695.1,0.236922,1.02201,0.231819,5.27116e-21
12343,Solyc07g042930.3,dispersed,TE-like,Solyc05g016380.3,0.313985,3.17445,0.0989101,5.97918e-15
12344,Solyc07g043207.1,dispersed,TE-like,Solyc12g062790.1,0.0545027,0.0630327,0.864674,0.67854
12345,Solyc07g043240.3,dispersed,TE-like,Solyc05g052110.3,0.524538,3.99114,0.131426,1.08547e-33
12346,Solyc07g043340.1,dispersed,TE-like,NA,NA,NA,NA,NA
12347,Solyc07g043350.2,dispersed,TE-like,Solyc05g024330.1,0.55637,0.903891,0.615528,0.0473099
12348,Solyc07g043360.1,dispersed,Unmethylated,Solyc06g073300.1,0.05701,1.84036,0.0309777,7.11518e-30
12349,Solyc07g043365.1,dispersed,TE-like,Solyc09g064277.1,0.34994,0.342055,1.02305,0.67718
12350,Solyc07g043415.1,dispersed,TE-like,Solyc00g019950.1,0.215608,0.116069,1.85759,0.0998009
12351,Solyc07g043460.3,dispersed,Unclassified,Solyc10g051020.2,0.386348,4.31042,0.0896312,8.11451e-61
12352,Solyc07g043470.2,dispersed,NA,Solyc09g014360.2,0.256074,0.239236,1.07038,0.780405
12353,Solyc07g043473.1,dispersed,TE-like,Solyc07g040745.1,0.11832,0.490127,0.241406,1.86866e-05
12354,Solyc07g044750.3,dispersed,gbM,Solyc02g023980.3,0.245365,4.10561,0.0597633,6.93378e-65
12355,Solyc07g044790.3,dispersed,TE-like,Solyc04g005540.3,0.237619,0.339749,0.699396,0.0318507
12356,Solyc07g044793.1,dispersed,TE-like,Solyc04g005540.3,0.186872,0.230237,0.811649,0.454495
12357,Solyc07g044797.1,dispersed,TE-like,Solyc04g005540.3,0.193295,0.409376,0.47217,0.00143988
12358,Solyc07g044820.1,dispersed,TE-like,Solyc07g018200.1,0.330575,3.86013,0.0856383,3.4903e-60
12359,Solyc07g044870.3,dispersed,TE-like,Solyc10g047590.2,0.510586,3.9194,0.130272,3.89176e-26
12360,Solyc07g044895.1,dispersed,TE-like,Solyc05g015847.1,0.0673889,0.225074,0.299408,5.87843e-05
12361,Solyc07g044920.1,dispersed,TE-like,Solyc10g008580.1,0.627979,3.94513,0.159178,2.31892e-25
12362,Solyc07g044930.3,dispersed,TE-like,Solyc04g007510.3,0.687513,4.85033,0.141746,4.255e-98
12363,Solyc07g045050.3,dispersed,Unclassified,Solyc05g041200.3,0.120842,1.36048,0.0888231,1.8842e-63
12364,Solyc07g045353.1,dispersed,TE-like,Solyc08g075140.1,0.220668,0.188829,1.16861,0.458123
12365,Solyc07g045357.1,dispersed,TE-like,Solyc08g075140.1,0.181392,0.393151,0.461381,0.000173752
12366,Solyc07g045520.3,dispersed,TE-like,Solyc09g075640.3,0.534954,4.50219,0.118821,4.15515e-69
12367,Solyc07g045550.2,dispersed,TE-like,Solyc05g041220.2,0.187244,1.78684,0.10479,1.61916e-50
12368,Solyc07g045613.1,dispersed,TE-like,Solyc08g007716.1,0.367711,0.528782,0.695392,4.19806e-05
12369,Solyc07g045617.1,dispersed,TE-like,Solyc05g006837.1,0.165054,0.22875,0.721547,0.142915
12370,Solyc07g047620.2,dispersed,TE-like,Solyc01g108410.2,0.75851,4.34712,0.174486,1.5392e-33
12371,Solyc07g047625.1,dispersed,TE-like,Solyc00g049210.1,0.541242,0.779203,0.694609,0.334403
12372,Solyc07g047680.2,dispersed,Unmethylated,Solyc04g078390.2,0.605267,3.43273,0.176322,1.97356e-09
12373,Solyc07g047710.3,dispersed,TE-like,Solyc11g012580.2,0.324631,3.0285,0.107192,9.23066e-18
12374,Solyc07g047730.2,dispersed,Unclassified,Solyc07g049250.1,0.414867,1.19965,0.345823,0.000129528
12375,Solyc07g047740.3,dispersed,TE-like,Solyc07g049240.3,0.0216668,0.105964,0.204474,6.15017e-07
12376,Solyc07g047760.2,dispersed,Unclassified,Solyc07g053255.1,0.587033,2.95009,0.198988,4.98993e-15
12377,Solyc07g047820.2,dispersed,TE-like,Solyc07g066390.1,0.766064,4.36982,0.175308,1.71653e-32
12378,Solyc07g047900.3,dispersed,TE-like,Solyc12g014280.2,0.687896,4.0094,0.171571,1.363e-31
12379,Solyc07g047970.3,dispersed,TE-like,Solyc11g007780.2,0.660783,4.08784,0.161646,7.82086e-23
12380,Solyc07g049140.3,dispersed,Unclassified,Solyc05g008150.3,0.196972,0.508033,0.387714,0.0191009
12381,Solyc07g049240.3,dispersed,TE-like,Solyc12g005790.2,0.37757,3.98606,0.0947226,2.30394e-59
12382,Solyc07g049250.1,dispersed,Unclassified,Solyc07g047730.2,0.414867,1.19965,0.345823,0.000129528
12383,Solyc07g049420.1,dispersed,Unclassified,Solyc03g082363.1,0.244234,2.81301,0.086823,4.97385e-20
12384,Solyc07g049680.3,dispersed,gbM,Solyc01g007830.2,0.391807,0.660644,0.593068,0.130597
12385,Solyc07g049700.1,dispersed,TE-like,Solyc11g006630.1,0.278821,0.711667,0.391786,4.33868e-17
12386,Solyc07g051805.1,dispersed,TE-like,Solyc03g006715.1,0.384899,0.690528,0.557398,8.83478e-05
12387,Solyc07g051940.3,dispersed,TE-like,Solyc12g019240.2,0.230911,1.54323,0.149628,5.98982e-15
12388,Solyc07g052050.1,dispersed,TE-like,Solyc07g052175.1,0.113724,0.200779,0.566414,0.0362915
12389,Solyc07g052060.2,dispersed,Unclassified,Solyc02g081770.1,0.0914621,0.46448,0.196913,4.07584e-13
12390,Solyc07g052100.3,dispersed,gbM,Solyc10g049750.2,0.178803,1.02314,0.174759,7.49101e-57
12391,Solyc07g052175.1,dispersed,Unclassified,Solyc09g065280.3,0.234679,1.25637,0.186792,5.16774e-18
12392,Solyc07g052200.1,dispersed,TE-like,Solyc10g055640.2,0.0639293,0.17272,0.370133,0.00132672
12393,Solyc07g052275.1,dispersed,TE-like,Solyc08g016586.1,0.092478,0.220639,0.419138,0.00188694
12394,Solyc07g052340.3,dispersed,TE-like,Solyc10g018520.1,0.75788,4.48907,0.168828,7.15275e-53
12395,Solyc07g052370.3,dispersed,TE-like,Solyc03g058855.1,0.0969679,1.18358,0.0819275,5.05746e-15
12396,Solyc07g052580.1,dispersed,TE-like,Solyc05g007530.1,0.164307,0.867799,0.189338,2.932e-16
12397,Solyc07g052940.3,dispersed,TE-like,Solyc01g006880.3,0.952882,4.97774,0.191429,1.21587e-55
12398,Solyc07g052980.3,dispersed,Unclassified,Solyc02g091920.3,0.40159,3.83041,0.104843,3.64507e-55
12399,Solyc07g053255.1,dispersed,TE-like,Solyc07g047760.2,0.587033,2.95009,0.198988,4.98993e-15
12400,Solyc07g053270.3,dispersed,TE-like,Solyc08g013840.3,0.862864,3.17116,0.272097,2.06816e-07
12401,Solyc07g053320.3,dispersed,gbM,Solyc12g010830.2,0.233809,0.593957,0.393646,5.22595e-09
12402,Solyc07g053330.2,dispersed,TE-like,Solyc05g052440.2,0.581793,4.10615,0.141688,4.67604e-39
12403,Solyc07g053430.3,dispersed,Unclassified,Solyc04g007910.3,0.804326,3.71639,0.216427,3.06661e-17
12404,Solyc07g053520.2,dispersed,TE-like,Solyc09g009790.3,0.541398,4.36175,0.124124,1.32785e-60
12405,Solyc07g053680.2,dispersed,gbM,Solyc01g021730.2,0.714049,1.93429,0.369154,0.0032993
12406,Solyc07g053730.3,dispersed,TE-like,Solyc01g081010.3,0.0235881,0.28624,0.0824066,9.48155e-40
12407,Solyc07g053770.2,dispersed,Unclassified,Solyc09g083160.3,0.0879796,0.201242,0.437183,0.108415
12408,Solyc07g053830.3,dispersed,TE-like,Solyc11g062190.2,0.165111,3.52979,0.0467763,2.80028e-76
12409,Solyc07g053840.1,dispersed,gbM,Solyc11g005150.2,0.432901,4.08278,0.106031,8.93174e-67
12410,Solyc07g053850.3,dispersed,TE-like,Solyc12g005470.2,0.0665056,0.83579,0.0795721,1.97526e-61
12411,Solyc07g054120.2,dispersed,gbM,Solyc07g008600.1,0.462655,4.45465,0.103859,2.89658e-73
12412,Solyc07g054140.3,dispersed,Unclassified,Solyc08g067910.3,0.417175,3.97357,0.104987,6.43345e-61
12413,Solyc07g054200.3,dispersed,gbM,Solyc12g056080.2,1.05914,4.5265,0.233987,1.44156e-14
12414,Solyc07g054260.1,dispersed,TE-like,Solyc12g010710.1,0.293064,3.06716,0.0955489,3.21499e-16
12415,Solyc07g054280.1,dispersed,TE-like,Solyc07g054860.1,0.0554066,0.29379,0.188593,2.81312e-22
12416,Solyc07g054410.1,dispersed,TE-like,Solyc12g005560.1,0.445881,0.617922,0.721581,0.0235782
12417,Solyc07g054470.1,dispersed,TE-like,Solyc07g063470.1,0.142261,2.59614,0.054797,0
12418,Solyc07g054480.2,dispersed,TE-like,Solyc09g083110.2,0.580512,4.6607,0.124555,1.24762e-78
12419,Solyc07g054680.3,dispersed,gbM,Solyc06g007850.3,0.892305,3.97551,0.224451,3.04655e-20
12420,Solyc07g054720.2,dispersed,Unclassified,Solyc00g157087.1,0.406468,1.95542,0.207867,1.17854e-06
12421,Solyc07g054730.1,dispersed,Unmethylated,Solyc12g005600.1,0.234238,4.19468,0.0558418,2.32465e-11
12422,Solyc07g054850.3,dispersed,Unmethylated,Solyc06g069000.3,0.594232,4.0247,0.147646,5.27092e-38
12423,Solyc07g054860.1,dispersed,TE-like,Solyc09g064430.3,0.352949,4.34474,0.081236,6.10842e-80
12424,Solyc07g055020.3,dispersed,TE-like,Solyc10g017680.1,0.609992,3.79875,0.160577,1.37926e-20
12425,Solyc07g055040.1,dispersed,Unmethylated,Solyc01g079230.3,0.601298,3.28963,0.182786,3.85291e-09
12426,Solyc07g055050.3,dispersed,gbM,Solyc12g010870.2,0.160593,0.595596,0.269634,7.87807e-16
12427,Solyc07g055120.3,dispersed,Unclassified,Solyc12g010900.1,0.127841,0.966612,0.132257,4.18322e-65
12428,Solyc07g055260.3,dispersed,TE-like,Solyc12g095800.2,1.00982,3.83509,0.263311,5.58054e-07
12429,Solyc07g055310.1,dispersed,gbM,Solyc05g010620.2,0.581725,4.51699,0.128786,7.75542e-70
12430,Solyc07g055350.3,dispersed,TE-like,Solyc07g062500.3,0.149553,0.640007,0.233673,7.58908e-24
12431,Solyc07g055380.1,dispersed,TE-like,Solyc07g055610.2,0.0773357,0.1593,0.485473,0.000415664
12432,Solyc07g055390.1,dispersed,Unclassified,Solyc04g007320.2,0.128027,1.77188,0.0722549,4.45444e-16
12433,Solyc07g055610.2,dispersed,TE-like,Solyc07g055380.1,0.0773357,0.1593,0.485473,0.000415664
12434,Solyc07g055620.2,dispersed,TE-like,Solyc07g055380.1,0.0228677,0.087731,0.260657,0.00236417
12435,Solyc07g055625.1,dispersed,TE-like,Solyc07g055380.1,0.30051,0.345614,0.869496,0.541279
12436,Solyc07g055770.2,dispersed,TE-like,Solyc11g011540.2,0.234368,0.5798,0.404223,3.58097e-08
12437,Solyc07g055820.2,dispersed,TE-like,Solyc01g087510.2,0.60261,4.10736,0.146715,8.38885e-43
12438,Solyc07g055920.3,dispersed,TE-like,Solyc02g071730.3,0.225835,3.83282,0.0589214,2.36809e-44
12439,Solyc07g055970.1,dispersed,gbM,Solyc07g064470.3,0.669366,3.56268,0.187882,4.50255e-23
12440,Solyc07g056030.3,dispersed,TE-like,Solyc03g119870.3,0.795303,4.48612,0.177281,2.42806e-36
12441,Solyc07g056120.3,dispersed,gbM,Solyc10g080280.2,0.825003,4.01172,0.205648,1.23186e-26
12442,Solyc07g056230.3,dispersed,TE-like,Solyc07g045490.2,0.256748,0.2942,0.872699,0.714297
12443,Solyc07g056290.2,dispersed,TE-like,Solyc10g047570.2,0.418701,4.05649,0.103218,1.07809e-36
12444,Solyc07g056380.1,dispersed,TE-like,Solyc06g082170.2,0.309069,3.67823,0.0840266,2.07545e-34
12445,Solyc07g056660.3,dispersed,TE-like,Solyc05g015210.3,1.04894,2.08608,0.502831,2.05833e-11
12446,Solyc07g061900.3,dispersed,Unclassified,Solyc12g088730.2,0.895919,3.89372,0.230093,3.78873e-13
12447,Solyc07g061940.3,dispersed,Unclassified,Solyc03g044330.1,0.0184407,0.305021,0.060457,3.32286e-47
12448,Solyc07g061960.3,dispersed,Unclassified,Solyc12g011430.2,0.115968,0.732076,0.15841,3.12603e-22
12449,Solyc07g062070.3,dispersed,TE-like,Solyc03g006860.3,0.852961,4.04069,0.211093,1.6628e-11
12450,Solyc07g062110.3,dispersed,gbM,Solyc09g055700.3,0.500411,3.90788,0.128052,2.4383e-25
12451,Solyc07g062250.3,dispersed,TE-like,Solyc09g056017.1,0.122876,0.153901,0.798407,0.698438
12452,Solyc07g062550.3,dispersed,TE-like,Solyc11g017030.2,0.204397,0.259523,0.787588,0.430733
12453,Solyc07g062640.3,dispersed,TE-like,Solyc12g010830.2,0.800649,4.20099,0.190586,2.94666e-26
12454,Solyc07g062750.3,dispersed,TE-like,Solyc01g096570.3,0.890845,3.92883,0.226746,3.72873e-24
12455,Solyc07g062820.1,dispersed,Unclassified,Solyc11g007230.1,0.630412,4.31517,0.146092,5.19532e-38
12456,Solyc07g063050.1,dispersed,Unmethylated,Solyc11g040300.2,0.153399,1.36024,0.112774,3.1769e-07
12457,Solyc07g063430.3,dispersed,TE-like,Solyc10g008500.3,0.258565,4.09421,0.0631539,1.22361e-54
12458,Solyc07g063470.1,dispersed,TE-like,Solyc07g054470.1,0.142261,2.59614,0.054797,0
12459,Solyc07g063580.3,dispersed,Unmethylated,Solyc10g047330.1,0.0189487,0.0140733,1.34643,0.77167
12460,Solyc07g063960.3,dispersed,gbM,Solyc08g075850.3,0.767056,3.40094,0.225542,2.79944e-15
12461,Solyc07g064070.2,dispersed,Unclassified,Solyc08g078430.3,0.161001,0.935188,0.172159,9.06482e-29
12462,Solyc07g064110.3,dispersed,TE-like,Solyc11g073270.1,1.00692,4.60437,0.218688,1.11861e-19
12463,Solyc07g064120.2,dispersed,TE-like,Solyc07g018130.2,0.290654,5.04742,0.0575847,2.98846e-185
12464,Solyc07g064430.1,dispersed,TE-like,Solyc05g014900.1,0.113775,0.0642857,1.76984,0.338274
12465,Solyc07g064520.3,dispersed,gbM,Solyc12g056340.2,0.692797,4.26039,0.162613,3.20101e-65
12466,Solyc07g064580.3,dispersed,TE-like,Solyc12g005010.2,0.182295,0.825698,0.220777,1.3378e-33
12467,Solyc07g064625.1,dispersed,TE-like,Solyc04g056746.1,0.748111,4.47653,0.167118,4.45348e-35
12468,Solyc07g064740.3,dispersed,gbM,Solyc06g082200.3,0.924571,4.47962,0.206395,9.1792e-32
12469,Solyc07g064820.1,dispersed,TE-like,Solyc01g103240.3,0.504149,3.93812,0.128018,1.86224e-52
12470,Solyc07g064850.3,dispersed,gbM,Solyc06g007320.3,0.88611,4.21327,0.210314,3.90576e-24
12471,Solyc07g065020.3,dispersed,TE-like,Solyc05g006590.3,0.226623,3.86908,0.0585727,0
12472,Solyc07g065200.3,dispersed,Unclassified,Solyc11g068980.2,1.01206,2.11565,0.478371,0.0017779
12473,Solyc07g065310.3,dispersed,TE-like,Solyc00g055985.1,0.954227,5.29449,0.18023,3.31715e-09
12474,Solyc07g065330.3,dispersed,TE-like,Solyc01g102910.3,0.632088,3.80771,0.166002,1.26591e-13
12475,Solyc07g065445.1,dispersed,TE-like,Solyc09g007210.3,0.659964,4.03878,0.163407,5.61033e-23
12476,Solyc07g065550.3,dispersed,TE-like,Solyc04g009430.3,0.688728,3.83086,0.179784,8.1434e-24
12477,Solyc07g065720.3,dispersed,Unclassified,Solyc04g049970.3,0.0593609,0.546584,0.108604,2.67697e-10
12478,Solyc07g065730.1,dispersed,TE-like,Solyc08g062580.1,0.515566,4.34356,0.118697,1.66973e-36
12479,Solyc07g065770.3,dispersed,TE-like,Solyc01g006720.3,0.529345,3.72348,0.142164,1.23078e-21
12480,Solyc07g065800.3,dispersed,TE-like,Solyc10g005800.3,0.145363,0.964834,0.150661,6.01924e-13
12481,Solyc07g066110.1,dispersed,Unclassified,Solyc09g092150.1,0.645408,4.30143,0.150045,2.61582e-40
12482,Solyc07g066180.2,dispersed,gbM,Solyc08g081260.1,0.598184,4.66356,0.128268,1.52806e-70
12483,Solyc07g066290.3,dispersed,TE-like,Solyc07g026810.3,0.588952,4.35968,0.135091,3.22911e-34
12484,Solyc07g066300.3,dispersed,TE-like,Solyc03g121850.3,0.701681,2.26699,0.30952,3.70922e-19
12485,Solyc07g066310.3,dispersed,Unmethylated,Solyc12g017250.2,0.202893,0.67819,0.299168,4.87676e-07
12486,Solyc07g066420.3,dispersed,TE-like,Solyc12g049430.1,0.179276,1.28531,0.13948,3.79456e-34
12487,Solyc07g066440.3,dispersed,TE-like,Solyc02g068910.3,0.192732,4.47041,0.0431129,6.42277e-126
12488,Solyc07g066485.1,dispersed,TE-like,Solyc10g055477.1,0.115329,0.211865,0.544351,0.0912646
12489,Solyc07g066580.3,dispersed,gbM,Solyc02g078990.3,0.0927238,0.775914,0.119503,6.92154e-28
12490,Solyc07g066620.3,dispersed,Unclassified,Solyc04g011900.3,0.922992,4.06323,0.227157,1.8341e-16
12491,Solyc07g066650.3,dispersed,TE-like,Solyc02g088010.3,0.680847,3.47936,0.195682,5.16135e-18
12492,Solyc08g005060.3,dispersed,Unclassified,Solyc11g040110.2,0.528131,3.66437,0.144126,8.85636e-15
12493,Solyc08g005140.3,dispersed,gbM,Solyc06g084160.3,0.0604832,0.262988,0.229985,1.84954e-08
12494,Solyc08g005190.3,dispersed,TE-like,Solyc04g079920.3,0.131017,0.709757,0.184594,4.35449e-45
12495,Solyc08g005210.3,dispersed,Unclassified,Solyc06g066400.3,0.0824251,0.711012,0.115926,1.21781e-09
12496,Solyc08g005230.3,dispersed,TE-like,Solyc05g015820.3,0.791192,2.75597,0.287083,3.12604e-10
12497,Solyc08g005390.1,dispersed,TE-like,Solyc06g076900.3,0.503365,4.39362,0.114567,3.85892e-56
12498,Solyc08g005440.3,dispersed,TE-like,Solyc02g070393.1,0.599735,4.29442,0.139655,3.59268e-38
12499,Solyc08g005570.3,dispersed,Unclassified,Solyc05g012290.3,0.807425,4.14249,0.194913,7.09567e-18
12500,Solyc08g005900.3,dispersed,gbM,Solyc09g005560.3,0.471936,3.65876,0.128988,4.07299e-31
12501,Solyc08g005940.1,dispersed,TE-like,Solyc05g010200.1,0.340135,0.785051,0.433265,0.00551491
12502,Solyc08g005980.3,dispersed,TE-like,Solyc01g111620.3,0.135046,0.749777,0.180114,3.67413e-30
12503,Solyc08g006050.2,dispersed,TE-like,Solyc04g051850.3,0.0686209,0.273153,0.251218,5.37911e-06
12504,Solyc08g006070.3,dispersed,TE-like,Solyc00g011880.3,0.197874,0.598807,0.330447,1.26415e-05
12505,Solyc08g006155.1,dispersed,gbM,Solyc12g099490.2,0.292919,3.24602,0.0902396,3.49729e-21
12506,Solyc08g006250.1,dispersed,Unmethylated,Solyc09g014870.1,0.374536,3.33004,0.112472,5.98346e-22
12507,Solyc08g006490.2,dispersed,TE-like,Solyc04g064830.3,0.639279,3.65329,0.174987,5.76064e-26
12508,Solyc08g006500.3,dispersed,TE-like,Solyc03g034395.1,0.479328,1.85497,0.258402,1.17712e-05
12509,Solyc08g006560.3,dispersed,TE-like,Solyc03g097470.3,0.147101,0.869996,0.169082,1.79524e-23
12510,Solyc08g006900.3,dispersed,gbM,Solyc02g070310.3,0.0268011,0.957653,0.0279862,3.1202e-26
12511,Solyc08g007220.3,dispersed,gbM,Solyc00g047700.3,0.0234183,0.0610408,0.38365,0.00954466
12512,Solyc08g007470.2,dispersed,TE-like,Solyc06g030510.3,0.673808,4.47872,0.150447,2.39001e-64
12513,Solyc08g007520.3,dispersed,gbM,Solyc10g080130.2,1.00561,1.99047,0.50521,8.71707e-05
12514,Solyc08g007570.3,dispersed,Unclassified,Solyc08g079690.3,0.244139,1.45417,0.167889,1.83684e-07
12515,Solyc08g007590.3,dispersed,TE-like,Solyc09g055940.3,0.672641,4.25865,0.157947,3.1139e-25
12516,Solyc08g007630.1,dispersed,TE-like,Solyc11g071995.1,0.076122,0.140719,0.54095,1.48686e-05
12517,Solyc08g007640.1,dispersed,TE-like,Solyc11g071995.1,0.124668,0.0891814,1.39791,0.182553
12518,Solyc08g007713.1,dispersed,TE-like,Solyc12g089295.1,0.18273,0.269963,0.67687,0.0130345
12519,Solyc08g007718.1,dispersed,TE-like,Solyc06g084624.1,0.0783326,0.14187,0.552143,0.090835
12520,Solyc08g008040.3,dispersed,TE-like,Solyc10g084745.1,0.45197,3.02526,0.149399,5.08049e-07
12521,Solyc08g008360.2,dispersed,Unmethylated,Solyc10g005020.3,0.624929,3.4094,0.183296,2.38843e-18
12522,Solyc08g008450.2,dispersed,Unclassified,Solyc09g008060.3,0.280835,3.6738,0.0764428,5.06813e-31
12523,Solyc08g008470.2,dispersed,Unmethylated,Solyc00g256710.2,0.0302046,0.0559396,0.539951,0.434508
12524,Solyc08g008660.3,dispersed,TE-like,Solyc10g005010.3,0.153939,3.52432,0.0436789,0
12525,Solyc08g008670.3,dispersed,TE-like,Solyc05g048760.3,0.00516306,0.16228,0.0318159,1.19109e-13
12526,Solyc08g013720.3,dispersed,TE-like,Solyc06g071670.1,0.72928,3.98778,0.182879,1.00908e-19
12527,Solyc08g013930.3,dispersed,TE-like,Solyc12g009950.1,0.561572,3.90022,0.143985,8.8775e-50
12528,Solyc08g013960.1,dispersed,Unclassified,Solyc08g007250.2,0.178997,0.346033,0.517284,0.00512166
12529,Solyc08g013970.2,dispersed,TE-like,Solyc06g048910.1,0.185136,0.376533,0.491685,5.99568e-09
12530,Solyc08g013980.3,dispersed,gbM,Solyc09g020000.3,0.43171,1.84063,0.234545,2.17778e-13
12531,Solyc08g014000.3,dispersed,TE-like,Solyc08g029000.3,0.122157,1.20575,0.101313,1.0713e-92
12532,Solyc08g014010.3,dispersed,Unclassified,Solyc06g065870.3,0.856561,2.15277,0.397888,8.09919e-11
12533,Solyc08g014027.1,dispersed,TE-like,Solyc02g014873.1,0.110098,0.136441,0.806928,0.54935
12534,Solyc08g014040.3,dispersed,Unclassified,Solyc02g085210.1,0.848996,3.83766,0.221228,1.53736e-11
12535,Solyc08g014065.1,dispersed,TE-like,Solyc07g042035.1,0.0610292,0.10423,0.585522,0.195195
12536,Solyc08g014100.1,dispersed,TE-like,Solyc12g006575.1,0.463868,4.35747,0.106454,4.05709e-130
12537,Solyc08g014247.1,dispersed,TE-like,Solyc12g042870.1,0.248888,0.532273,0.467595,4.01816e-06
12538,Solyc08g014330.3,dispersed,TE-like,Solyc06g071700.1,0.0726837,0.783627,0.092753,3.66159e-82
12539,Solyc08g014365.1,dispersed,TE-like,Solyc12g056295.1,0.482666,1.03287,0.467306,0.0045725
12540,Solyc08g014370.1,dispersed,gbM,Solyc02g068680.1,0.631503,4.0996,0.15404,8.48735e-67
12541,Solyc08g014390.1,dispersed,TE-like,NA,NA,NA,NA,NA
12542,Solyc08g014490.1,dispersed,Unclassified,Solyc07g043670.1,0.551344,3.03836,0.181461,1.38504e-24
12543,Solyc08g014590.1,dispersed,TE-like,Solyc04g039760.2,0.120489,0.221447,0.5441,0.0922421
12544,Solyc08g015630.3,dispersed,gbM,Solyc06g072740.1,0.889,3.99926,0.222291,2.26439e-10
12545,Solyc08g015634.1,dispersed,TE-like,Solyc10g012257.1,0.0996196,0.155233,0.641744,0.241264
12546,Solyc08g015850.2,dispersed,TE-like,Solyc03g120210.2,0.408613,1.15957,0.352384,0.000145017
12547,Solyc08g015873.1,dispersed,TE-like,Solyc09g063153.1,0.238756,0.397985,0.599911,0.165017
12548,Solyc08g015940.3,dispersed,NA,Solyc07g008205.1,0.547654,2.33063,0.234981,3.39855e-05
12549,Solyc08g016240.2,dispersed,TE-like,Solyc01g107560.3,0.37992,1.29613,0.293119,3.44147e-06
12550,Solyc08g016250.1,dispersed,TE-like,Solyc01g107560.3,0.26378,1.50691,0.175047,5.22986e-08
12551,Solyc08g016275.1,dispersed,NA,Solyc08g065197.1,0.0616327,0.0535158,1.15167,0.68108
12552,Solyc08g016300.2,dispersed,TE-like,Solyc07g042790.2,0.091221,0.101189,0.901487,0.753314
12553,Solyc08g016442.1,dispersed,TE-like,NA,NA,NA,NA,NA
12554,Solyc08g016444.1,dispersed,TE-like,Solyc06g034232.1,0.257001,2.73791,0.0938676,8.36816e-17
12555,Solyc08g016446.1,dispersed,TE-like,Solyc05g046080.2,0.175954,0.144165,1.2205,0.526193
12556,Solyc08g016581.1,dispersed,TE-like,Solyc03g034204.1,0.0247746,0.07238,0.342285,0.0291069
12557,Solyc08g016582.1,dispersed,TE-like,Solyc01g056485.1,0.0463578,0.0493983,0.93845,1
12558,Solyc08g016584.1,dispersed,TE-like,Solyc05g015095.1,0.00937099,0.0597021,0.156963,0.0132322
12559,Solyc08g016586.1,dispersed,TE-like,Solyc00g026907.1,0.0605201,0.0939513,0.644165,0.0460725
12560,Solyc08g016630.1,dispersed,TE-like,Solyc06g036820.1,0.0502912,1.46298,0.0343759,8.69611e-14
12561,Solyc08g016793.1,dispersed,TE-like,Solyc00g021655.1,0.256297,0.273484,0.937153,0.805265
12562,Solyc08g016795.1,dispersed,TE-like,Solyc06g011667.1,0.495546,0.565983,0.875548,0.573483
12563,Solyc08g021960.3,dispersed,TE-like,Solyc09g061320.3,0.763647,4.14398,0.184279,9.53998e-17
12564,Solyc08g021980.1,dispersed,TE-like,Solyc01g020480.1,0.335529,0.684132,0.490444,0.000686607
12565,Solyc08g021990.2,dispersed,TE-like,Solyc01g099760.3,0.0291914,0.54103,0.0539552,1.77619e-23
12566,Solyc08g021995.1,dispersed,Unclassified,Solyc01g099760.3,0.0750473,2.69305,0.0278671,4.64036e-26
12567,Solyc08g022040.1,dispersed,TE-like,Solyc01g068300.2,0.0598288,0.116941,0.511616,0.299012
12568,Solyc08g022150.1,dispersed,TE-like,Solyc10g047400.1,0.151554,0.452911,0.334622,0.0104128
12569,Solyc08g022160.1,dispersed,TE-like,Solyc10g047470.1,0.263919,1.3537,0.194961,0.00319513
12570,Solyc08g022170.1,dispersed,TE-like,Solyc02g011810.2,0.278597,0.486891,0.572197,0.139611
12571,Solyc08g022240.1,dispersed,Unmethylated,Solyc08g023420.2,0.0521185,0.114691,0.454424,0.00505397
12572,Solyc08g023250.1,dispersed,TE-like,Solyc10g047890.1,0.224146,3.10022,0.0723001,6.47598e-17
12573,Solyc08g023270.3,dispersed,Unclassified,Solyc02g021450.2,0.199681,2.18714,0.0912974,2.49611e-23
12574,Solyc08g023277.1,dispersed,TE-like,Solyc10g018393.1,0.469488,3.15511,0.148802,3.65968e-21
12575,Solyc08g023320.1,dispersed,TE-like,Solyc08g021980.1,0.287234,0.35789,0.802577,0.520347
12576,Solyc08g023500.3,dispersed,TE-like,Solyc03g121670.3,0.637132,3.99084,0.159648,1.22336e-37
12577,Solyc08g023550.1,dispersed,TE-like,Solyc03g071610.1,0.0952929,0.250935,0.379751,0.088944
12578,Solyc08g023585.1,dispersed,TE-like,Solyc06g008315.1,0.366569,1.30018,0.281936,0.153497
12579,Solyc08g023590.3,dispersed,TE-like,NA,NA,NA,NA,NA
12580,Solyc08g023593.1,dispersed,TE-like,NA,NA,NA,NA,NA
12581,Solyc08g023640.1,dispersed,Unclassified,Solyc06g066080.1,0.518742,4.40108,0.117867,1.48929e-51
12582,Solyc08g023660.3,dispersed,Unclassified,Solyc10g048055.1,0.175373,0.995044,0.176247,1.69775e-05
12583,Solyc08g028670.1,dispersed,TE-like,Solyc10g018990.2,0.140301,0.199254,0.704134,0.335787
12584,Solyc08g028740.1,dispersed,TE-like,Solyc10g017920.1,0.238604,0.177044,1.34771,0.379064
12585,Solyc08g028810.1,dispersed,TE-like,Solyc10g054240.1,0.185338,1.11613,0.166054,6.21849e-08
12586,Solyc08g028820.1,dispersed,TE-like,Solyc02g055510.1,0.215713,3.39256,0.0635841,2.82179e-27
12587,Solyc08g028850.1,dispersed,Unclassified,Solyc01g021730.2,0.0911228,0.238441,0.382161,0.0194291
12588,Solyc08g028853.1,dispersed,TE-like,Solyc09g014340.2,0.103409,0.122298,0.845549,0.620209
12589,Solyc08g028910.1,dispersed,TE-like,Solyc05g020010.1,0.318165,1.12169,0.283647,5.35088e-05
12590,Solyc08g028920.1,dispersed,TE-like,Solyc01g017420.1,0.0938548,0.221379,0.423956,0.120347
12591,Solyc08g028980.1,dispersed,Unclassified,Solyc10g051210.1,0.403823,1.03249,0.391117,0.00179993
12592,Solyc08g029000.3,dispersed,TE-like,Solyc09g075870.2,0.22324,4.69325,0.0475662,4.394e-151
12593,Solyc08g029090.3,dispersed,Unclassified,Solyc02g065360.3,0.807361,4.30574,0.187508,2.27024e-42
12594,Solyc08g029130.3,dispersed,TE-like,Solyc02g068560.3,0.686382,4.9731,0.138019,1.50659e-133
12595,Solyc08g029150.2,dispersed,TE-like,Solyc09g097840.2,0.813376,4.1241,0.197225,6.68358e-32
12596,Solyc08g029205.1,dispersed,TE-like,Solyc08g041661.1,0.110694,0.125376,0.882894,0.57996
12597,Solyc08g029225.1,dispersed,TE-like,Solyc07g037940.2,0.282901,0.84292,0.33562,0.00115358
12598,Solyc08g029250.1,dispersed,TE-like,Solyc08g065620.1,0.149284,0.08967,1.66482,0.344349
12599,Solyc08g029260.1,dispersed,TE-like,Solyc03g061540.1,0.475019,1.88106,0.252527,0.000132931
12600,Solyc08g029270.2,dispersed,TE-like,Solyc00g049210.1,0.129975,0.0783214,1.65951,0.569891
12601,Solyc08g029280.1,dispersed,TE-like,Solyc11g063610.2,0.181544,0.280485,0.64725,0.031927
12602,Solyc08g029290.1,dispersed,TE-like,Solyc11g063610.2,0.131136,0.143203,0.915733,0.815691
12603,Solyc08g029343.1,dispersed,TE-like,Solyc05g041120.2,0.381777,2.07022,0.184414,3.91566e-06
12604,Solyc08g029347.1,dispersed,TE-like,Solyc00g304035.1,0.211114,0.518888,0.406858,0.00822623
12605,Solyc08g029404.1,dispersed,TE-like,Solyc07g042135.1,0.360696,0.994511,0.362686,0.000105687
12606,Solyc08g029410.1,dispersed,TE-like,Solyc04g039780.1,0.17096,0.144842,1.18032,0.65021
12607,Solyc08g036540.1,dispersed,TE-like,Solyc00g025400.2,0.490025,0.839847,0.58347,0.0750841
12608,Solyc08g036550.1,dispersed,NA,Solyc00g210860.1,0.0054794,0.0279331,0.196161,0.174687
12609,Solyc08g041770.3,dispersed,TE-like,Solyc11g064850.2,0.288294,4.03291,0.0714854,3.66937e-51
12610,Solyc08g041890.3,dispersed,TE-like,Solyc01g100720.3,0.167237,4.38759,0.038116,2.25333e-138
12611,Solyc08g041980.3,dispersed,TE-like,Solyc06g065930.3,0.173683,0.933729,0.18601,2.81418e-11
12612,Solyc08g042070.2,dispersed,TE-like,Solyc09g015140.2,0.0177859,0.0214497,0.829193,0.879437
12613,Solyc08g042147.1,dispersed,TE-like,Solyc09g005450.1,0.472647,3.54993,0.133143,6.08666e-19
12614,Solyc08g043170.3,dispersed,TE-like,Solyc00g026860.1,0.941694,4.39791,0.214123,4.02514e-18
12615,Solyc08g044260.3,dispersed,Unmethylated,Solyc12g100270.2,0.16458,2.10923,0.0780287,4.83465e-40
12616,Solyc08g044265.1,dispersed,TE-like,Solyc01g088400.3,0.186883,1.58723,0.117742,3.55906e-25
12617,Solyc08g044332.1,dispersed,TE-like,Solyc01g094725.1,0.0169052,0.0100676,1.67917,0.303965
12618,Solyc08g044336.1,dispersed,TE-like,Solyc06g006020.2,0.128044,0.217388,0.589012,0.009592
12619,Solyc08g044355.1,dispersed,TE-like,Solyc11g017020.1,0.183998,0.263668,0.697839,0.251712
12620,Solyc08g044370.2,dispersed,TE-like,Solyc07g021760.2,0.474377,2.04521,0.231945,7.42737e-10
12621,Solyc08g044480.1,dispersed,TE-like,Solyc04g026070.1,0.128198,0.201313,0.636808,0.342029
12622,Solyc08g044490.1,dispersed,TE-like,Solyc12g082730.2,0.0802528,0.0271209,2.95907,0.397087
12623,Solyc08g045620.1,dispersed,TE-like,Solyc10g018980.2,0.159606,0.435556,0.366442,0.00229223
12624,Solyc08g045640.3,dispersed,Unclassified,Solyc05g014710.3,0.550422,3.93297,0.139951,5.3576e-30
12625,Solyc08g045647.1,dispersed,TE-like,Solyc01g106635.1,0.304876,1.66096,0.183554,2.93174e-12
12626,Solyc08g045760.1,dispersed,TE-like,Solyc03g119200.3,0.227545,0.304755,0.746649,0.352029
12627,Solyc08g045850.3,dispersed,TE-like,Solyc10g080320.2,0.570224,4.302,0.132549,7.56234e-63
12628,Solyc08g045870.2,dispersed,TE-like,Solyc09g015850.3,0.27464,0.631787,0.434703,0.000861542
12629,Solyc08g048233.1,dispersed,TE-like,Solyc04g071363.1,0.125563,0.319965,0.392427,0.000152945
12630,Solyc08g048240.3,dispersed,TE-like,Solyc01g094280.3,0.30504,4.07863,0.07479,7.0275e-59
12631,Solyc08g048300.2,dispersed,TE-like,Solyc12g055820.2,0.0504602,0.0454067,1.11129,0.996476
12632,Solyc08g048470.2,dispersed,TE-like,Solyc00g249200.2,0.0453929,0.0369925,1.22708,0.812124
12633,Solyc08g048500.3,dispersed,TE-like,Solyc01g106020.3,0.812831,4.47918,0.181468,3.90475e-42
12634,Solyc08g054577.1,dispersed,TE-like,Solyc00g068985.1,0.26478,0.263717,1.00403,0.807479
12635,Solyc08g059660.2,dispersed,Unclassified,Solyc06g011450.2,0.0806793,2.39612,0.0336707,9.50072e-83
12636,Solyc08g059700.2,dispersed,TE-like,Solyc07g008100.3,0.500443,3.88876,0.12869,3.02694e-30
12637,Solyc08g059750.2,dispersed,TE-like,Solyc06g053810.3,0.286909,4.35172,0.0659301,2.02292e-72
12638,Solyc08g060840.1,dispersed,TE-like,Solyc07g043270.3,0.31603,4.65046,0.0679567,6.68037e-92
12639,Solyc08g060953.1,dispersed,TE-like,Solyc11g013397.1,0.161286,0.265465,0.60756,0.21445
12640,Solyc08g060955.1,dispersed,TE-like,NA,NA,NA,NA,NA
12641,Solyc08g060957.1,dispersed,TE-like,Solyc09g055547.1,0.140214,0.303772,0.461577,0.00474998
12642,Solyc08g061030.3,dispersed,TE-like,Solyc01g059760.2,0.108117,0.120365,0.898241,0.782957
12643,Solyc08g061033.1,dispersed,TE-like,Solyc09g014340.2,0.108212,0.435307,0.248587,0.00044006
12644,Solyc08g061037.1,dispersed,TE-like,Solyc11g050980.2,0.210053,0.549406,0.382328,0.000429315
12645,Solyc08g061103.1,dispersed,TE-like,Solyc09g074185.1,0.063191,0.0914304,0.691138,0.385171
12646,Solyc08g061105.1,dispersed,TE-like,Solyc12g015865.1,0.0600285,0.0654883,0.91663,0.783311
12647,Solyc08g061107.1,dispersed,TE-like,Solyc04g051427.1,0.164284,0.305702,0.537398,0.0104595
12648,Solyc08g061255.1,dispersed,TE-like,Solyc08g080700.2,0.115347,0.178422,0.646482,0.239029
12649,Solyc08g061320.3,dispersed,TE-like,Solyc08g061450.2,0.756335,2.38103,0.31765,2.58861e-11
12650,Solyc08g061323.1,dispersed,TE-like,Solyc09g056185.1,0.0286085,0.107334,0.266538,2.69552e-05
12651,Solyc08g061390.2,dispersed,TE-like,Solyc08g077610.2,0.144203,0.193811,0.74404,0.224377
12652,Solyc08g061430.1,dispersed,TE-like,Solyc08g062090.1,0.0855013,0.0421753,2.02728,0.225219
12653,Solyc08g061450.2,dispersed,TE-like,Solyc08g061320.3,0.756335,2.38103,0.31765,2.58861e-11
12654,Solyc08g061590.3,dispersed,Unclassified,Solyc09g092360.3,0.52846,3.81748,0.138431,2.65701e-20
12655,Solyc08g061880.2,dispersed,Unclassified,Solyc04g080930.3,0.254783,1.54866,0.164518,4.83605e-08
12656,Solyc08g061890.3,dispersed,gbM,Solyc10g083150.2,0.823901,4.44813,0.185224,1.39291e-73
12657,Solyc08g061990.1,dispersed,TE-like,Solyc08g061350.1,0.0825642,0.095675,0.862965,0.731288
12658,Solyc08g062000.2,dispersed,TE-like,Solyc08g077610.2,0.12095,0.195438,0.618866,0.0183216
12659,Solyc08g062040.1,dispersed,TE-like,Solyc08g061390.2,0.303785,0.688818,0.441023,0.0379235
12660,Solyc08g062050.1,dispersed,TE-like,Solyc08g077610.2,0.0993295,0.0986799,1.00658,1
12661,Solyc08g062060.1,dispersed,TE-like,Solyc08g077600.1,0.289941,0.328188,0.883461,0.749975
12662,Solyc08g062070.1,dispersed,TE-like,Solyc08g077600.1,0.185561,0.206368,0.899173,0.750973
12663,Solyc08g062080.1,dispersed,TE-like,Solyc08g061370.1,0.0851263,0.119833,0.710372,0.379943
12664,Solyc08g062090.1,dispersed,TE-like,Solyc08g077600.1,0.244731,0.355583,0.688253,0.357903
12665,Solyc08g062130.1,dispersed,TE-like,Solyc11g061950.1,0.0826953,0.212199,0.389707,0.0977871
12666,Solyc08g062140.1,dispersed,TE-like,Solyc12g094410.2,0.725368,4.13038,0.175618,7.63495e-35
12667,Solyc08g062170.1,dispersed,TE-like,Solyc09g061910.2,0.394161,1.03371,0.381309,0.000133957
12668,Solyc08g062200.2,dispersed,gbM,Solyc11g056620.2,0.856394,4.16235,0.205748,1.08959e-16
12669,Solyc08g062220.3,dispersed,TE-like,Solyc04g082860.2,0.458618,2.00669,0.228544,2.39271e-29
12670,Solyc08g062250.2,dispersed,TE-like,Solyc10g008950.3,0.753125,2.17265,0.346639,2.74991e-08
12671,Solyc08g062260.1,dispersed,TE-like,Solyc03g044840.1,0.143548,3.18055,0.045133,4.16652e-36
12672,Solyc08g062420.3,dispersed,gbM,Solyc02g061940.3,0.684653,3.91732,0.174776,5.90182e-16
12673,Solyc08g062540.1,dispersed,TE-like,Solyc02g061860.1,0.403741,0.811371,0.497604,0.035005
12674,Solyc08g062600.2,dispersed,TE-like,Solyc10g081430.2,0.344666,4.17285,0.0825975,3.35922e-98
12675,Solyc08g062623.1,dispersed,TE-like,Solyc09g074185.1,0.0537294,0.0465281,1.15477,0.805214
12676,Solyc08g062625.1,dispersed,TE-like,Solyc04g051427.1,0.0212383,0.0563463,0.376924,0.182759
12677,Solyc08g062630.3,dispersed,TE-like,Solyc04g049720.3,1.01127,2.01704,0.501362,3.32581e-08
12678,Solyc08g062653.1,dispersed,TE-like,Solyc09g018803.1,0.118796,0.743814,0.159712,1.49861e-06
12679,Solyc08g062787.1,dispersed,TE-like,Solyc01g065985.1,0.27005,0.630012,0.428642,1.09351e-05
12680,Solyc08g062825.1,dispersed,Unmethylated,Solyc05g042122.1,0.375227,3.63733,0.10316,2.98897e-21
12681,Solyc08g062840.1,dispersed,TE-like,Solyc06g011440.1,0.341254,3.50242,0.0974336,2.20692e-24
12682,Solyc08g062850.2,dispersed,TE-like,Solyc03g059380.1,0.0500555,0.100604,0.49755,0.242729
12683,Solyc08g062880.1,dispersed,TE-like,Solyc05g044520.1,0.070059,0.0834468,0.839565,0.619094
12684,Solyc08g062900.2,dispersed,Unclassified,Solyc01g014820.2,0.238484,0.197608,1.20685,0.440387
12685,Solyc08g063010.3,dispersed,gbM,Solyc11g062130.2,0.709003,3.93111,0.180357,7.82289e-17
12686,Solyc08g063093.1,dispersed,TE-like,Solyc09g059477.1,0.175446,0.315136,0.556732,0.00076604
12687,Solyc08g063127.1,dispersed,TE-like,Solyc03g053025.1,0.480989,1.41267,0.340481,1.15185e-10
12688,Solyc08g065150.1,dispersed,Unmethylated,NA,NA,NA,NA,NA
12689,Solyc08g065190.3,dispersed,Unclassified,Solyc07g043230.3,0.430436,4.13565,0.104079,3.37919e-37
12690,Solyc08g065197.1,dispersed,TE-like,Solyc08g016275.1,0.0616327,0.0535158,1.15167,0.68108
12691,Solyc08g065260.3,dispersed,Unclassified,Solyc02g092700.3,0.721623,3.86151,0.186876,3.6467e-20
12692,Solyc08g065265.1,dispersed,TE-like,Solyc12g010233.1,0.110986,0.312392,0.355277,1.85063e-07
12693,Solyc08g065310.3,dispersed,TE-like,Solyc01g010315.1,0.343643,0.661146,0.519769,0.000284252
12694,Solyc08g065320.3,dispersed,Unclassified,Solyc02g062420.3,0.457374,4.32651,0.105714,8.74014e-20
12695,Solyc08g065340.2,dispersed,TE-like,Solyc12g040530.1,0.471229,0.773705,0.609055,0.133453
12696,Solyc08g065370.1,dispersed,Unclassified,Solyc00g230080.1,0.083371,0.105527,0.790047,0.603178
12697,Solyc08g065417.1,dispersed,TE-like,Solyc09g056395.1,0.548271,1.04246,0.525942,0.0690969
12698,Solyc08g065430.3,dispersed,gbM,Solyc07g021700.3,0.144428,1.95584,0.0738443,5.22421e-63
12699,Solyc08g065440.3,dispersed,Unclassified,Solyc07g032260.3,0.802911,4.02947,0.19926,1.14621e-15
12700,Solyc08g065470.3,dispersed,TE-like,Solyc12g008730.2,0.148593,3.11069,0.0477686,1.90879e-34
12701,Solyc08g065480.3,dispersed,TE-like,Solyc10g084140.2,0.0255929,0.107332,0.238446,1.06025e-08
12702,Solyc08g065535.1,dispersed,TE-like,Solyc00g230060.2,0.662719,3.08883,0.214553,1.37983e-13
12703,Solyc08g065550.1,dispersed,TE-like,Solyc00g019950.1,0.0902554,0.0968689,0.931727,0.760662
12704,Solyc08g065620.1,dispersed,TE-like,Solyc03g061560.2,0.159816,0.161932,0.986929,0.857258
12705,Solyc08g065760.3,dispersed,TE-like,Solyc10g038060.2,0.134623,0.192257,0.700225,0.232537
12706,Solyc08g065943.1,dispersed,TE-like,Solyc08g065265.1,0.0471224,0.0675476,0.697618,0.355137
12707,Solyc08g065947.1,dispersed,TE-like,Solyc04g051427.1,0.148992,0.238751,0.62405,0.26896
12708,Solyc08g065980.3,dispersed,TE-like,Solyc05g026080.3,0.232677,4.87981,0.0476816,1.20206e-164
12709,Solyc08g066160.3,dispersed,TE-like,Solyc12g006680.2,0.508748,1.37085,0.371118,0.00116949
12710,Solyc08g066190.2,dispersed,Unclassified,Solyc03g019800.3,0.0842933,0.178411,0.472466,0.000502144
12711,Solyc08g066440.3,dispersed,Unclassified,Solyc03g098020.3,0.388785,4.24896,0.0915014,9.9506e-48
12712,Solyc08g066480.2,dispersed,TE-like,Solyc12g036870.2,0.166846,0.578814,0.288254,4.63976e-07
12713,Solyc08g066590.3,dispersed,TE-like,Solyc11g073150.1,0.301021,3.90823,0.0770223,5.94785e-51
12714,Solyc08g066635.1,dispersed,TE-like,Solyc03g044385.1,0.117277,0.145274,0.807278,0.653018
12715,Solyc08g066750.3,dispersed,gbM,Solyc02g092660.3,0.908246,4.23668,0.214377,7.07023e-15
12716,Solyc08g066780.2,dispersed,TE-like,Solyc08g067600.2,0.105339,0.202455,0.520307,0.097007
12717,Solyc08g066810.3,dispersed,TE-like,Solyc05g013810.3,0.158244,1.24309,0.127299,2.02569e-51
12718,Solyc08g066820.3,dispersed,TE-like,Solyc02g069750.2,0.737209,3.94842,0.18671,1.63682e-40
12719,Solyc08g067010.2,dispersed,TE-like,Solyc03g005550.3,0.116544,0.177531,0.656469,0.101213
12720,Solyc08g067040.3,dispersed,TE-like,Solyc01g094480.3,0.769961,4.11275,0.187213,4.11141e-37
12721,Solyc08g067060.2,dispersed,TE-like,Solyc03g118280.1,0.792626,4.68142,0.169313,1.41609e-43
12722,Solyc08g067130.2,dispersed,TE-like,Solyc05g026520.1,0.0175684,0.0170757,1.02886,0.996956
12723,Solyc08g067180.3,dispersed,TE-like,Solyc12g006590.2,0.327819,3.24115,0.101143,1.56161e-28
12724,Solyc08g067200.2,dispersed,TE-like,Solyc10g005130.3,0.555865,3.93198,0.14137,1.7035e-29
12725,Solyc08g067210.3,dispersed,TE-like,Solyc10g005130.3,0.696864,5.03228,0.138479,7.6246e-97
12726,Solyc08g067420.3,dispersed,TE-like,NA,NA,NA,NA,NA
12727,Solyc08g067425.1,dispersed,TE-like,Solyc03g119570.2,0.66891,3.6607,0.182728,3.7979e-15
12728,Solyc08g067460.1,dispersed,Unclassified,Solyc10g055640.2,0.0369145,0.216446,0.170549,1.94825e-06
12729,Solyc08g067470.3,dispersed,gbM,Solyc09g055240.1,0.292521,1.86123,0.157166,7.6892e-05
12730,Solyc08g067480.3,dispersed,Unclassified,Solyc07g040843.1,0.423265,2.6084,0.16227,1.34205e-08
12731,Solyc08g067650.1,dispersed,TE-like,Solyc04g063330.1,0.307854,2.43646,0.126353,4.38409e-06
12732,Solyc08g067710.1,dispersed,TE-like,Solyc06g066443.1,0.156655,0.246996,0.634239,0.0470668
12733,Solyc08g067910.3,dispersed,TE-like,Solyc07g054140.3,0.417175,3.97357,0.104987,6.43345e-61
12734,Solyc08g068050.3,dispersed,TE-like,Solyc03g113500.3,0.639243,4.21666,0.151599,4.32695e-27
12735,Solyc08g068130.1,dispersed,TE-like,Solyc02g062320.3,0.261915,1.53018,0.171167,1.27728e-15
12736,Solyc08g068150.3,dispersed,Unclassified,Solyc01g109495.1,0.681968,3.12248,0.218405,6.51138e-09
12737,Solyc08g068220.3,dispersed,Unclassified,Solyc11g071320.2,0.0630967,0.647527,0.0974427,1.5788e-16
12738,Solyc08g068280.1,dispersed,TE-like,Solyc10g084640.1,0.485348,3.73108,0.130082,9.0648e-21
12739,Solyc08g068380.3,dispersed,TE-like,Solyc02g070140.1,0.447387,1.0043,0.44547,0.00429369
12740,Solyc08g068420.3,dispersed,TE-like,Solyc09g005180.3,0.465973,4.44339,0.104869,4.29774e-66
12741,Solyc08g068980.1,dispersed,TE-like,Solyc09g059700.2,0.251177,0.825151,0.304402,7.68938e-06
12742,Solyc08g069000.3,dispersed,gbM,Solyc10g047820.1,0.12171,0.694048,0.175362,1.0463e-30
12743,Solyc08g069010.3,dispersed,TE-like,Solyc11g005940.2,0.832673,4.15806,0.200255,1.52067e-26
12744,Solyc08g069200.2,dispersed,NA,Solyc02g069455.1,0.0551377,0.103724,0.531579,0.146545
12745,Solyc08g074260.3,dispersed,TE-like,Solyc04g083140.2,0.286554,2.30891,0.124108,1.07323e-56
12746,Solyc08g074303.1,dispersed,TE-like,Solyc08g069200.2,0.0282363,0.0336297,0.839622,0.616943
12747,Solyc08g074335.1,dispersed,TE-like,Solyc05g043210.2,0.107595,0.123464,0.871473,0.700155
12748,Solyc08g074390.3,dispersed,TE-like,Solyc07g017730.3,0.323683,4.31153,0.075074,3.84473e-106
12749,Solyc08g074460.2,dispersed,gbM,Solyc11g011800.2,0.232202,0.308392,0.752947,0.121639
12750,Solyc08g074700.1,dispersed,TE-like,Solyc05g045920.1,0.222806,0.641702,0.34721,0.0320675
12751,Solyc08g074710.1,dispersed,TE-like,Solyc08g077590.1,0.199805,0.343941,0.580928,0.242706
12752,Solyc08g074780.3,dispersed,TE-like,Solyc07g032110.3,0.383129,4.1129,0.093153,5.37968e-58
12753,Solyc08g074870.2,dispersed,TE-like,Solyc08g080710.2,0.423417,3.82487,0.110701,1.19659e-30
12754,Solyc08g074970.1,dispersed,Unclassified,Solyc12g056050.1,0.50616,4.24892,0.119127,2.29551e-69
12755,Solyc08g075100.3,dispersed,Unclassified,Solyc01g008070.3,0.857096,4.16834,0.20562,3.98461e-16
12756,Solyc08g075140.1,dispersed,gbM,Solyc10g007810.3,0.754881,4.1824,0.18049,2.29364e-21
12757,Solyc08g075165.1,dispersed,TE-like,Solyc10g017510.3,0.357434,4.00495,0.089248,4.2767e-42
12758,Solyc08g075280.3,dispersed,TE-like,Solyc01g087710.2,0.516547,3.77301,0.136906,1.33355e-22
12759,Solyc08g075360.2,dispersed,gbM,Solyc07g008340.3,0.0306064,0.258977,0.118182,3.19169e-28
12760,Solyc08g075485.1,dispersed,TE-like,Solyc03g063765.1,0.236691,0.273376,0.865809,0.653033
12761,Solyc08g075500.3,dispersed,TE-like,Solyc07g042130.3,0.849979,4.31992,0.196758,3.11334e-17
12762,Solyc08g075680.3,dispersed,gbM,Solyc03g083060.3,0.905218,4.20873,0.215081,1.24267e-21
12763,Solyc08g075730.3,dispersed,TE-like,Solyc03g119420.3,0.0398183,0.271127,0.146862,1.79159e-11
12764,Solyc08g075790.3,dispersed,gbM,Solyc10g045380.2,0.281021,3.96426,0.0708885,8.55965e-70
12765,Solyc08g075820.3,dispersed,TE-like,NA,NA,NA,NA,NA
12766,Solyc08g075825.1,dispersed,TE-like,Solyc06g051190.2,0.847094,4.49084,0.188627,7.43678e-29
12767,Solyc08g075830.3,dispersed,TE-like,Solyc12g005785.1,0.0350284,0.0871194,0.402073,0.15373
12768,Solyc08g075850.3,dispersed,TE-like,Solyc07g063960.3,0.767056,3.40094,0.225542,2.79944e-15
12769,Solyc08g076140.3,dispersed,gbM,Solyc06g066310.3,0.0748197,0.845415,0.0885005,6.1655e-45
12770,Solyc08g076150.3,dispersed,gbM,Solyc12g096510.2,0.510944,4.35155,0.117417,2.07582e-56
12771,Solyc08g076200.3,dispersed,TE-like,Solyc12g044860.2,0.532042,4.20276,0.126594,6.59805e-42
12772,Solyc08g076330.2,dispersed,TE-like,Solyc11g017210.2,0.0184003,NA,NA,NA
12773,Solyc08g076560.1,dispersed,TE-like,NA,NA,NA,NA,NA
12774,Solyc08g076595.1,dispersed,TE-like,Solyc05g041810.1,0.0661572,0.0910004,0.726999,0.333748
12775,Solyc08g076740.3,dispersed,Unclassified,Solyc10g074823.1,0.277537,0.580401,0.478181,0.0342176
12776,Solyc08g076760.1,dispersed,TE-like,Solyc12g044737.1,0.403209,2.98357,0.135143,0.000711786
12777,Solyc08g076770.3,dispersed,Unclassified,Solyc10g074830.1,0.257488,0.281063,0.91612,1
12778,Solyc08g077010.1,dispersed,TE-like,Solyc01g080960.3,0.167479,3.67285,0.0455993,1.09851e-71
12779,Solyc08g077080.1,dispersed,Unclassified,Solyc07g043490.1,0.240332,1.40524,0.171025,1.71437e-46
12780,Solyc08g077160.2,dispersed,TE-like,Solyc02g011910.1,0.238479,0.172996,1.37852,0.620723
12781,Solyc08g077290.1,dispersed,Unmethylated,Solyc01g096700.3,0.738579,3.98693,0.18525,2.91626e-24
12782,Solyc08g077320.2,dispersed,TE-like,Solyc02g072010.2,0.60841,3.74224,0.162579,4.88959e-21
12783,Solyc08g077430.3,dispersed,TE-like,Solyc08g065980.3,0.420601,5.16507,0.0814317,3.36222e-188
12784,Solyc08g077823.1,dispersed,TE-like,Solyc11g006710.2,0.352866,4.07847,0.0865192,8.08484e-45
12785,Solyc08g077950.1,dispersed,Unmethylated,Solyc12g099350.1,0.0864695,0.119149,0.725728,0.229024
12786,Solyc08g078010.3,dispersed,gbM,Solyc01g008340.3,0.435567,3.64443,0.119516,1.52809e-30
12787,Solyc08g078060.3,dispersed,TE-like,Solyc05g052080.1,0.616892,3.28716,0.187667,7.89654e-09
12788,Solyc08g078080.2,dispersed,Unclassified,Solyc03g119120.3,0.551322,4.37663,0.125969,2.14627e-55
12789,Solyc08g078130.3,dispersed,Unclassified,Solyc01g066620.3,0.786318,3.94399,0.199372,2.86471e-17
12790,Solyc08g078190.1,dispersed,Unclassified,Solyc05g052040.1,0.501142,3.86275,0.129737,1.30572e-33
12791,Solyc08g078230.3,dispersed,TE-like,Solyc04g009970.3,0.52485,4.55001,0.115351,3.1316e-82
12792,Solyc08g078370.3,dispersed,gbM,Solyc09g064240.3,0.213179,1.11386,0.191386,1.34664e-31
12793,Solyc08g078430.3,dispersed,TE-like,Solyc07g064070.2,0.161001,0.935188,0.172159,9.06482e-29
12794,Solyc08g078600.3,dispersed,TE-like,Solyc02g085560.3,0.147417,0.282332,0.522141,1.41011e-06
12795,Solyc08g078630.3,dispersed,TE-like,Solyc09g065930.3,0.673905,3.43183,0.196369,4.64471e-17
12796,Solyc08g078640.2,dispersed,TE-like,Solyc12g008530.2,0.497506,4.00173,0.124323,6.74349e-34
12797,Solyc08g078753.1,dispersed,TE-like,Solyc01g006340.3,0.709978,3.53245,0.200987,1.95473e-21
12798,Solyc08g078790.1,dispersed,Unmethylated,Solyc06g034320.1,0.31827,2.58932,0.122916,3.22613e-09
12799,Solyc08g079010.1,dispersed,Unmethylated,Solyc06g076820.1,0.451843,1.99186,0.226844,8.8558e-12
12800,Solyc08g079180.3,dispersed,TE-like,Solyc12g062900.1,0.278211,0.382301,0.727729,0.136808
12801,Solyc08g079430.3,dispersed,TE-like,Solyc08g014330.3,0.866108,4.59375,0.188541,8.77191e-35
12802,Solyc08g079545.1,dispersed,Unclassified,Solyc03g007180.1,0.215755,4.51102,0.0478284,9.60438e-118
12803,Solyc08g079580.1,dispersed,Unclassified,Solyc08g082510.1,0.577957,3.21507,0.179765,1.50486e-09
12804,Solyc08g079620.3,dispersed,gbM,Solyc09g065790.1,0.73019,3.4521,0.21152,6.36146e-20
12805,Solyc08g079640.2,dispersed,Unmethylated,Solyc11g012570.2,0.249803,0.911397,0.274088,1.93322e-07
12806,Solyc08g079690.3,dispersed,Unclassified,Solyc08g007570.3,0.244139,1.45417,0.167889,1.83684e-07
12807,Solyc08g079750.3,dispersed,gbM,Solyc03g007070.3,0.272465,4.43602,0.0614211,4.88294e-83
12808,Solyc08g080020.1,dispersed,Unmethylated,Solyc11g007050.1,0.422711,2.73269,0.154687,9.38416e-13
12809,Solyc08g080150.1,dispersed,Unmethylated,Solyc03g006800.1,0.4413,4.02445,0.109655,2.01515e-40
12810,Solyc08g080510.3,dispersed,gbM,Solyc06g060150.3,0.666998,4.0362,0.165254,7.58111e-37
12811,Solyc08g080840.1,dispersed,TE-like,Solyc08g081020.1,0.225812,0.613754,0.367919,3.74955e-05
12812,Solyc08g080860.3,dispersed,Unclassified,Solyc06g059860.3,0.404764,1.96815,0.205657,5.40477e-10
12813,Solyc08g081000.3,dispersed,TE-like,Solyc06g008490.3,0.766493,4.47308,0.171357,8.66549e-42
12814,Solyc08g081020.1,dispersed,TE-like,Solyc07g061710.2,0.318134,1.62564,0.195698,5.77972e-12
12815,Solyc08g081030.1,dispersed,gbM,Solyc07g053270.3,0.820161,3.8648,0.212213,5.92488e-15
12816,Solyc08g081080.3,dispersed,gbM,Solyc10g045310.2,0.636868,3.88395,0.163974,1.50111e-21
12817,Solyc08g081090.1,dispersed,gbM,Solyc12g017380.2,0.466982,2.03389,0.229601,8.63638e-33
12818,Solyc08g081140.3,dispersed,TE-like,Solyc09g065100.2,0.865959,4.06704,0.212921,5.37906e-18
12819,Solyc08g081260.1,dispersed,TE-like,Solyc07g066180.2,0.598184,4.66356,0.128268,1.52806e-70
12820,Solyc08g081310.3,dispersed,gbM,Solyc04g079930.3,0.327776,1.54488,0.212169,1.07409e-17
12821,Solyc08g081330.3,dispersed,gbM,Solyc09g020140.3,0.957351,3.83179,0.249844,9.65919e-08
12822,Solyc08g081380.3,dispersed,Unclassified,Solyc02g089950.2,0.516472,4.40156,0.117339,4.42848e-54
12823,Solyc08g081410.3,dispersed,TE-like,Solyc02g075610.3,0.197618,0.335812,0.588478,0.00319869
12824,Solyc08g081530.3,dispersed,TE-like,Solyc09g009390.3,0.508889,2.72056,0.187053,4.80845e-30
12825,Solyc08g081560.1,dispersed,TE-like,Solyc12g035890.2,0.440097,0.61376,0.717051,0.289162
12826,Solyc08g081590.2,dispersed,Unclassified,Solyc09g007210.3,0.785922,4.16317,0.18878,2.05691e-19
12827,Solyc08g081600.1,dispersed,Unmethylated,Solyc09g090450.1,0.435511,3.64926,0.119342,7.68654e-26
12828,Solyc08g081720.3,dispersed,TE-like,Solyc08g066810.3,0.519625,4.29016,0.12112,1.56137e-62
12829,Solyc08g082050.2,dispersed,Unclassified,Solyc04g008510.3,0.267732,1.77173,0.151114,1.89062e-38
12830,Solyc08g082100.3,dispersed,gbM,Solyc03g120900.2,0.877992,3.88023,0.226273,2.9016e-20
12831,Solyc08g082350.3,dispersed,TE-like,Solyc04g055220.1,0.273859,0.954839,0.286812,1.28638e-11
12832,Solyc08g082450.3,dispersed,TE-like,Solyc03g083370.3,0.364109,4.08721,0.089085,1.00255e-53
12833,Solyc08g082480.3,dispersed,gbM,Solyc03g083350.3,0.297091,4.44344,0.0668605,9.70436e-77
12834,Solyc08g082550.1,dispersed,TE-like,Solyc10g052710.1,0.373226,2.06971,0.180328,1.67314e-08
12835,Solyc08g082730.3,dispersed,TE-like,Solyc08g005230.3,0.467974,3.95725,0.118257,2.23008e-30
12836,Solyc08g082850.3,dispersed,TE-like,Solyc11g069090.2,0.561256,4.45244,0.126056,7.51469e-77
12837,Solyc08g083155.1,dispersed,TE-like,Solyc07g043460.3,0.0572873,0.0949134,0.603574,0.423448
12838,Solyc08g083175.1,dispersed,TE-like,Solyc10g055425.1,0.0461,0.0332341,1.38713,0.955305
12839,Solyc08g083250.3,dispersed,NA,Solyc05g012260.3,0.419512,1.84134,0.22783,3.27106e-09
12840,Solyc08g083255.1,dispersed,TE-like,Solyc07g008560.3,0.133204,4.31888,0.0308422,1.95914e-112
12841,Solyc08g083350.3,dispersed,Unmethylated,Solyc02g082500.1,0.654848,2.1951,0.298323,1.65919e-07
12842,Solyc08g083450.2,dispersed,Unclassified,Solyc12g005170.2,0.182235,0.612215,0.297665,3.831e-16
12843,Solyc09g004991.1,dispersed,TE-like,Solyc12g005095.1,0.37478,0.48721,0.769239,0.10921
12844,Solyc09g005050.1,dispersed,TE-like,Solyc09g009310.1,0.253262,0.566282,0.447237,4.01866e-05
12845,Solyc09g005080.1,dispersed,gbM,Solyc10g076490.1,0.351989,2.68436,0.131126,3.99702e-55
12846,Solyc09g005110.3,dispersed,TE-like,Solyc10g076510.2,0.0663231,2.16564,0.0306251,6.33331e-110
12847,Solyc09g005180.3,dispersed,TE-like,Solyc10g079470.3,1.09148,4.38223,0.249069,9.008e-16
12848,Solyc09g005230.3,dispersed,gbM,Solyc10g008560.3,0.929921,4.28801,0.216865,2.94921e-13
12849,Solyc09g005270.3,dispersed,TE-like,Solyc06g082990.3,0.599072,3.9991,0.149802,3.2888e-41
12850,Solyc09g005280.3,dispersed,gbM,Solyc10g050325.1,0.202939,0.757628,0.267862,2.83963e-11
12851,Solyc09g005290.1,dispersed,gbM,Solyc08g076000.3,0.616102,4.7182,0.13058,3.47747e-93
12852,Solyc09g005320.3,dispersed,TE-like,Solyc02g092810.3,0.691907,3.29169,0.210198,3.31197e-15
12853,Solyc09g005340.3,dispersed,TE-like,Solyc04g076910.3,0.394064,3.55143,0.110959,6.61189e-48
12854,Solyc09g005450.1,dispersed,TE-like,Solyc03g033830.2,0.596575,3.66957,0.162573,3.04595e-17
12855,Solyc09g005460.2,dispersed,Unclassified,Solyc05g050980.3,0.336763,2.24391,0.150079,1.62609e-11
12856,Solyc09g005500.3,dispersed,TE-like,Solyc00g322635.1,0.345395,3.18967,0.108286,3.26712e-10
12857,Solyc09g005550.3,dispersed,TE-like,Solyc11g065660.2,0.236518,4.36993,0.0541239,1.74737e-97
12858,Solyc09g005560.3,dispersed,Unclassified,Solyc08g005900.3,0.471936,3.65876,0.128988,4.07299e-31
12859,Solyc09g005710.2,dispersed,gbM,Solyc04g009000.1,0.561327,4.15871,0.134976,2.56515e-52
12860,Solyc09g005790.1,dispersed,TE-like,Solyc09g090450.1,0.363977,3.47567,0.104721,1.06375e-43
12861,Solyc09g005870.1,dispersed,gbM,Solyc03g033990.1,0.0196369,0.20775,0.094522,5.13882e-13
12862,Solyc09g005890.3,dispersed,gbM,Solyc04g010220.3,0.50932,1.95669,0.260296,1.26418e-31
12863,Solyc09g007040.1,dispersed,TE-like,Solyc06g082880.2,0.648744,4.56769,0.142029,3.82576e-55
12864,Solyc09g007050.1,dispersed,TE-like,Solyc02g079380.2,0.6467,4.4372,0.145745,7.0875e-46
12865,Solyc09g007070.1,dispersed,TE-like,Solyc04g077110.3,0.375414,1.29656,0.289545,6.60132e-05
12866,Solyc09g007120.3,dispersed,TE-like,Solyc11g071540.2,0.0656711,0.221126,0.296985,2.71545e-12
12867,Solyc09g007190.3,dispersed,TE-like,Solyc02g064550.3,0.828717,4.54408,0.182373,3.27858e-09
12868,Solyc09g007210.3,dispersed,TE-like,Solyc07g065445.1,0.659964,4.03878,0.163407,5.61033e-23
12869,Solyc09g007220.1,dispersed,Unclassified,Solyc09g007343.1,0.332845,0.979767,0.339718,0.000241581
12870,Solyc09g007343.1,dispersed,TE-like,Solyc09g007220.1,0.332845,0.979767,0.339718,0.000241581
12871,Solyc09g007440.3,dispersed,TE-like,Solyc01g079330.3,0.664655,4.28438,0.155134,5.16443e-56
12872,Solyc09g007540.3,dispersed,TE-like,Solyc12g019110.2,0.532931,4.68161,0.113835,2.63771e-86
12873,Solyc09g007710.3,dispersed,TE-like,Solyc09g092410.3,0.57645,4.83172,0.119305,7.44068e-74
12874,Solyc09g008100.3,dispersed,TE-like,Solyc04g051450.3,0.807134,4.30744,0.187381,2.3695e-21
12875,Solyc09g008120.3,dispersed,TE-like,Solyc07g039550.3,0.485628,4.50344,0.107835,2.77477e-96
12876,Solyc09g008130.3,dispersed,TE-like,Solyc07g066600.3,0.865901,4.25257,0.203618,7.35293e-15
12877,Solyc09g008150.2,dispersed,TE-like,Solyc02g069170.2,0.744387,3.89727,0.191002,5.42216e-31
12878,Solyc09g008300.2,dispersed,gbM,Solyc06g076900.3,0.546541,4.34649,0.125743,1.44827e-43
12879,Solyc09g008650.3,dispersed,TE-like,Solyc01g091340.3,0.795216,3.70882,0.214412,1.23531e-15
12880,Solyc09g008700.2,dispersed,TE-like,Solyc07g065630.3,1.02655,4.85238,0.211557,2.89029e-52
12881,Solyc09g008860.3,dispersed,gbM,Solyc11g069960.2,0.540078,4.44257,0.121569,3.51663e-60
12882,Solyc09g008930.3,dispersed,gbM,Solyc11g007660.1,0.47048,4.39243,0.107112,3.60995e-43
12883,Solyc09g009140.3,dispersed,gbM,Solyc02g081460.3,0.899611,4.52807,0.198674,5.65459e-26
12884,Solyc09g009160.2,dispersed,TE-like,Solyc00g020540.2,0.518688,1.5982,0.324545,1.65824e-31
12885,Solyc09g009175.1,dispersed,Unclassified,Solyc08g006251.1,0.0778309,0.0672255,1.15776,0.838928
12886,Solyc09g009180.3,dispersed,TE-like,Solyc03g007610.3,0.212881,2.70066,0.0788257,1.62396e-98
12887,Solyc09g009230.2,dispersed,gbM,Solyc12g099300.1,0.677763,1.68027,0.403365,4.62232e-10
12888,Solyc09g009320.1,dispersed,TE-like,Solyc09g009880.3,0.71053,3.98213,0.17843,4.56044e-23
12889,Solyc09g009360.1,dispersed,TE-like,Solyc01g065770.2,0.0597192,0.114266,0.522634,0.0579805
12890,Solyc09g009390.3,dispersed,gbM,Solyc02g086710.3,0.38598,4.28656,0.0900442,4.2934e-56
12891,Solyc09g009400.3,dispersed,TE-like,Solyc08g080250.3,0.564162,4.17181,0.135232,1.65979e-40
12892,Solyc09g009410.3,dispersed,TE-like,Solyc09g074400.3,0.231617,0.624092,0.371126,1.71571e-08
12893,Solyc09g009440.2,dispersed,TE-like,Solyc11g006920.2,0.282838,2.86274,0.0987996,9.0582e-17
12894,Solyc09g009460.3,dispersed,TE-like,Solyc11g006920.2,0.260079,3.00499,0.0865492,5.29224e-24
12895,Solyc09g009740.1,dispersed,TE-like,Solyc08g006256.1,0.0811118,0.121183,0.669332,0.566402
12896,Solyc09g009743.1,dispersed,TE-like,Solyc03g006715.1,0.0884949,0.0790225,1.11987,0.725349
12897,Solyc09g009747.1,dispersed,TE-like,Solyc08g007716.1,0.163053,0.186907,0.872377,0.332683
12898,Solyc09g009790.3,dispersed,gbM,Solyc07g009220.2,0.541789,4.41253,0.122784,5.21906e-50
12899,Solyc09g009850.3,dispersed,TE-like,Solyc01g008760.3,0.0440959,0.21782,0.202442,2.72483e-07
12900,Solyc09g009880.3,dispersed,TE-like,Solyc09g009320.1,0.71053,3.98213,0.17843,4.56044e-23
12901,Solyc09g009900.3,dispersed,TE-like,Solyc10g081210.2,0.240723,1.34201,0.179375,1.79401e-09
12902,Solyc09g009940.3,dispersed,TE-like,Solyc01g091580.3,0.685737,4.14325,0.165507,1.82658e-25
12903,Solyc09g009950.3,dispersed,gbM,Solyc02g094480.3,0.56538,4.5245,0.12496,7.80207e-74
12904,Solyc09g009970.3,dispersed,TE-like,Solyc11g068520.2,0.301167,4.16791,0.0722586,1.21999e-61
12905,Solyc09g010070.1,dispersed,gbM,Solyc03g093630.2,0.481327,4.34142,0.110868,8.01281e-81
12906,Solyc09g010160.2,dispersed,TE-like,Solyc11g068620.2,0.259903,2.83833,0.091569,1.51971e-23
12907,Solyc09g010220.3,dispersed,TE-like,Solyc07g005190.3,0.32423,4.01257,0.0808036,3.1994e-56
12908,Solyc09g010280.3,dispersed,TE-like,Solyc06g066550.3,0.737983,4.62186,0.159672,5.38365e-44
12909,Solyc09g010285.1,dispersed,TE-like,Solyc03g033520.2,0.850918,4.33995,0.196066,3.21407e-36
12910,Solyc09g010310.1,dispersed,TE-like,Solyc09g009330.1,0.189344,0.240973,0.78575,0.296547
12911,Solyc09g010330.3,dispersed,TE-like,Solyc07g008720.4,0.0203672,0.189323,0.107579,1.40051e-07
12912,Solyc09g010340.2,dispersed,TE-like,Solyc07g009110.2,0.593672,1.42065,0.417887,4.53395e-05
12913,Solyc09g010360.3,dispersed,TE-like,Solyc10g080990.2,0.410811,4.10729,0.10002,2.3633e-51
12914,Solyc09g010400.3,dispersed,Unmethylated,Solyc11g073250.2,0.0567804,3.40107,0.0166949,4.05418e-57
12915,Solyc09g010550.3,dispersed,Unclassified,Solyc04g015710.3,0.564336,3.4505,0.163552,3.00712e-13
12916,Solyc09g010590.1,dispersed,TE-like,Solyc10g079180.2,0.127175,0.315807,0.402699,0.00135644
12917,Solyc09g010620.1,dispersed,TE-like,Solyc02g021360.3,0.743411,3.31145,0.224497,3.35184e-21
12918,Solyc09g010670.3,dispersed,TE-like,Solyc10g078430.2,0.412315,3.86951,0.106555,1.07249e-41
12919,Solyc09g010740.3,dispersed,Unclassified,Solyc09g082085.1,0.538951,1.80234,0.299028,5.18577e-06
12920,Solyc09g010810.3,dispersed,TE-like,Solyc03g025470.3,0.628642,4.49634,0.139812,3.27569e-41
12921,Solyc09g010820.3,dispersed,TE-like,Solyc11g071300.2,0.543194,4.25087,0.127784,1.75689e-82
12922,Solyc09g011150.1,dispersed,TE-like,Solyc02g011873.1,0.208073,0.233055,0.892805,0.800637
12923,Solyc09g011160.3,dispersed,gbM,Solyc05g052950.3,0.264343,2.46824,0.107098,1.32971e-48
12924,Solyc09g011410.3,dispersed,TE-like,Solyc12g056340.2,0.77883,3.79873,0.205024,3.00687e-20
12925,Solyc09g011470.3,dispersed,Unclassified,Solyc06g076470.3,0.580005,3.28131,0.17676,1.00538e-12
12926,Solyc09g011760.3,dispersed,gbM,Solyc06g005840.3,0.194127,2.78391,0.0697317,0
12927,Solyc09g011850.3,dispersed,gbM,Solyc05g012100.3,0.445642,4.06728,0.109568,1.6465e-46
12928,Solyc09g011930.3,dispersed,TE-like,Solyc11g040180.2,0.0131118,0.210905,0.062169,3.80291e-21
12929,Solyc09g011935.1,dispersed,TE-like,Solyc10g051277.1,0.126091,0.182693,0.690181,0.192194
12930,Solyc09g011937.1,dispersed,TE-like,Solyc07g018405.1,0.0927078,0.142595,0.650146,0.0474344
12931,Solyc09g012025.1,dispersed,TE-like,Solyc11g011540.2,0.243279,0.529381,0.459553,0.000357841
12932,Solyc09g012040.1,dispersed,Unclassified,Solyc01g016590.1,0.227466,0.712465,0.319267,0.0112348
12933,Solyc09g012050.1,dispersed,gbM,Solyc09g005660.3,0.15814,0.408149,0.387456,5.00741e-05
12934,Solyc09g012075.1,dispersed,TE-like,NA,NA,NA,NA,NA
12935,Solyc09g013100.3,dispersed,TE-like,Solyc09g015473.1,0.0254211,0.0762266,0.333493,0.0335803
12936,Solyc09g014210.2,dispersed,gbM,Solyc09g010450.1,0.791165,4.54131,0.174215,7.41349e-30
12937,Solyc09g014270.1,dispersed,TE-like,Solyc09g063050.2,0.0688078,0.0682486,1.00819,0.911435
12938,Solyc09g014310.3,dispersed,TE-like,Solyc01g099150.4,0.248337,2.39126,0.103852,7.71814e-38
12939,Solyc09g014340.2,dispersed,TE-like,Solyc08g044370.2,0.183702,0.258784,0.709868,0.134227
12940,Solyc09g014350.3,dispersed,TE-like,Solyc02g087500.2,0.3668,4.3009,0.0852844,6.73045e-91
12941,Solyc09g014360.2,dispersed,TE-like,Solyc07g043470.2,0.256074,0.239236,1.07038,0.780405
12942,Solyc09g014440.3,dispersed,TE-like,Solyc02g078550.3,0.422959,4.67956,0.0903844,1.87455e-110
12943,Solyc09g014595.1,dispersed,TE-like,Solyc09g014860.3,0.431637,1.39865,0.308611,0.0001209
12944,Solyc09g014750.1,dispersed,Unclassified,Solyc06g048840.3,0.273702,3.10611,0.0881173,3.59321e-19
12945,Solyc09g014837.1,dispersed,TE-like,Solyc10g055425.1,0.224421,0.635622,0.353072,6.32939e-06
12946,Solyc09g014870.1,dispersed,Unclassified,Solyc08g006250.1,0.374536,3.33004,0.112472,5.98346e-22
12947,Solyc09g014900.3,dispersed,Unclassified,Solyc06g076160.3,0.407867,3.58017,0.113924,1.46787e-24
12948,Solyc09g014977.1,dispersed,TE-like,Solyc10g009055.1,0.0380067,0.0884545,0.429676,0.0105539
12949,Solyc09g014980.3,dispersed,TE-like,Solyc02g076840.3,0.785539,4.94037,0.159004,2.94349e-83
12950,Solyc09g015060.1,dispersed,Unclassified,Solyc12g042510.1,0.574819,3.69395,0.155611,1.15035e-13
12951,Solyc09g015140.2,dispersed,TE-like,Solyc02g005070.2,0.0830488,0.114144,0.727579,0.318369
12952,Solyc09g015150.1,dispersed,TE-like,Solyc03g118230.2,0.572628,3.18287,0.179909,4.05555e-11
12953,Solyc09g015255.1,dispersed,TE-like,Solyc09g059914.1,0.406933,3.09415,0.131517,5.004e-13
12954,Solyc09g015260.1,dispersed,TE-like,Solyc11g021110.2,0.151784,0.122124,1.24287,0.594426
12955,Solyc09g015390.1,dispersed,TE-like,Solyc05g026520.1,0.082994,0.103993,0.79807,0.284714
12956,Solyc09g015470.3,dispersed,TE-like,NA,NA,NA,NA,NA
12957,Solyc09g015473.1,dispersed,TE-like,Solyc09g013100.3,0.0254211,0.0762266,0.333493,0.0335803
12958,Solyc09g015475.1,dispersed,Unmethylated,NA,NA,NA,NA,NA
12959,Solyc09g015480.1,dispersed,TE-like,Solyc10g018990.2,0.0803578,0.469024,0.17133,0.0118168
12960,Solyc09g015550.1,dispersed,TE-like,Solyc10g018370.1,0.0820171,0.990174,0.082831,1.05495e-28
12961,Solyc09g015590.1,dispersed,TE-like,Solyc09g018000.1,0.160292,0.18362,0.872956,0.70982
12962,Solyc09g015740.2,dispersed,TE-like,Solyc12g014000.2,0.0853277,0.190058,0.448957,0.00708489
12963,Solyc09g015810.2,dispersed,TE-like,Solyc04g049020.2,0.152047,0.362075,0.419931,0.000701337
12964,Solyc09g015850.3,dispersed,TE-like,Solyc05g045910.1,0.405131,0.676837,0.598564,0.0942446
12965,Solyc09g015900.1,dispersed,TE-like,Solyc11g056420.1,0.0188199,0.0396597,0.474536,0.274913
12966,Solyc09g015910.1,dispersed,NA,Solyc11g056430.1,0.0106233,0.0191594,0.554468,0.441966
12967,Solyc09g015930.3,dispersed,TE-like,Solyc07g044760.3,0.721469,4.31698,0.167124,3.8802e-67
12968,Solyc09g016930.1,dispersed,TE-like,Solyc12g038080.1,0.190241,0.187637,1.01388,0.828126
12969,Solyc09g018000.1,dispersed,TE-like,Solyc09g015590.1,0.160292,0.18362,0.872956,0.70982
12970,Solyc09g018160.3,dispersed,TE-like,Solyc06g082480.3,0.527623,4.59141,0.114915,8.89504e-100
12971,Solyc09g018170.3,dispersed,gbM,Solyc09g076000.3,0.435724,4.338,0.100444,1.01626e-76
12972,Solyc09g018210.1,dispersed,TE-like,Solyc07g042600.2,0.189597,1.17189,0.161788,2.33165e-07
12973,Solyc09g018250.2,dispersed,TE-like,Solyc03g005750.3,0.0416315,0.157372,0.264542,0.0016504
12974,Solyc09g018480.1,dispersed,TE-like,Solyc12g038120.2,0.143407,0.294635,0.486729,0.0796498
12975,Solyc09g018500.2,dispersed,Unclassified,Solyc06g050840.3,0.395585,3.47538,0.113825,6.68807e-18
12976,Solyc09g018510.3,dispersed,Unclassified,Solyc03g071720.3,0.655859,4.0605,0.161522,6.34358e-21
12977,Solyc09g018590.1,dispersed,TE-like,Solyc06g082420.3,0.262426,3.71825,0.0705779,7.14151e-51
12978,Solyc09g018600.1,dispersed,TE-like,Solyc00g072400.3,0.129154,1.64608,0.0784611,1.3781e-29
12979,Solyc09g018695.1,dispersed,TE-like,Solyc09g031685.1,0.452278,3.50978,0.128862,9.73573e-33
12980,Solyc09g018790.3,dispersed,TE-like,Solyc03g118640.3,0.916973,2.4024,0.38169,4.67444e-06
12981,Solyc09g018800.2,dispersed,TE-like,Solyc01g017300.1,0.135667,0.118173,1.14804,0.827011
12982,Solyc09g018803.1,dispersed,TE-like,Solyc08g062653.1,0.118796,0.743814,0.159712,1.49861e-06
12983,Solyc09g018900.2,dispersed,TE-like,Solyc06g082830.3,0.239424,1.23921,0.193208,6.21312e-06
12984,Solyc09g018920.2,dispersed,TE-like,Solyc11g068835.1,0.0460193,0.065631,0.701182,0.401633
12985,Solyc09g020000.3,dispersed,TE-like,Solyc08g013980.3,0.43171,1.84063,0.234545,2.17778e-13
12986,Solyc09g020060.2,dispersed,TE-like,Solyc10g048155.1,0.0411677,0.143069,0.287747,0.000544922
12987,Solyc09g020120.1,dispersed,TE-like,Solyc01g110070.2,0.591276,3.1799,0.185941,6.7138e-14
12988,Solyc09g020130.3,dispersed,Unclassified,Solyc06g082870.3,0.0419571,0.458342,0.0915411,1.93e-26
12989,Solyc09g020140.3,dispersed,TE-like,Solyc08g081330.3,0.957351,3.83179,0.249844,9.65919e-08
12990,Solyc09g020153.1,dispersed,TE-like,Solyc06g008150.3,0.756165,4.22954,0.178782,9.31911e-39
12991,Solyc09g020155.1,dispersed,TE-like,Solyc00g026905.1,0.0225687,0.0172936,1.30503,0.750949
12992,Solyc09g031547.1,dispersed,TE-like,Solyc10g052770.1,0.434669,2.04563,0.212487,1.48749e-08
12993,Solyc09g031550.2,dispersed,TE-like,Solyc00g014830.3,0.187783,0.134893,1.39209,0.529257
12994,Solyc09g031565.1,dispersed,TE-like,Solyc00g014830.3,0.15919,0.196037,0.812043,0.556435
12995,Solyc09g031610.3,dispersed,TE-like,Solyc02g014460.3,0.941833,4.1078,0.229279,2.01122e-29
12996,Solyc09g031685.1,dispersed,TE-like,Solyc01g057773.1,0.637878,3.1783,0.200698,7.01492e-11
12997,Solyc09g031710.1,dispersed,TE-like,Solyc04g040030.2,0.199216,0.295304,0.674613,0.395893
12998,Solyc09g031730.1,dispersed,TE-like,Solyc07g008990.1,0.153591,0.190578,0.80592,0.623684
12999,Solyc09g031810.2,dispersed,TE-like,Solyc07g025240.2,0.416296,1.29894,0.320488,1.46848e-05
13000,Solyc09g031820.1,dispersed,TE-like,Solyc02g078420.2,0.0998372,0.164316,0.607593,0.254815
13001,Solyc09g031830.1,dispersed,TE-like,Solyc04g024540.1,0.22387,0.299999,0.746237,0.56222
13002,Solyc09g031840.1,dispersed,TE-like,Solyc05g047670.1,0.248188,0.436492,0.568597,0.0793091
13003,Solyc09g031850.1,dispersed,TE-like,Solyc10g019000.2,0.0826456,0.336367,0.245701,0.000202848
13004,Solyc09g031870.3,dispersed,TE-like,Solyc07g014650.3,0.350212,0.470106,0.744963,0.224537
13005,Solyc09g031970.3,dispersed,TE-like,Solyc05g012510.3,0.288445,4.7096,0.0612462,1.50866e-164
13006,Solyc09g037010.2,dispersed,TE-like,Solyc01g106770.3,0.329194,0.967415,0.340282,2.75197e-06
13007,Solyc09g037087.1,dispersed,TE-like,Solyc05g026510.3,0.61579,2.46542,0.249771,0.00360348
13008,Solyc09g037125.1,dispersed,TE-like,Solyc09g037030.1,0.259193,0.291979,0.88771,0.766202
13009,Solyc09g037133.1,dispersed,TE-like,Solyc02g043815.1,0.225485,0.392675,0.574228,0.0096693
13010,Solyc09g037137.1,dispersed,TE-like,Solyc10g009055.1,0.16578,0.432031,0.383722,1.8233e-07
13011,Solyc09g042250.1,dispersed,Unclassified,Solyc01g108410.2,0.738814,4.15044,0.178009,3.48479e-42
13012,Solyc09g042267.1,dispersed,TE-like,Solyc04g076153.1,0.019849,0.0324301,0.612054,0.461274
13013,Solyc09g042335.1,dispersed,TE-like,Solyc03g118610.3,0.185623,0.196733,0.94353,0.876103
13014,Solyc09g042675.1,dispersed,TE-like,Solyc02g024075.1,0.45257,0.877815,0.515565,0.084027
13015,Solyc09g042700.3,dispersed,TE-like,Solyc10g085430.2,0.278394,0.637056,0.437001,0.000159067
13016,Solyc09g042720.1,dispersed,TE-like,Solyc03g119950.1,0.0554355,0.1149,0.482469,0.178708
13017,Solyc09g042722.1,dispersed,TE-like,Solyc07g032794.1,0.103108,0.276032,0.373536,0.171822
13018,Solyc09g047855.1,dispersed,TE-like,Solyc04g039675.1,0.530337,3.46382,0.153108,4.15827e-17
13019,Solyc09g047860.1,dispersed,TE-like,Solyc10g055540.2,0.0255658,0.0496348,0.515079,0.224029
13020,Solyc09g047900.2,dispersed,TE-like,Solyc06g068220.3,0.830092,4.09864,0.202529,4.54782e-15
13021,Solyc09g047930.1,dispersed,Unmethylated,Solyc05g052990.3,0.453483,3.61327,0.125505,5.16236e-31
13022,Solyc09g047933.1,dispersed,TE-like,Solyc05g040055.1,0.257517,0.772648,0.333291,0.00163931
13023,Solyc09g047937.1,dispersed,TE-like,Solyc10g051273.1,0.0129845,0.020557,0.631637,0.423211
13024,Solyc09g050030.1,dispersed,gbM,Solyc04g079380.1,0.225181,1.69236,0.133057,4.02202e-07
13025,Solyc09g050040.1,dispersed,TE-like,Solyc01g049950.1,0.179943,0.537781,0.334603,0.0948454
13026,Solyc09g050050.1,dispersed,TE-like,Solyc11g056500.2,0.0392517,0.031067,1.26345,0.628891
13027,Solyc09g055240.1,dispersed,TE-like,Solyc08g067470.3,0.292521,1.86123,0.157166,7.6892e-05
13028,Solyc09g055425.1,dispersed,TE-like,Solyc01g014725.1,0.0143893,NA,NA,NA
13029,Solyc09g055460.2,dispersed,TE-like,Solyc02g069840.3,0.389113,0.810495,0.480093,0.021724
13030,Solyc09g055547.1,dispersed,TE-like,Solyc10g009055.1,0.123781,0.265728,0.465817,5.6938e-06
13031,Solyc09g055700.3,dispersed,TE-like,Solyc05g009290.3,0.728862,3.87122,0.188277,2.09059e-14
13032,Solyc09g055715.1,dispersed,TE-like,Solyc09g059477.1,0.108698,0.145425,0.747453,0.222671
13033,Solyc09g055765.1,dispersed,Unmethylated,Solyc12g042010.1,0.0156716,0.0475585,0.329522,0.161492
13034,Solyc09g055810.1,dispersed,TE-like,Solyc02g021380.1,0.17357,0.176709,0.982239,0.999995
13035,Solyc09g055820.1,dispersed,TE-like,Solyc11g051000.1,0.544475,0.837974,0.649751,0.11656
13036,Solyc09g055840.1,dispersed,TE-like,Solyc01g035220.1,0.0257616,0.109014,0.236314,0.0454597
13037,Solyc09g055900.3,dispersed,Unclassified,Solyc09g075860.3,0.399382,4.38578,0.0910631,2.31974e-62
13038,Solyc09g055940.3,dispersed,Unclassified,Solyc12g005410.2,0.831191,2.25516,0.368573,4.7637e-11
13039,Solyc09g055950.1,dispersed,TE-like,Solyc05g021190.2,0.285386,0.375641,0.75973,0.473934
13040,Solyc09g055990.2,dispersed,TE-like,Solyc02g037595.1,0.296033,0.682287,0.433883,0.0018061
13041,Solyc09g056017.1,dispersed,TE-like,Solyc07g062250.3,0.122876,0.153901,0.798407,0.698438
13042,Solyc09g056060.1,dispersed,TE-like,Solyc09g057800.1,0.0885539,0.113164,0.782529,0.55556
13043,Solyc09g056070.1,dispersed,TE-like,Solyc11g056270.2,0.166485,0.28296,0.58837,0.00871335
13044,Solyc09g056080.1,dispersed,TE-like,Solyc09g057830.1,0.114803,0.193503,0.593288,0.267801
13045,Solyc09g056090.1,dispersed,TE-like,Solyc11g045440.1,0.166097,0.13847,1.19951,0.593399
13046,Solyc09g056110.1,dispersed,TE-like,Solyc11g030850.1,0.221691,0.270035,0.82097,0.512666
13047,Solyc09g056135.1,dispersed,TE-like,Solyc09g057940.2,0.0377142,0.0941399,0.400619,0.0788055
13048,Solyc09g056180.3,dispersed,TE-like,Solyc06g075513.1,0.223916,0.171096,1.30871,0.463869
13049,Solyc09g056185.1,dispersed,TE-like,Solyc08g061323.1,0.0286085,0.107334,0.266538,2.69552e-05
13050,Solyc09g056225.1,dispersed,TE-like,Solyc12g041960.2,0.0734644,0.353022,0.208101,3.05267e-08
13051,Solyc09g056230.2,dispersed,TE-like,Solyc12g041960.2,0.0670292,0.16097,0.416407,0.0264099
13052,Solyc09g056260.3,dispersed,TE-like,Solyc04g082070.3,0.971158,4.16557,0.233139,3.86759e-25
13053,Solyc09g056270.2,dispersed,Unclassified,Solyc11g012850.2,0.34156,0.638946,0.534567,0.194099
13054,Solyc09g056290.2,dispersed,TE-like,Solyc11g063540.1,0.12733,0.158067,0.805546,0.662277
13055,Solyc09g056310.1,dispersed,TE-like,Solyc09g057830.1,0.202059,0.442263,0.456876,0.0584869
13056,Solyc09g056395.1,dispersed,TE-like,Solyc08g065417.1,0.548271,1.04246,0.525942,0.0690969
13057,Solyc09g056410.2,dispersed,TE-like,Solyc05g018220.2,0.465535,2.61284,0.178172,2.218e-07
13058,Solyc09g056455.1,dispersed,TE-like,Solyc08g016586.1,0.109373,0.227224,0.481347,0.00101963
13059,Solyc09g057524.1,dispersed,TE-like,Solyc08g062510.3,0.113727,0.192905,0.589548,0.100883
13060,Solyc09g057528.1,dispersed,TE-like,Solyc08g062515.1,0.0370023,0.0797813,0.463796,0.111097
13061,Solyc09g057550.1,dispersed,TE-like,Solyc05g015035.1,0.186187,0.928374,0.200552,0.00297797
13062,Solyc09g057587.1,dispersed,TE-like,Solyc04g018063.1,0.267891,0.257859,1.03891,0.522395
13063,Solyc09g057633.1,dispersed,TE-like,Solyc05g016075.1,0.0957019,0.0958175,0.998793,0.999998
13064,Solyc09g057637.1,dispersed,TE-like,Solyc04g026057.1,0.112704,0.15321,0.735621,0.438806
13065,Solyc09g057767.1,dispersed,TE-like,Solyc01g103810.1,0.106078,0.190728,0.556174,0.445141
13066,Solyc09g057790.3,dispersed,TE-like,Solyc11g040110.2,0.0782283,0.0775664,1.00853,0.999878
13067,Solyc09g057800.1,dispersed,TE-like,Solyc09g056060.1,0.0885539,0.113164,0.782529,0.55556
13068,Solyc09g057810.1,dispersed,TE-like,Solyc09g056070.1,0.0550294,0.0973806,0.565096,0.334251
13069,Solyc09g057820.1,dispersed,TE-like,Solyc11g056270.2,0.217599,0.322072,0.675623,0.206107
13070,Solyc09g057830.1,dispersed,TE-like,Solyc09g056080.1,0.114803,0.193503,0.593288,0.267801
13071,Solyc09g057840.1,dispersed,TE-like,Solyc11g056260.1,0.205882,0.295643,0.696388,0.359983
13072,Solyc09g057845.1,dispersed,TE-like,Solyc03g063470.1,0.267212,0.551497,0.484521,0.0323182
13073,Solyc09g057850.1,dispersed,TE-like,Solyc09g005160.2,0.226132,0.360211,0.627778,0.161425
13074,Solyc09g057940.2,dispersed,TE-like,Solyc09g056135.1,0.0377142,0.0941399,0.400619,0.0788055
13075,Solyc09g057950.3,dispersed,gbM,Solyc10g080710.2,0.472327,4.44553,0.106248,3.18441e-54
13076,Solyc09g058973.1,dispersed,TE-like,Solyc02g026085.1,0.267286,0.44874,0.595637,0.15268
13077,Solyc09g058975.1,dispersed,TE-like,Solyc06g051835.1,0.479442,3.9892,0.120185,1.84305e-08
13078,Solyc09g058992.1,dispersed,TE-like,Solyc10g018370.1,0.0405836,0.366133,0.110844,1.32668e-08
13079,Solyc09g058994.1,dispersed,TE-like,Solyc05g015035.1,0.0544883,0.0305561,1.78322,0.858599
13080,Solyc09g058996.1,dispersed,TE-like,Solyc05g015030.2,0.0514201,0.0299858,1.71481,0.451217
13081,Solyc09g059090.1,dispersed,TE-like,Solyc04g026040.1,0.439159,1.4334,0.306376,0.00153255
13082,Solyc09g059103.1,dispersed,TE-like,Solyc04g071363.1,0.114307,0.13156,0.868861,0.73588
13083,Solyc09g059140.1,dispersed,TE-like,Solyc08g075640.3,0.314233,0.863442,0.363931,5.5775e-05
13084,Solyc09g059150.1,dispersed,Unclassified,Solyc09g059583.1,0.496294,3.56249,0.139311,2.8468e-19
13085,Solyc09g059170.2,dispersed,Unclassified,Solyc10g008860.1,0.515204,4.18876,0.122997,2.53168e-41
13086,Solyc09g059220.1,dispersed,TE-like,Solyc05g046390.3,0.210428,0.545799,0.385542,0.0371095
13087,Solyc09g059450.3,dispersed,TE-like,Solyc06g007870.3,0.364177,0.746837,0.487626,0.0010787
13088,Solyc09g059460.3,dispersed,Unclassified,Solyc03g096800.3,0.808999,3.7197,0.21749,2.25241e-18
13089,Solyc09g059477.1,dispersed,TE-like,Solyc08g063093.1,0.175446,0.315136,0.556732,0.00076604
13090,Solyc09g059580.2,dispersed,Unclassified,Solyc02g079380.2,0.553481,4.51559,0.122571,8.9494e-69
13091,Solyc09g059583.1,dispersed,TE-like,Solyc11g062160.1,0.486704,3.4877,0.139549,1.99831e-15
13092,Solyc09g059610.3,dispersed,TE-like,Solyc09g097760.3,0.300468,0.668487,0.449474,0.00129855
13093,Solyc09g059675.1,dispersed,gbM,Solyc04g007450.3,0.240435,0.966451,0.248781,3.30708e-10
13094,Solyc09g059690.1,dispersed,TE-like,Solyc08g048470.2,0.0442622,0.0252175,1.75521,0.704527
13095,Solyc09g059700.2,dispersed,TE-like,Solyc12g062875.1,0.0856,0.110333,0.77583,0.166025
13096,Solyc09g059805.1,dispersed,TE-like,Solyc12g094560.1,0.216717,0.795791,0.27233,5.32726e-06
13097,Solyc09g059813.1,dispersed,TE-like,Solyc12g094560.1,0.492162,0.650747,0.756303,0.350429
13098,Solyc09g059817.1,dispersed,TE-like,Solyc12g094560.1,0.145071,0.198495,0.730854,0.442547
13099,Solyc09g059830.2,dispersed,TE-like,Solyc08g076000.3,0.250876,0.738937,0.339509,8.03497e-15
13100,Solyc09g059840.1,dispersed,TE-like,Solyc08g075630.3,0.395274,0.405902,0.973816,0.913535
13101,Solyc09g059860.1,dispersed,TE-like,Solyc09g061260.1,0.139976,0.176521,0.792967,0.625455
13102,Solyc09g059914.1,dispersed,TE-like,Solyc09g015255.1,0.406933,3.09415,0.131517,5.004e-13
13103,Solyc09g059980.2,dispersed,TE-like,Solyc10g049370.2,0.244974,0.800531,0.306014,3.87377e-06
13104,Solyc09g060023.1,dispersed,TE-like,Solyc02g065240.3,0.109093,0.194539,0.560778,0.162291
13105,Solyc09g060040.1,dispersed,TE-like,Solyc07g042790.2,0.0474274,0.0868964,0.545792,0.291695
13106,Solyc09g060050.2,dispersed,TE-like,Solyc07g042790.2,0.0852868,0.0936884,0.910324,0.711883
13107,Solyc09g060150.2,dispersed,TE-like,Solyc08g062510.3,0.0404335,0.135022,0.299457,0.000558658
13108,Solyc09g060160.2,dispersed,TE-like,Solyc08g062510.3,0.078564,0.41765,0.18811,0.000897784
13109,Solyc09g060180.2,dispersed,TE-like,Solyc08g062540.1,0.105293,0.27247,0.38644,0.0471438
13110,Solyc09g060187.1,dispersed,TE-like,Solyc07g042035.1,0.242201,0.379662,0.637937,0.076452
13111,Solyc09g061220.1,dispersed,TE-like,Solyc10g074410.1,0.232091,0.441768,0.525369,0.0460064
13112,Solyc09g061320.3,dispersed,Unclassified,Solyc08g021960.3,0.763647,4.14398,0.184279,9.53998e-17
13113,Solyc09g061340.1,dispersed,Unclassified,Solyc01g100790.1,0.646822,4.48068,0.144358,9.8561e-51
13114,Solyc09g061360.1,dispersed,TE-like,Solyc06g054210.1,0.0714516,0.102665,0.695972,0.4312
13115,Solyc09g061395.1,dispersed,TE-like,Solyc09g011937.1,0.154322,0.311963,0.494681,0.0381015
13116,Solyc09g061490.1,dispersed,TE-like,Solyc06g054210.1,0.0478377,0.110824,0.431653,0.0813259
13117,Solyc09g061530.1,dispersed,TE-like,Solyc05g021400.1,0.354893,0.561752,0.631761,0.151054
13118,Solyc09g061660.2,dispersed,TE-like,Solyc06g035455.1,0.0290245,0.0964791,0.300837,0.0161198
13119,Solyc09g061850.1,dispersed,TE-like,Solyc03g044690.1,0.550912,3.36865,0.163541,5.45411e-25
13120,Solyc09g061900.1,dispersed,TE-like,Solyc11g021010.1,0.0745958,0.082388,0.90542,0.817922
13121,Solyc09g061910.2,dispersed,TE-like,Solyc08g062170.1,0.394161,1.03371,0.381309,0.000133957
13122,Solyc09g061950.1,dispersed,TE-like,Solyc02g032000.1,0.158085,0.473882,0.333596,0.00157807
13123,Solyc09g062990.1,dispersed,TE-like,Solyc02g094753.1,0.617868,2.05808,0.300216,2.93571e-07
13124,Solyc09g063040.1,dispersed,TE-like,Solyc05g043420.1,0.116742,0.213746,0.546169,0.0236026
13125,Solyc09g063050.2,dispersed,TE-like,Solyc09g014270.1,0.0688078,0.0682486,1.00819,0.911435
13126,Solyc09g063153.1,dispersed,TE-like,Solyc03g063161.1,0.0580421,0.0925099,0.627415,0.489601
13127,Solyc09g063157.1,dispersed,TE-like,Solyc04g051397.1,0.0825567,0.24502,0.336939,4.00307e-05
13128,Solyc09g064240.3,dispersed,TE-like,Solyc08g078370.3,0.213179,1.11386,0.191386,1.34664e-31
13129,Solyc09g064270.3,dispersed,TE-like,Solyc05g024290.3,0.550035,4.15057,0.13252,1.06131e-50
13130,Solyc09g064277.1,dispersed,TE-like,Solyc06g075680.1,0.0283487,0.0370401,0.76535,0.522375
13131,Solyc09g064300.1,dispersed,TE-like,Solyc01g110090.1,0.0738946,0.243528,0.303434,0.00271759
13132,Solyc09g064365.1,dispersed,TE-like,Solyc12g062223.1,0.0736523,0.10397,0.7084,0.282888
13133,Solyc09g064420.3,dispersed,gbM,Solyc03g080170.3,0.541786,3.37593,0.160485,1.22809e-16
13134,Solyc09g064430.3,dispersed,TE-like,Solyc07g054860.1,0.352949,4.34474,0.081236,6.10842e-80
13135,Solyc09g064510.3,dispersed,gbM,Solyc04g050190.3,0.308407,4.19305,0.073552,1.74859e-67
13136,Solyc09g064540.3,dispersed,TE-like,Solyc05g055910.3,0.300692,4.34225,0.069248,9.33237e-92
13137,Solyc09g064555.1,dispersed,TE-like,Solyc11g065845.1,0.0245915,0.0516375,0.476235,0.197189
13138,Solyc09g064590.3,dispersed,TE-like,Solyc02g071240.3,0.638861,4.54666,0.140512,2.83991e-51
13139,Solyc09g064600.3,dispersed,Unclassified,Solyc08g075630.3,0.365947,0.662066,0.552735,0.0330866
13140,Solyc09g064610.3,dispersed,TE-like,Solyc08g076000.3,0.153824,0.504768,0.304743,8.49525e-17
13141,Solyc09g064620.2,dispersed,TE-like,Solyc05g006347.1,0.013729,0.087491,0.156919,0.0135159
13142,Solyc09g064660.3,dispersed,Unclassified,Solyc06g084310.3,0.18809,0.303547,0.61964,0.188342
13143,Solyc09g064680.2,dispersed,Unclassified,Solyc09g098130.2,0.290934,0.462664,0.628823,0.000429536
13144,Solyc09g064690.1,dispersed,TE-like,Solyc09g098130.2,0.211284,0.442904,0.477042,4.21294e-07
13145,Solyc09g064770.1,dispersed,TE-like,Solyc12g088620.1,0.485654,1.56215,0.310889,0.00216277
13146,Solyc09g064775.1,dispersed,TE-like,Solyc10g080397.1,0.247326,0.708571,0.349049,0.0052859
13147,Solyc09g064800.2,dispersed,gbM,Solyc07g014590.3,0.639192,4.50922,0.141752,6.50619e-66
13148,Solyc09g064970.1,dispersed,TE-like,Solyc03g098350.1,0.393146,0.599918,0.655333,0.0185504
13149,Solyc09g065010.3,dispersed,TE-like,Solyc11g040180.2,0.41267,2.1615,0.190919,1.21315e-25
13150,Solyc09g065015.1,dispersed,TE-like,Solyc11g040180.2,0.331757,2.87303,0.115473,8.78013e-12
13151,Solyc09g065090.2,dispersed,Unclassified,NA,NA,NA,NA,NA
13152,Solyc09g065100.2,dispersed,TE-like,Solyc08g005050.3,0.800211,4.39728,0.181978,3.18197e-31
13153,Solyc09g065130.3,dispersed,TE-like,Solyc01g098920.3,0.170392,4.17305,0.0408315,2.14536e-94
13154,Solyc09g065170.2,dispersed,gbM,Solyc03g119310.3,0.625057,1.34099,0.466116,0.00826671
13155,Solyc09g065175.1,dispersed,TE-like,Solyc07g041820.2,0.21121,0.592586,0.356421,0.000912272
13156,Solyc09g065270.3,dispersed,TE-like,Solyc11g007740.2,0.751972,2.57401,0.292141,1.48795e-09
13157,Solyc09g065280.3,dispersed,Unclassified,Solyc04g009360.3,0.866055,4.19832,0.206286,2.84835e-28
13158,Solyc09g065453.1,dispersed,TE-like,Solyc10g087010.2,0.243869,0.539403,0.452109,0.0251491
13159,Solyc09g065457.1,dispersed,TE-like,Solyc10g087010.2,0.538902,1.93502,0.278499,7.13659e-05
13160,Solyc09g065497.1,dispersed,TE-like,Solyc09g014340.2,0.250881,1.01144,0.248043,4.11165e-06
13161,Solyc09g065570.3,dispersed,gbM,Solyc01g009300.3,0.4411,4.44712,0.0991878,3.52307e-83
13162,Solyc09g065615.1,dispersed,TE-like,Solyc08g029205.1,0.0464085,0.0446955,1.03832,0.994718
13163,Solyc09g065730.3,dispersed,gbM,Solyc03g005230.3,0.149942,2.028,0.073936,2.36373e-60
13164,Solyc09g065750.3,dispersed,TE-like,Solyc06g084615.1,0.743115,3.68816,0.201487,3.17047e-17
13165,Solyc09g065930.3,dispersed,TE-like,Solyc01g099730.3,0.0253063,0.112017,0.225914,0.0014692
13166,Solyc09g066130.3,dispersed,TE-like,Solyc06g073190.3,0.930394,4.1071,0.226533,2.10436e-10
13167,Solyc09g066220.1,dispersed,TE-like,Solyc00g032940.1,0.0990736,0.28058,0.353103,0.00600322
13168,Solyc09g066230.1,dispersed,TE-like,Solyc01g080725.1,0.557734,2.03795,0.273674,1.23448e-05
13169,Solyc09g066330.2,dispersed,TE-like,NA,NA,NA,NA,NA
13170,Solyc09g066470.3,dispersed,gbM,Solyc01g100850.3,0.415209,3.85222,0.107784,5.56152e-57
13171,Solyc09g072500.1,dispersed,TE-like,Solyc07g005583.1,0.23259,0.273065,0.851776,0.680452
13172,Solyc09g072580.3,dispersed,Unclassified,Solyc09g090120.3,0.226472,3.33484,0.067911,9.2015e-38
13173,Solyc09g072660.3,dispersed,gbM,Solyc02g070070.1,0.147198,2.06983,0.0711162,3.20595e-70
13174,Solyc09g072680.2,dispersed,gbM,Solyc09g012020.1,0.948148,4.11109,0.230632,1.05521e-12
13175,Solyc09g072725.1,dispersed,TE-like,Solyc07g009470.2,0.796129,3.8235,0.20822,2.10346e-17
13176,Solyc09g072730.2,dispersed,TE-like,Solyc03g122220.1,0.459815,2.90899,0.158067,9.6807e-14
13177,Solyc09g072873.1,dispersed,TE-like,Solyc11g017030.2,0.159061,0.286283,0.555606,0.0539841
13178,Solyc09g072950.1,dispersed,Unmethylated,Solyc03g112180.1,0.0730674,0.613285,0.119141,3.23768e-11
13179,Solyc09g072970.3,dispersed,TE-like,Solyc03g062745.1,0.28783,1.46214,0.196854,6.87254e-06
13180,Solyc09g074180.3,dispersed,Unmethylated,Solyc10g050570.1,0.176062,0.151232,1.16419,0.681453
13181,Solyc09g074185.1,dispersed,TE-like,Solyc12g010233.1,0.0288603,0.0519763,0.555259,0.150017
13182,Solyc09g074370.3,dispersed,gbM,Solyc11g010500.1,0.664126,4.05384,0.163826,2.19164e-18
13183,Solyc09g074400.3,dispersed,TE-like,Solyc09g009410.3,0.231617,0.624092,0.371126,1.71571e-08
13184,Solyc09g074650.3,dispersed,TE-like,Solyc03g078025.1,0.631764,3.349,0.188643,8.11821e-22
13185,Solyc09g074663.1,dispersed,TE-like,Solyc12g044737.1,0.631896,3.04211,0.207716,3.55589e-15
13186,Solyc09g074667.1,dispersed,TE-like,Solyc02g094751.1,0.642361,3.50051,0.183505,2.02715e-18
13187,Solyc09g074770.1,dispersed,NA,Solyc01g065830.1,0.0639292,0.139121,0.459522,0.09369
13188,Solyc09g075080.3,dispersed,TE-like,NA,NA,NA,NA,NA
13189,Solyc09g075170.1,dispersed,Unclassified,Solyc03g006990.1,0.501077,4.17636,0.119979,3.79459e-65
13190,Solyc09g075190.3,dispersed,TE-like,Solyc09g009140.3,0.835659,4.44965,0.187803,3.60337e-28
13191,Solyc09g075200.3,dispersed,Unclassified,Solyc06g082360.3,0.27836,3.74797,0.0742696,1.50427e-41
13192,Solyc09g075280.2,dispersed,Unclassified,Solyc12g096290.2,0.387264,4.72686,0.0819284,6.39802e-126
13193,Solyc09g075370.3,dispersed,gbM,Solyc04g009140.3,0.0260488,0.167411,0.155598,1.80007e-08
13194,Solyc09g075450.3,dispersed,TE-like,Solyc06g009830.3,0.0609892,1.05078,0.0580417,2.04899e-22
13195,Solyc09g075570.1,dispersed,Unmethylated,Solyc06g009770.1,0.302384,1.62731,0.185818,9.28796e-13
13196,Solyc09g075620.2,dispersed,Unclassified,Solyc06g083220.3,0.808536,3.68676,0.219308,2.05427e-12
13197,Solyc09g075640.3,dispersed,TE-like,Solyc01g103180.3,0.293362,4.5753,0.0641187,8.11208e-110
13198,Solyc09g082170.3,dispersed,Unclassified,Solyc06g076900.3,0.541774,4.5612,0.118779,1.17987e-73
13199,Solyc09g082450.1,dispersed,Unclassified,Solyc06g076900.3,0.50657,4.59053,0.110351,2.91703e-64
13200,Solyc09g082490.3,dispersed,gbM,Solyc06g083410.3,0.37992,1.90734,0.199188,3.40129e-23
13201,Solyc09g082530.2,dispersed,TE-like,Solyc12g006980.1,0.300314,3.87286,0.0775433,0
13202,Solyc09g082610.1,dispersed,Unclassified,Solyc02g069330.1,0.610253,1.80625,0.337856,1.35184e-06
13203,Solyc09g082920.1,dispersed,Unmethylated,Solyc01g016970.1,0.0399434,0.0416974,0.957934,0.997598
13204,Solyc09g082970.3,dispersed,gbM,Solyc08g077180.3,0.616437,4.46417,0.138085,6.44283e-45
13205,Solyc09g083010.3,dispersed,gbM,Solyc06g073400.3,0.185196,1.40576,0.131741,1.46803e-30
13206,Solyc09g083080.3,dispersed,gbM,Solyc05g055880.3,0.0512995,1.14715,0.044719,1.32262e-80
13207,Solyc09g083110.2,dispersed,gbM,Solyc07g054480.2,0.580512,4.6607,0.124555,1.24762e-78
13208,Solyc09g083370.3,dispersed,Unclassified,Solyc02g082000.3,0.0494336,1.28682,0.0384152,1.19665e-32
13209,Solyc09g089620.1,dispersed,TE-like,Solyc11g006090.2,0.233268,3.94249,0.0591676,2.51337e-48
13210,Solyc09g089630.3,dispersed,Unclassified,Solyc06g008520.3,0.197994,3.16532,0.0625511,1.39352e-25
13211,Solyc09g089940.1,dispersed,Unclassified,Solyc01g009530.1,0.270385,3.63117,0.0744623,3.67303e-51
13212,Solyc09g090030.2,dispersed,TE-like,Solyc06g060390.3,0.816521,3.83812,0.21274,3.86635e-24
13213,Solyc09g090050.3,dispersed,TE-like,Solyc04g026315.1,0.381408,0.541709,0.704084,0.182967
13214,Solyc09g090120.3,dispersed,TE-like,Solyc09g072580.3,0.226472,3.33484,0.067911,9.2015e-38
13215,Solyc09g090160.3,dispersed,TE-like,Solyc06g008500.3,0.424822,3.14829,0.134937,3.79918e-29
13216,Solyc09g090220.3,dispersed,gbM,Solyc01g091610.1,0.56585,4.4453,0.127292,1.56075e-79
13217,Solyc09g090310.2,dispersed,TE-like,Solyc04g064920.3,0.54161,3.54021,0.152988,1.07578e-27
13218,Solyc09g090330.3,dispersed,gbM,Solyc11g005340.2,0.866119,2.80552,0.308719,3.21389e-07
13219,Solyc09g090400.3,dispersed,gbM,Solyc11g005600.2,0.180018,4.18032,0.0430633,1.23992e-79
13220,Solyc09g090440.1,dispersed,TE-like,Solyc03g111210.3,0.663721,4.38946,0.151208,7.49965e-51
13221,Solyc09g090445.1,dispersed,TE-like,Solyc04g080420.3,0.507342,1.68955,0.300282,3.17311e-08
13222,Solyc09g090450.1,dispersed,TE-like,Solyc08g081600.1,0.435511,3.64926,0.119342,7.68654e-26
13223,Solyc09g090460.3,dispersed,TE-like,Solyc07g053730.3,0.888158,4.02975,0.2204,1.45371e-21
13224,Solyc09g090490.2,dispersed,TE-like,Solyc09g075930.2,0.411843,4.4599,0.0923436,4.61989e-66
13225,Solyc09g090550.3,dispersed,TE-like,Solyc11g068610.2,0.593802,2.01583,0.29457,2.34753e-15
13226,Solyc09g090660.3,dispersed,TE-like,Solyc05g008190.3,0.982795,2.55338,0.384899,3.99817e-08
13227,Solyc09g090720.3,dispersed,gbM,Solyc05g053140.3,0.0586495,0.970866,0.0604095,1.92486e-55
13228,Solyc09g090740.3,dispersed,TE-like,Solyc04g081580.3,0.83636,4.52667,0.184763,6.61543e-56
13229,Solyc09g090775.1,dispersed,gbM,Solyc09g092150.1,0.626516,4.26468,0.146908,3.90416e-53
13230,Solyc09g090920.3,dispersed,TE-like,Solyc03g025340.1,1.09432,4.04489,0.270543,2.28196e-16
13231,Solyc09g091010.3,dispersed,TE-like,Solyc04g050270.1,0.611088,3.50211,0.174491,4.90485e-11
13232,Solyc09g091020.3,dispersed,TE-like,Solyc05g053130.3,0.121016,0.748578,0.161662,3.38412e-51
13233,Solyc09g091220.2,dispersed,TE-like,Solyc10g008450.1,0.566519,1.76008,0.32187,1.28121e-06
13234,Solyc09g091410.1,dispersed,TE-like,Solyc04g039830.2,0.190259,0.834031,0.228119,2.15638e-05
13235,Solyc09g091650.3,dispersed,TE-like,Solyc07g005880.3,0.951817,4.686,0.203119,5.64406e-31
13236,Solyc09g091690.1,dispersed,TE-like,Solyc01g008040.1,0.620865,3.9029,0.159078,7.44501e-18
13237,Solyc09g091710.2,dispersed,Unclassified,Solyc01g020400.1,0.517519,0.579047,0.893743,1
13238,Solyc09g091860.3,dispersed,gbM,Solyc11g044900.2,0.445621,1.74943,0.254724,7.31634e-33
13239,Solyc09g091980.3,dispersed,TE-like,NA,NA,NA,NA,NA
13240,Solyc09g092050.3,dispersed,gbM,Solyc09g009790.3,0.505383,4.46487,0.113191,2.74651e-59
13241,Solyc09g092150.1,dispersed,gbM,Solyc03g096610.2,0.570944,4.20799,0.135681,5.47446e-53
13242,Solyc09g092360.3,dispersed,TE-like,Solyc08g061590.3,0.52846,3.81748,0.138431,2.65701e-20
13243,Solyc09g092370.1,dispersed,TE-like,Solyc09g091320.1,0.446276,2.92906,0.152362,0
13244,Solyc09g092410.3,dispersed,gbM,Solyc04g025590.1,0.172519,1.11931,0.15413,2.73962e-09
13245,Solyc09g092440.1,dispersed,Unclassified,Solyc04g082870.1,0.527105,4.45869,0.11822,3.5455e-71
13246,Solyc09g092470.2,dispersed,TE-like,Solyc06g060180.2,0.270768,0.772847,0.350351,1.71751e-14
13247,Solyc09g097760.3,dispersed,TE-like,Solyc09g059610.3,0.300468,0.668487,0.449474,0.00129855
13248,Solyc09g097840.2,dispersed,Unclassified,Solyc08g029150.2,0.813376,4.1241,0.197225,6.68358e-32
13249,Solyc09g097850.1,dispersed,Unmethylated,Solyc12g098615.1,0.343747,1.11141,0.309291,8.23349e-07
13250,Solyc09g097920.2,dispersed,TE-like,Solyc02g067960.2,1.20428,2.55651,0.471066,1.17282e-05
13251,Solyc09g098090.3,dispersed,Unmethylated,Solyc09g097970.3,0.212087,2.33373,0.0908789,3.34873e-23
13252,Solyc09g098095.1,dispersed,TE-like,Solyc01g065495.1,0.160795,0.883167,0.182066,2.60189e-12
13253,Solyc09g098225.1,dispersed,TE-like,Solyc11g019970.2,0.73629,3.99083,0.184496,2.32529e-34
13254,Solyc09g098340.3,dispersed,TE-like,Solyc05g053900.3,0.220489,0.625701,0.352386,2.79502e-12
13255,Solyc09g098380.2,dispersed,Unclassified,Solyc11g008440.2,0.752053,3.94968,0.190409,5.2469e-14
13256,Solyc09g098470.2,dispersed,TE-like,Solyc07g061710.2,0.449318,3.86486,0.116257,4.85894e-30
13257,Solyc09g098480.1,dispersed,TE-like,Solyc07g056610.2,0.314842,3.45959,0.0910055,2.93551e-34
13258,Solyc09g098500.3,dispersed,Unclassified,Solyc02g069610.3,0.390383,1.9221,0.203102,4.13017e-11
13259,Solyc09g098520.3,dispersed,TE-like,Solyc11g008610.2,0.157087,4.22192,0.0372074,3.41767e-95
13260,Solyc10g005010.3,dispersed,Unmethylated,Solyc12g017400.2,0.366881,3.80203,0.0964961,6.52138e-32
13261,Solyc10g005020.3,dispersed,Unclassified,Solyc08g008360.2,0.624929,3.4094,0.183296,2.38843e-18
13262,Solyc10g005030.3,dispersed,TE-like,Solyc03g081260.3,0.673304,3.76596,0.178787,5.20774e-24
13263,Solyc10g005130.3,dispersed,TE-like,Solyc08g067210.3,0.696864,5.03228,0.138479,7.6246e-97
13264,Solyc10g005195.1,dispersed,TE-like,Solyc12g089293.1,0.0816793,0.106395,0.767702,0.656117
13265,Solyc10g005520.3,dispersed,gbM,Solyc10g007550.3,0.497644,4.19743,0.118559,1.85548e-63
13266,Solyc10g005700.3,dispersed,TE-like,Solyc12g017230.2,0.277216,0.676104,0.41002,2.91082e-14
13267,Solyc10g005800.3,dispersed,TE-like,Solyc07g065800.3,0.145363,0.964834,0.150661,6.01924e-13
13268,Solyc10g006090.3,dispersed,TE-like,Solyc10g051140.2,0.488072,4.3063,0.113339,2.36455e-41
13269,Solyc10g006140.3,dispersed,TE-like,Solyc05g014700.3,0.312784,3.68835,0.0848032,1.39729e-25
13270,Solyc10g006210.2,dispersed,Unclassified,Solyc12g014410.2,0.424262,3.5039,0.121083,9.38047e-10
13271,Solyc10g006390.3,dispersed,TE-like,NA,NA,NA,NA,NA
13272,Solyc10g006490.3,dispersed,gbM,Solyc01g096530.3,0.0243503,0.506809,0.0480463,7.86887e-25
13273,Solyc10g006730.1,dispersed,TE-like,Solyc04g064650.1,0.578139,4.3941,0.131572,8.90125e-42
13274,Solyc10g006770.3,dispersed,TE-like,Solyc02g081590.3,0.961952,4.52987,0.212358,1.19682e-35
13275,Solyc10g007060.3,dispersed,TE-like,NA,NA,NA,NA,NA
13276,Solyc10g007065.1,dispersed,TE-like,Solyc02g090860.3,0.0284904,0.257644,0.110581,1.12422e-13
13277,Solyc10g007210.1,dispersed,TE-like,Solyc01g009700.2,0.143515,0.317886,0.451467,0.0115637
13278,Solyc10g007320.3,dispersed,TE-like,Solyc06g048730.3,0.467352,4.15753,0.112411,6.86014e-50
13279,Solyc10g007345.1,dispersed,TE-like,Solyc11g020600.1,0.5199,1.34384,0.386875,0.000657659
13280,Solyc10g007390.3,dispersed,gbM,Solyc02g072130.3,0.0550053,2.35404,0.0233664,6.86194e-137
13281,Solyc10g007470.3,dispersed,TE-like,Solyc10g007810.3,0.347168,2.15744,0.160916,2.0687e-61
13282,Solyc10g007530.1,dispersed,TE-like,Solyc02g094560.3,0.145101,4.25907,0.0340688,3.36525e-162
13283,Solyc10g007550.3,dispersed,TE-like,Solyc10g005520.3,0.497644,4.19743,0.118559,1.85548e-63
13284,Solyc10g007740.3,dispersed,TE-like,Solyc02g021480.3,0.262438,6.68138,0.039279,3.01628e-82
13285,Solyc10g007810.3,dispersed,gbM,Solyc08g075140.1,0.754881,4.1824,0.18049,2.29364e-21
13286,Solyc10g007840.3,dispersed,TE-like,Solyc01g111210.3,0.866758,4.36093,0.198755,2.15889e-24
13287,Solyc10g007940.1,dispersed,gbM,Solyc01g111430.2,0.75179,4.45113,0.168899,2.09265e-52
13288,Solyc10g007980.3,dispersed,TE-like,Solyc12g010930.2,0.00478596,1.12336,0.00426039,1.41342e-44
13289,Solyc10g008100.3,dispersed,gbM,Solyc12g099660.2,0.506732,3.55658,0.142478,6.33492e-25
13290,Solyc10g008120.3,dispersed,TE-like,Solyc12g041960.2,0.284866,3.95281,0.0720666,1.21664e-50
13291,Solyc10g008130.3,dispersed,gbM,Solyc01g112010.3,0.0428042,0.144493,0.296237,0.000494944
13292,Solyc10g008140.3,dispersed,gbM,Solyc12g005500.2,0.0579401,0.934353,0.0620109,1.49988e-41
13293,Solyc10g008450.1,dispersed,TE-like,Solyc09g091690.1,0.327117,1.72746,0.189363,4.1536e-18
13294,Solyc10g008470.3,dispersed,gbM,Solyc01g089980.3,0.318662,3.79466,0.0839766,2.38714e-33
13295,Solyc10g008500.3,dispersed,TE-like,Solyc07g063430.3,0.258565,4.09421,0.0631539,1.22361e-54
13296,Solyc10g008530.1,dispersed,TE-like,Solyc07g054570.1,0.216205,2.05774,0.105069,3.81e-29
13297,Solyc10g008540.3,dispersed,Unclassified,Solyc02g078720.3,0.370259,3.34114,0.110818,2.65914e-18
13298,Solyc10g008560.3,dispersed,gbM,Solyc05g026140.3,0.762799,4.23665,0.180048,1.54788e-26
13299,Solyc10g008580.1,dispersed,Unclassified,Solyc07g047760.2,0.575124,3.77653,0.152289,1.90332e-18
13300,Solyc10g008590.1,dispersed,TE-like,Solyc02g065410.2,0.646025,4.20259,0.153721,7.00083e-59
13301,Solyc10g008740.3,dispersed,TE-like,Solyc04g015490.3,0.704488,4.27599,0.164754,3.70459e-27
13302,Solyc10g008840.3,dispersed,TE-like,Solyc03g006270.3,0.0409071,1.73154,0.0236247,1.56612e-57
13303,Solyc10g008860.1,dispersed,TE-like,Solyc04g079030.2,0.466046,4.21266,0.11063,2.71102e-51
13304,Solyc10g009055.1,dispersed,TE-like,Solyc03g051625.1,0.111432,0.311804,0.357379,2.02696e-07
13305,Solyc10g009070.3,dispersed,TE-like,Solyc10g007550.3,0.646589,4.16693,0.155171,7.12938e-53
13306,Solyc10g009470.1,dispersed,TE-like,Solyc02g068980.1,0.454617,1.87842,0.242021,0.000156547
13307,Solyc10g009560.1,dispersed,Unclassified,NA,NA,NA,NA,NA
13308,Solyc10g011720.1,dispersed,TE-like,Solyc01g017510.1,0.128097,0.200549,0.638733,0.213441
13309,Solyc10g011940.1,dispersed,TE-like,Solyc06g010200.3,0.61888,4.82202,0.128345,3.02505e-67
13310,Solyc10g012000.1,dispersed,Unclassified,Solyc10g044435.1,0.428048,1.77685,0.240902,5.36063e-09
13311,Solyc10g012005.1,dispersed,TE-like,Solyc08g061323.1,0.0565717,0.143586,0.393991,0.0030858
13312,Solyc10g012137.1,dispersed,NA,Solyc05g046133.1,0.0105042,0.0502515,0.209033,0.00238744
13313,Solyc10g012190.2,dispersed,TE-like,Solyc11g069090.2,0.565751,4.41452,0.128157,6.69605e-73
13314,Solyc10g012230.1,dispersed,TE-like,Solyc12g036000.1,0.14821,0.129461,1.14482,0.723355
13315,Solyc10g012257.1,dispersed,TE-like,Solyc05g010392.1,0.0470748,0.0929603,0.506396,0.0343905
13316,Solyc10g017480.1,dispersed,TE-like,Solyc10g018060.2,0.787025,3.42048,0.230092,1.86656e-11
13317,Solyc10g017510.3,dispersed,TE-like,Solyc02g092250.3,0.239915,1.56385,0.153413,8.97291e-54
13318,Solyc10g017620.3,dispersed,TE-like,Solyc11g042850.2,0.249124,3.96984,0.0627542,2.11781e-85
13319,Solyc10g017680.1,dispersed,TE-like,Solyc10g008580.1,0.197546,0.447281,0.44166,0.00012603
13320,Solyc10g017750.2,dispersed,TE-like,Solyc00g007160.2,0.231585,0.255857,0.905133,0.663796
13321,Solyc10g017900.1,dispersed,TE-like,Solyc12g033040.1,0.165676,0.126606,1.3086,0.458242
13322,Solyc10g017920.1,dispersed,TE-like,Solyc02g067590.1,0.0952399,0.095598,0.996254,0.990664
13323,Solyc10g017940.1,dispersed,TE-like,Solyc02g080635.1,0.19876,0.383329,0.518509,0.0465151
13324,Solyc10g017950.2,dispersed,TE-like,Solyc11g050770.1,0.0440235,0.0472804,0.931115,0.898663
13325,Solyc10g018100.2,dispersed,TE-like,Solyc05g050438.1,0.019064,0.0110041,1.73244,0.833919
13326,Solyc10g018120.2,dispersed,TE-like,Solyc01g107460.2,0.680715,3.84395,0.177087,1.37289e-15
13327,Solyc10g018194.1,dispersed,Unclassified,Solyc10g018355.1,0.0582839,0.101154,0.57619,0.118821
13328,Solyc10g018300.2,dispersed,gbM,Solyc05g050970.3,0.0464349,1.55004,0.0299573,5.29629e-104
13329,Solyc10g018355.1,dispersed,TE-like,Solyc06g034317.1,0.0532034,0.103984,0.511649,0.111494
13330,Solyc10g018370.1,dispersed,TE-like,Solyc12g019370.1,0.0258436,0.141499,0.182641,2.25377e-05
13331,Solyc10g018393.1,dispersed,TE-like,Solyc06g016780.1,0.362469,3.03306,0.119506,0
13332,Solyc10g018520.1,dispersed,Unclassified,Solyc07g052340.3,0.75788,4.48907,0.168828,7.15275e-53
13333,Solyc10g018550.1,dispersed,TE-like,Solyc07g056380.1,0.299007,2.32024,0.128869,2.54508e-21
13334,Solyc10g018810.1,dispersed,TE-like,Solyc06g064470.3,0.0454017,0.14454,0.314112,0.0425699
13335,Solyc10g018840.2,dispersed,TE-like,Solyc00g230070.1,0.111249,0.28226,0.394138,0.0906555
13336,Solyc10g018880.1,dispersed,TE-like,Solyc06g072810.3,0.643517,0.602448,1.06817,0.513071
13337,Solyc10g018907.1,dispersed,Unmethylated,Solyc10g075080.1,0.524875,3.20369,0.163834,1.69512e-13
13338,Solyc10g018945.1,dispersed,TE-like,Solyc11g056310.1,0.226261,0.421463,0.536847,0.165494
13339,Solyc10g018947.1,dispersed,TE-like,Solyc11g056330.1,0.370915,0.142213,2.60816,0.00843738
13340,Solyc10g018990.2,dispersed,TE-like,Solyc04g050850.2,0.0725715,0.104762,0.692728,0.285334
13341,Solyc10g019033.1,dispersed,TE-like,Solyc10g018393.1,0.714233,3.52288,0.202741,1.44561e-19
13342,Solyc10g019100.2,dispersed,TE-like,Solyc03g095410.3,0.115671,2.24329,0.0515629,6.0848e-13
13343,Solyc10g019150.1,dispersed,Unclassified,Solyc11g050730.1,0.025389,0.086198,0.294542,0.0207365
13344,Solyc10g019173.1,dispersed,TE-like,Solyc12g040530.1,0.128889,0.222311,0.579771,0.201831
13345,Solyc10g019200.2,dispersed,TE-like,Solyc11g050930.1,0.14389,0.27394,0.52526,0.00492649
13346,Solyc10g019220.1,dispersed,TE-like,Solyc11g050930.1,0.0460017,0.0482398,0.953603,0.967246
13347,Solyc10g019230.2,dispersed,TE-like,Solyc00g227960.1,0.0438788,0.107448,0.408372,0.0655453
13348,Solyc10g019270.2,dispersed,TE-like,Solyc10g024420.2,0.0823885,0.207101,0.397819,4.11892e-16
13349,Solyc10g019285.1,dispersed,NA,Solyc10g033560.2,0.392277,0.809885,0.484361,0.0340357
13350,Solyc10g024420.2,dispersed,TE-like,Solyc10g019280.2,0.130301,1.23863,0.105198,3.85312e-05
13351,Solyc10g024470.2,dispersed,TE-like,Solyc01g081500.3,0.397675,1.58037,0.251634,6.85767e-12
13352,Solyc10g026525.1,dispersed,TE-like,Solyc01g034085.1,0.0779219,0.167545,0.465081,0.108061
13353,Solyc10g026527.1,dispersed,TE-like,Solyc07g006890.1,0.0536589,0.215599,0.248883,0.000458256
13354,Solyc10g031565.1,dispersed,TE-like,Solyc02g094751.1,0.288595,0.754887,0.382302,0.00291965
13355,Solyc10g037930.1,dispersed,TE-like,Solyc05g023767.1,0.361879,3.41146,0.106077,1.64681e-18
13356,Solyc10g037965.1,dispersed,TE-like,Solyc08g007716.1,0.576812,0.87436,0.659697,7.34935e-05
13357,Solyc10g038030.2,dispersed,TE-like,Solyc04g025993.1,0.634542,1.34666,0.471198,0.00278636
13358,Solyc10g038060.2,dispersed,TE-like,Solyc08g065760.3,0.134623,0.192257,0.700225,0.232537
13359,Solyc10g038090.1,dispersed,TE-like,Solyc01g103620.3,0.222676,1.15173,0.193341,2.89463e-09
13360,Solyc10g038100.1,dispersed,Unmethylated,Solyc01g103620.3,0.293966,4.02995,0.0729454,3.04198e-08
13361,Solyc10g038120.2,dispersed,TE-like,Solyc01g103480.3,0.0700859,0.732637,0.0956625,3.47109e-55
13362,Solyc10g038137.1,dispersed,TE-like,Solyc07g041362.1,0.561925,3.33536,0.168475,9.65698e-21
13363,Solyc10g038140.1,dispersed,TE-like,Solyc07g032130.1,0.151126,0.147848,1.02217,1
13364,Solyc10g038150.2,dispersed,TE-like,NA,NA,NA,NA,NA
13365,Solyc10g038180.2,dispersed,TE-like,Solyc02g061930.2,0.748387,4.02488,0.18594,3.36431e-29
13366,Solyc10g039195.1,dispersed,TE-like,Solyc07g019573.1,0.354432,0.558523,0.634587,0.148963
13367,Solyc10g039217.1,dispersed,TE-like,Solyc10g074430.2,0.505731,3.99479,0.126598,1.2525e-22
13368,Solyc10g039430.2,dispersed,TE-like,Solyc02g063050.3,0.651059,4.05964,0.160374,3.9706e-36
13369,Solyc10g044435.1,dispersed,TE-like,Solyc10g012000.1,0.428048,1.77685,0.240902,5.36063e-09
13370,Solyc10g044490.2,dispersed,TE-like,Solyc01g059760.2,0.0455002,0.0662394,0.686905,0.227629
13371,Solyc10g044495.1,dispersed,TE-like,Solyc07g037940.2,0.177676,0.371123,0.478752,0.0118461
13372,Solyc10g044540.2,dispersed,TE-like,Solyc06g072540.1,0.109399,0.0366214,2.98728,0.177982
13373,Solyc10g044543.1,dispersed,gbM,NA,NA,NA,NA,NA
13374,Solyc10g044643.1,dispersed,TE-like,Solyc06g048897.1,0.137794,0.318919,0.432067,0.00787565
13375,Solyc10g044647.1,dispersed,TE-like,Solyc03g059275.1,0.109386,0.199697,0.54776,0.123971
13376,Solyc10g044700.1,dispersed,Unclassified,Solyc03g031630.3,0.56956,3.32473,0.17131,1.18896e-12
13377,Solyc10g044915.1,dispersed,Unclassified,Solyc03g112293.1,0.966172,2.51875,0.383592,1.27778e-06
13378,Solyc10g045105.1,dispersed,TE-like,Solyc12g038430.2,0.056674,0.0320198,1.76997,0.713181
13379,Solyc10g045107.1,dispersed,TE-like,Solyc12g082730.2,0.0332742,0.0149649,2.22348,0.598207
13380,Solyc10g045310.2,dispersed,gbM,Solyc08g081080.3,0.636868,3.88395,0.163974,1.50111e-21
13381,Solyc10g045380.2,dispersed,TE-like,Solyc08g075790.3,0.281021,3.96426,0.0708885,8.55965e-70
13382,Solyc10g045395.1,dispersed,TE-like,Solyc04g051785.1,0.209585,0.37861,0.553564,0.0126109
13383,Solyc10g045480.1,dispersed,TE-like,Solyc04g079350.1,0.0137143,0.0443157,0.309469,0.0140535
13384,Solyc10g045540.2,dispersed,TE-like,Solyc10g047300.2,0.702297,3.51554,0.199769,0
13385,Solyc10g045555.1,dispersed,TE-like,Solyc12g062875.1,0.0555424,0.0470822,1.17969,0.996556
13386,Solyc10g045560.2,dispersed,TE-like,Solyc08g048470.2,0.0766494,0.0779972,0.982719,1
13387,Solyc10g045623.1,dispersed,TE-like,Solyc04g050578.1,0.077545,0.161451,0.480299,0.0248932
13388,Solyc10g045630.2,dispersed,TE-like,NA,NA,NA,NA,NA
13389,Solyc10g045640.2,dispersed,TE-like,Solyc01g104220.3,0.127208,0.696668,0.182594,1.07928e-15
13390,Solyc10g045660.1,dispersed,TE-like,Solyc09g042270.1,0.40653,3.05194,0.133204,2.18162e-12
13391,Solyc10g045730.1,dispersed,TE-like,Solyc11g030930.2,0.245972,0.443295,0.554872,0.227898
13392,Solyc10g045740.2,dispersed,TE-like,Solyc11g030940.2,0.292289,0.503718,0.580262,0.123967
13393,Solyc10g045750.1,dispersed,TE-like,Solyc10g061990.2,0.224194,0.759741,0.295092,0.000356825
13394,Solyc10g046995.1,dispersed,Unclassified,Solyc05g042077.1,0.224559,0.255286,0.879638,0.684921
13395,Solyc10g047090.2,dispersed,TE-like,Solyc05g023730.1,0.124356,0.359378,0.346031,0.0603228
13396,Solyc10g047100.1,dispersed,TE-like,Solyc03g063470.1,0.125793,0.129414,0.972021,0.805721
13397,Solyc10g047150.2,dispersed,TE-like,Solyc12g088730.2,0.0798366,0.17086,0.467263,0.174841
13398,Solyc10g047210.1,dispersed,Unclassified,Solyc11g008070.1,0.481657,3.12856,0.153955,6.17244e-15
13399,Solyc10g047300.2,dispersed,TE-like,Solyc10g045540.2,0.702297,3.51554,0.199769,0
13400,Solyc10g047330.1,dispersed,Unmethylated,Solyc07g063580.3,0.0189487,0.0140733,1.34643,0.77167
13401,Solyc10g047360.2,dispersed,gbM,Solyc03g094080.3,0.213977,1.95472,0.109467,1.83209e-24
13402,Solyc10g047400.1,dispersed,TE-like,Solyc08g022150.1,0.151554,0.452911,0.334622,0.0104128
13403,Solyc10g047410.1,dispersed,TE-like,Solyc12g027550.1,0.172195,0.30834,0.558459,0.157189
13404,Solyc10g047420.2,dispersed,TE-like,Solyc11g044600.2,0.0794892,0.0441905,1.79878,0.420303
13405,Solyc10g047440.1,dispersed,TE-like,Solyc10g019000.2,0.564632,1.07556,0.524963,0.0023239
13406,Solyc10g047470.1,dispersed,TE-like,Solyc08g022160.1,0.263919,1.3537,0.194961,0.00319513
13407,Solyc10g047490.1,dispersed,TE-like,Solyc02g031810.1,0.194004,0.157743,1.22987,0.585635
13408,Solyc10g047520.1,dispersed,TE-like,Solyc06g064510.2,0.243262,0.559075,0.435115,0.00977036
13409,Solyc10g047565.1,dispersed,Unclassified,Solyc10g048030.2,0.0696433,0.184527,0.377415,0.0322828
13410,Solyc10g047720.1,dispersed,TE-like,Solyc05g051090.1,0.162912,0.895852,0.181852,6.04072e-08
13411,Solyc10g047730.1,dispersed,TE-like,Solyc02g005360.2,0.203014,0.237742,0.853928,0.623035
13412,Solyc10g047778.1,dispersed,TE-like,Solyc03g059275.1,0.250985,0.733311,0.342263,0.00120709
13413,Solyc10g047820.1,dispersed,TE-like,Solyc08g069000.3,0.12171,0.694048,0.175362,1.0463e-30
13414,Solyc10g047823.1,dispersed,TE-like,Solyc03g083843.1,0.0639495,0.144244,0.443342,0.000440231
13415,Solyc10g047890.1,dispersed,Unmethylated,Solyc00g230060.2,0.849801,2.06556,0.411415,7.90346e-06
13416,Solyc10g048060.1,dispersed,TE-like,Solyc11g045150.1,0.0154027,0.0130996,1.17581,0.736201
13417,Solyc10g048065.1,dispersed,TE-like,Solyc05g023970.1,0.0826392,0.134884,0.612667,0.24197
13418,Solyc10g048155.1,dispersed,TE-like,Solyc08g044360.2,0.0843553,0.158408,0.53252,0.0221708
13419,Solyc10g049230.1,dispersed,TE-like,Solyc10g085460.2,0.211083,0.360804,0.585037,0.50461
13420,Solyc10g049260.2,dispersed,TE-like,Solyc01g100870.3,0.115212,1.90363,0.0605224,2.82158e-11
13421,Solyc10g049330.2,dispersed,TE-like,Solyc04g005730.3,0.526159,1.94853,0.270029,0.000155107
13422,Solyc10g049340.1,dispersed,TE-like,Solyc01g009980.1,0.2694,3.60349,0.0747609,2.53478e-10
13423,Solyc10g049400.2,dispersed,TE-like,Solyc00g042640.1,0.394923,0.823648,0.479481,4.75423e-06
13424,Solyc10g049423.1,dispersed,TE-like,Solyc08g075485.1,0.211629,0.178899,1.18295,0.607758
13425,Solyc10g049477.1,dispersed,Unclassified,Solyc05g007400.1,0.244401,0.798585,0.306042,9.92122e-06
13426,Solyc10g049530.2,dispersed,TE-like,Solyc12g039045.1,0.0277029,0.00873415,3.17179,0.202031
13427,Solyc10g049570.2,dispersed,Unclassified,Solyc11g070040.2,0.84658,4.37202,0.193636,1.26776e-42
13428,Solyc10g049670.2,dispersed,TE-like,Solyc03g005533.1,0.101585,0.108395,0.937167,0.999623
13429,Solyc10g049680.1,dispersed,TE-like,Solyc05g026520.1,0.067406,0.12425,0.542501,0.0189759
13430,Solyc10g049750.2,dispersed,TE-like,Solyc07g041460.1,0.173823,0.542209,0.320583,0.00170595
13431,Solyc10g049760.1,dispersed,TE-like,Solyc11g021170.1,0.294714,0.553381,0.532569,0.074767
13432,Solyc10g049790.1,dispersed,Unclassified,Solyc06g073110.3,0.711112,2.68888,0.264464,8.03816e-06
13433,Solyc10g049820.2,dispersed,TE-like,NA,NA,NA,NA,NA
13434,Solyc10g050050.1,dispersed,TE-like,Solyc12g044190.2,0.245463,0.254235,0.965496,1
13435,Solyc10g050117.1,dispersed,NA,NA,NA,NA,NA,NA
13436,Solyc10g050230.2,dispersed,TE-like,Solyc06g065240.3,0.929618,4.02476,0.230975,7.02352e-21
13437,Solyc10g050250.1,dispersed,TE-like,Solyc03g051880.1,0.169647,0.121851,1.39225,0.309666
13438,Solyc10g050280.1,dispersed,TE-like,Solyc10g074410.1,0.0806858,0.0850479,0.948711,0.999875
13439,Solyc10g050325.1,dispersed,TE-like,Solyc12g038430.2,0.192431,0.243649,0.789789,0.209397
13440,Solyc10g050450.2,dispersed,gbM,Solyc10g081820.2,0.268073,3.70655,0.0723241,4.43233e-71
13441,Solyc10g050460.1,dispersed,TE-like,Solyc12g070156.1,0.0488594,0.204788,0.238585,0.0255633
13442,Solyc10g050470.2,dispersed,TE-like,Solyc11g005150.2,0.394447,4.26422,0.0925015,4.38676e-94
13443,Solyc10g050500.2,dispersed,Unclassified,Solyc12g056080.2,0.207936,0.598871,0.347214,0.00493141
13444,Solyc10g050560.1,dispersed,TE-like,NA,NA,NA,NA,NA
13445,Solyc10g050570.1,dispersed,Unmethylated,Solyc09g074180.3,0.176062,0.151232,1.16419,0.681453
13446,Solyc10g050750.2,dispersed,Unmethylated,Solyc10g085460.2,0.311583,0.202806,1.53636,0.18131
13447,Solyc10g050753.1,dispersed,Unclassified,Solyc10g085460.2,0.233218,0.390362,0.597441,0.0152677
13448,Solyc10g050760.1,dispersed,gbM,Solyc04g040140.1,0.237855,0.157599,1.50924,0.364038
13449,Solyc10g050778.1,dispersed,TE-like,Solyc10g051273.1,0.0209823,0.0216882,0.96745,0.846741
13450,Solyc10g050840.2,dispersed,TE-like,Solyc04g049630.3,0.207901,2.68481,0.0774357,1.78861e-100
13451,Solyc10g050900.1,dispersed,TE-like,Solyc10g018080.1,0.399124,3.3437,0.119366,1.55565e-14
13452,Solyc10g051070.1,dispersed,TE-like,Solyc10g079220.2,0.132183,0.27633,0.478351,0.0194479
13453,Solyc10g051090.2,dispersed,TE-like,Solyc04g078565.1,0.0305197,0.0676911,0.450868,0.0210042
13454,Solyc10g051140.2,dispersed,TE-like,Solyc10g006090.3,0.488072,4.3063,0.113339,2.36455e-41
13455,Solyc10g051150.2,dispersed,TE-like,NA,NA,NA,NA,NA
13456,Solyc10g051160.1,dispersed,TE-like,Solyc11g006735.1,0.328574,3.02312,0.108687,1.49363e-11
13457,Solyc10g051170.2,dispersed,TE-like,Solyc05g012740.2,0.142673,0.18443,0.773588,0.462256
13458,Solyc10g051180.1,dispersed,TE-like,Solyc05g012740.2,0.261073,0.273037,0.956181,0.801698
13459,Solyc10g051190.2,dispersed,TE-like,Solyc12g014413.1,0.0785604,0.0659696,1.19086,0.983495
13460,Solyc10g051210.1,dispersed,Unmethylated,Solyc08g028980.1,0.403823,1.03249,0.391117,0.00179993
13461,Solyc10g051273.1,dispersed,TE-like,Solyc03g095383.1,0.0366862,0.0294806,1.24442,0.643218
13462,Solyc10g051277.1,dispersed,NA,Solyc03g095387.1,0.102339,0.144225,0.709575,0.203603
13463,Solyc10g052605.1,dispersed,TE-like,Solyc07g014755.1,0.346477,3.56055,0.0973099,3.00636e-52
13464,Solyc10g052640.2,dispersed,TE-like,Solyc11g032040.2,0.159606,0.307041,0.51982,0.0334072
13465,Solyc10g052660.3,dispersed,Unmethylated,Solyc02g069850.3,0.0368097,1.45765,0.0252527,7.06217e-18
13466,Solyc10g052680.1,dispersed,TE-like,Solyc10g075080.1,0.13178,0.205511,0.641227,0.148894
13467,Solyc10g052710.1,dispersed,TE-like,Solyc09g072930.1,0.368434,1.39167,0.264741,2.78058e-11
13468,Solyc10g052730.2,dispersed,gbM,Solyc11g051020.2,0.22436,0.600062,0.373895,0.00170351
13469,Solyc10g052740.2,dispersed,TE-like,Solyc10g017890.1,0.41167,1.20991,0.340248,0.000149675
13470,Solyc10g052745.1,dispersed,TE-like,Solyc12g006570.2,0.555556,3.76697,0.147481,5.46354e-17
13471,Solyc10g052770.1,dispersed,TE-like,Solyc09g031547.1,0.434669,2.04563,0.212487,1.48749e-08
13472,Solyc10g052800.1,dispersed,TE-like,Solyc00g014830.3,0.212423,0.310922,0.683203,0.19824
13473,Solyc10g052820.1,dispersed,TE-like,Solyc05g056480.3,0.155246,0.295471,0.525419,0.117792
13474,Solyc10g052880.1,dispersed,Unmethylated,Solyc02g084600.3,0.636401,4.27232,0.148959,9.46737e-57
13475,Solyc10g053890.2,dispersed,TE-like,Solyc00g057280.1,0.0651816,0.0576322,1.13099,0.999634
13476,Solyc10g053960.1,dispersed,TE-like,Solyc12g042870.1,0.0555252,0.0566385,0.980344,0.999973
13477,Solyc10g054000.1,dispersed,TE-like,Solyc11g056450.2,0.0710014,0.171048,0.415096,0.0497039
13478,Solyc10g054105.1,dispersed,TE-like,Solyc03g078540.1,0.0705108,0.0863947,0.816147,0.613648
13479,Solyc10g054120.1,dispersed,TE-like,Solyc04g071370.1,0.223672,0.569153,0.392992,0.00565702
13480,Solyc10g054274.1,dispersed,TE-like,Solyc12g036870.2,0.138677,0.25854,0.536385,0.0139256
13481,Solyc10g054350.1,dispersed,TE-like,Solyc10g085460.2,0.255248,0.303188,0.841881,0.623186
13482,Solyc10g054360.1,dispersed,TE-like,Solyc10g085460.2,0.253807,0.707759,0.358607,9.90436e-07
13483,Solyc10g054370.1,dispersed,TE-like,Solyc10g085460.2,0.22015,0.301288,0.730695,0.86438
13484,Solyc10g054383.1,dispersed,TE-like,Solyc11g013297.1,0.0584495,0.141447,0.413225,0.0800609
13485,Solyc10g054400.1,dispersed,Unmethylated,Solyc07g032090.3,0.298858,2.55928,0.116774,4.5068e-32
13486,Solyc10g054410.1,dispersed,TE-like,Solyc11g042925.1,0.539668,1.02375,0.527147,0.014749
13487,Solyc10g054420.2,dispersed,Unclassified,Solyc03g114930.3,0.691373,3.82805,0.180607,2.10735e-14
13488,Solyc10g054540.1,dispersed,TE-like,Solyc02g070070.1,0.0376566,0.0127333,2.95733,0.418355
13489,Solyc10g054550.1,dispersed,TE-like,Solyc02g070070.1,0.0372955,0.0535671,0.696239,0.318049
13490,Solyc10g054600.1,dispersed,TE-like,Solyc10g085460.2,0.186635,0.395822,0.471511,0.00292368
13491,Solyc10g054610.1,dispersed,TE-like,Solyc10g085460.2,0.196454,0.976284,0.201226,1.35753e-09
13492,Solyc10g054620.1,dispersed,TE-like,Solyc10g085460.2,0.242199,0.798663,0.303255,0.0235136
13493,Solyc10g054730.1,dispersed,Unclassified,Solyc06g076900.3,0.628895,4.177,0.150561,4.52727e-39
13494,Solyc10g055350.1,dispersed,TE-like,Solyc10g061880.1,0.470584,0.477442,0.985637,0.888462
13495,Solyc10g055420.2,dispersed,Unclassified,Solyc10g074450.1,0.0923852,0.0770451,1.1991,0.983589
13496,Solyc10g055425.1,dispersed,TE-like,Solyc08g083175.1,0.0461,0.0332341,1.38713,0.955305
13497,Solyc10g055477.1,dispersed,TE-like,Solyc07g066485.1,0.115329,0.211865,0.544351,0.0912646
13498,Solyc10g055540.2,dispersed,TE-like,Solyc09g047860.1,0.0255658,0.0496348,0.515079,0.224029
13499,Solyc10g055640.2,dispersed,TE-like,Solyc08g067460.1,0.0369145,0.216446,0.170549,1.94825e-06
13500,Solyc10g061830.2,dispersed,TE-like,NA,NA,NA,NA,NA
13501,Solyc10g061840.2,dispersed,TE-like,Solyc01g080970.3,0.3759,2.3164,0.162278,3.43406e-25
13502,Solyc10g061880.1,dispersed,TE-like,Solyc10g055350.1,0.470584,0.477442,0.985637,0.888462
13503,Solyc10g061990.2,dispersed,TE-like,Solyc10g045750.1,0.224194,0.759741,0.295092,0.000356825
13504,Solyc10g061995.1,dispersed,TE-like,Solyc11g030570.1,0.0914719,0.186701,0.489937,0.17636
13505,Solyc10g062000.1,dispersed,TE-like,Solyc00g013180.1,0.116958,0.0556371,2.10217,0.352045
13506,Solyc10g062035.1,dispersed,TE-like,Solyc00g125990.2,0.338822,0.530374,0.638836,0.0419288
13507,Solyc10g062040.2,dispersed,TE-like,Solyc00g013130.3,0.293798,0.224218,1.31033,0.376769
13508,Solyc10g062050.1,dispersed,TE-like,Solyc03g063493.1,0.228688,0.279537,0.818097,0.647528
13509,Solyc10g062070.1,dispersed,TE-like,Solyc10g048065.1,0.116044,0.281444,0.412319,0.0442483
13510,Solyc10g062080.1,dispersed,TE-like,Solyc11g018650.1,0.241571,0.514572,0.46946,0.0438935
13511,Solyc10g062110.2,dispersed,Unmethylated,Solyc01g098560.3,0.269848,2.99639,0.0900577,9.32437e-22
13512,Solyc10g062200.2,dispersed,Unclassified,Solyc10g081270.2,0.400072,3.42436,0.116831,3.0155e-26
13513,Solyc10g062220.2,dispersed,TE-like,Solyc10g081270.2,0.551589,3.52619,0.156426,3.07951e-20
13514,Solyc10g068340.2,dispersed,TE-like,Solyc10g075010.1,0.373337,1.34605,0.277357,8.9423e-08
13515,Solyc10g074410.1,dispersed,TE-like,Solyc10g050280.1,0.0806858,0.0850479,0.948711,0.999875
13516,Solyc10g074430.2,dispersed,TE-like,Solyc07g017280.2,0.0364841,0.0455843,0.800364,0.56418
13517,Solyc10g074450.1,dispersed,Unclassified,Solyc10g055420.2,0.0923852,0.0770451,1.1991,0.983589
13518,Solyc10g074500.2,dispersed,Unclassified,Solyc08g077920.3,0.500261,4.17223,0.119902,4.34872e-38
13519,Solyc10g074600.2,dispersed,TE-like,Solyc11g045220.2,1.32349,1.08858,1.21579,0.179615
13520,Solyc10g074790.2,dispersed,TE-like,Solyc02g082450.3,0.665085,4.24313,0.156744,3.40949e-33
13521,Solyc10g074823.1,dispersed,TE-like,Solyc08g076740.3,0.277537,0.580401,0.478181,0.0342176
13522,Solyc10g074830.1,dispersed,TE-like,Solyc08g076770.3,0.257488,0.281063,0.91612,1
13523,Solyc10g074850.2,dispersed,Unclassified,Solyc12g017380.2,0.302462,2.77415,0.109029,4.30149e-28
13524,Solyc10g074910.2,dispersed,TE-like,Solyc05g010250.2,0.639798,3.68095,0.173813,1.21556e-15
13525,Solyc10g075010.1,dispersed,Unclassified,Solyc10g068340.2,0.373337,1.34605,0.277357,8.9423e-08
13526,Solyc10g075080.1,dispersed,Unmethylated,Solyc10g018907.1,0.524875,3.20369,0.163834,1.69512e-13
13527,Solyc10g076305.1,dispersed,TE-like,Solyc10g076990.2,0.0837682,0.169323,0.494724,0.0126025
13528,Solyc10g076440.1,dispersed,gbM,Solyc02g037540.2,0.42966,2.71945,0.157996,1.10871e-80
13529,Solyc10g076510.2,dispersed,Unclassified,Solyc03g044330.1,0.989708,4.81991,0.205338,5.34268e-13
13530,Solyc10g076550.1,dispersed,Unclassified,Solyc09g014720.2,0.218624,2.89904,0.0754125,9.6281e-38
13531,Solyc10g076610.2,dispersed,gbM,Solyc06g050400.2,0.190625,1.29039,0.147727,3.71858e-10
13532,Solyc10g076630.1,dispersed,TE-like,Solyc03g013370.1,0.054763,0.0524947,1.04321,0.944915
13533,Solyc10g076640.1,dispersed,TE-like,Solyc06g082330.1,0.512428,1.64492,0.31152,1.25859e-11
13534,Solyc10g076810.1,dispersed,Unmethylated,Solyc01g088540.1,0.315982,2.44566,0.129201,3.12501e-22
13535,Solyc10g076910.2,dispersed,TE-like,Solyc07g039550.3,0.580356,4.83636,0.119999,3.64699e-150
13536,Solyc10g076940.2,dispersed,gbM,Solyc01g096730.2,0.274742,4.3725,0.0628339,7.57996e-80
13537,Solyc10g076990.2,dispersed,TE-like,Solyc08g067930.3,0.752798,4.51073,0.16689,2.04066e-44
13538,Solyc10g078190.2,dispersed,gbM,Solyc02g062740.3,0.103135,0.669623,0.154019,3.03727e-42
13539,Solyc10g078265.1,dispersed,TE-like,Solyc09g092690.3,0.375069,4.13414,0.0907249,2.75207e-64
13540,Solyc10g078340.2,dispersed,gbM,Solyc11g062390.2,0.305585,1.54788,0.197421,5.15323e-44
13541,Solyc10g078430.2,dispersed,TE-like,Solyc09g010670.3,0.412315,3.86951,0.106555,1.07249e-41
13542,Solyc10g078450.2,dispersed,Unclassified,Solyc10g081370.2,0.624959,2.96997,0.210426,2.00893e-09
13543,Solyc10g078470.2,dispersed,gbM,Solyc07g032290.2,0.204466,0.289849,0.705421,0.179444
13544,Solyc10g078570.1,dispersed,NA,NA,NA,NA,NA,NA
13545,Solyc10g078620.1,dispersed,gbM,Solyc11g042610.2,0.0628568,0.629914,0.0997864,4.84469e-24
13546,Solyc10g078630.2,dispersed,Unclassified,Solyc02g021400.2,NA,0.203523,-1.09101e-14,NA
13547,Solyc10g078730.2,dispersed,gbM,Solyc12g041890.2,0.439216,4.08544,0.107507,4.17412e-41
13548,Solyc10g078740.2,dispersed,gbM,Solyc01g006450.3,0.147092,4.21146,0.0349265,1.52378e-91
13549,Solyc10g078950.2,dispersed,TE-like,Solyc03g059010.3,0.0841476,1.02321,0.0822388,3.30514e-57
13550,Solyc10g079010.2,dispersed,TE-like,Solyc01g067150.1,0.155087,0.612304,0.253284,6.76527e-08
13551,Solyc10g079020.1,dispersed,NA,Solyc12g044200.2,0.252968,0.494668,0.511389,0.0223931
13552,Solyc10g079130.2,dispersed,gbM,Solyc06g073350.3,0.267691,4.2956,0.0623176,1.6709e-83
13553,Solyc10g079140.2,dispersed,TE-like,Solyc11g005900.2,0.796814,3.86639,0.206087,2.65252e-26
13554,Solyc10g079160.1,dispersed,TE-like,Solyc11g019970.2,0.602934,4.13093,0.145956,9.95439e-39
13555,Solyc10g079210.2,dispersed,gbM,Solyc06g024310.1,0.0687602,0.389824,0.176388,0.00229206
13556,Solyc10g079220.2,dispersed,TE-like,Solyc04g025760.1,0.566226,3.48158,0.162635,1.36679e-29
13557,Solyc10g079230.3,dispersed,TE-like,Solyc04g019310.2,0.445653,2.19896,0.202665,9.23786e-28
13558,Solyc10g079310.2,dispersed,gbM,Solyc03g096220.3,0.0149485,0.121128,0.123411,0.00702414
13559,Solyc10g079470.3,dispersed,TE-like,Solyc09g005180.3,1.09148,4.38223,0.249069,9.008e-16
13560,Solyc10g079480.1,dispersed,TE-like,Solyc04g040190.1,0.0617576,1.4327,0.0431058,3.44647e-78
13561,Solyc10g079510.2,dispersed,TE-like,Solyc03g120200.2,0.79997,4.62409,0.173001,1.80332e-53
13562,Solyc10g079515.1,dispersed,Unclassified,NA,NA,NA,NA,NA
13563,Solyc10g079540.1,dispersed,TE-like,Solyc03g097700.3,0.376679,4.04331,0.093161,2.31224e-35
13564,Solyc10g079560.1,dispersed,Unclassified,Solyc11g005270.1,0.39444,3.65177,0.108013,3.83685e-28
13565,Solyc10g079640.2,dispersed,TE-like,Solyc05g006220.3,0.343101,4.10766,0.0835271,7.72693e-58
13566,Solyc10g079840.2,dispersed,TE-like,Solyc09g074650.3,0.989554,4.13628,0.239238,9.19834e-11
13567,Solyc10g080090.2,dispersed,gbM,Solyc03g119830.3,1.01722,4.49597,0.226251,2.74031e-23
13568,Solyc10g080130.2,dispersed,TE-like,Solyc08g007520.3,1.00561,1.99047,0.50521,8.71707e-05
13569,Solyc10g080220.2,dispersed,gbM,Solyc01g100790.1,0.473726,4.15975,0.113883,1.83893e-60
13570,Solyc10g080280.2,dispersed,TE-like,Solyc07g056120.3,0.825003,4.01172,0.205648,1.23186e-26
13571,Solyc10g080395.1,dispersed,TE-like,Solyc08g041664.1,0.0530367,0.0965107,0.549542,0.113517
13572,Solyc10g080397.1,dispersed,Unclassified,Solyc09g064775.1,0.247326,0.708571,0.349049,0.0052859
13573,Solyc10g080440.2,dispersed,TE-like,Solyc03g053120.1,0.322196,2.39995,0.134251,5.39154e-17
13574,Solyc10g080490.2,dispersed,TE-like,Solyc03g062790.3,0.18527,0.863332,0.214598,5.09359e-18
13575,Solyc10g080630.2,dispersed,TE-like,Solyc04g010260.3,0.881305,4.87749,0.180688,2.25145e-62
13576,Solyc10g080710.2,dispersed,Unclassified,Solyc05g056250.3,0.929215,4.41711,0.210367,7.77719e-18
13577,Solyc10g080740.2,dispersed,TE-like,Solyc12g019960.2,0.159953,0.762856,0.209676,1.35999e-46
13578,Solyc10g080970.2,dispersed,TE-like,Solyc08g048240.3,0.351594,4.01521,0.0875654,1.91262e-68
13579,Solyc10g081100.2,dispersed,TE-like,Solyc10g081290.2,0.433066,1.87173,0.231372,1.90736e-10
13580,Solyc10g081110.2,dispersed,Unclassified,Solyc12g056400.2,0.546389,3.91587,0.139532,6.49332e-21
13581,Solyc10g081210.2,dispersed,Unclassified,Solyc09g009900.3,0.240723,1.34201,0.179375,1.79401e-09
13582,Solyc10g081260.2,dispersed,TE-like,Solyc04g074850.3,0.519999,2.91821,0.178191,4.09372e-34
13583,Solyc10g081270.2,dispersed,gbM,Solyc10g062200.2,0.400072,3.42436,0.116831,3.0155e-26
13584,Solyc10g081290.2,dispersed,Unclassified,Solyc10g081100.2,0.433066,1.87173,0.231372,1.90736e-10
13585,Solyc10g081310.2,dispersed,TE-like,Solyc02g068700.3,0.27712,3.41805,0.0810755,8.92469e-37
13586,Solyc10g081330.2,dispersed,Unclassified,Solyc01g008970.3,0.511482,4.00484,0.127716,3.86216e-43
13587,Solyc10g081370.2,dispersed,Unclassified,Solyc10g078450.2,0.624959,2.96997,0.210426,2.00893e-09
13588,Solyc10g081430.2,dispersed,Unclassified,Solyc08g062600.2,0.344666,4.17285,0.0825975,3.35922e-98
13589,Solyc10g081440.2,dispersed,gbM,Solyc05g018520.3,0.480802,3.82957,0.12555,3.11544e-31
13590,Solyc10g081510.2,dispersed,gbM,Solyc01g009180.3,0.0707775,4.60277,0.0153771,1.40808e-212
13591,Solyc10g081540.2,dispersed,gbM,Solyc06g066300.1,0.919716,4.17382,0.220353,8.08662e-22
13592,Solyc10g081600.2,dispersed,TE-like,Solyc07g042930.3,0.850104,4.01344,0.211815,4.70002e-19
13593,Solyc10g081820.2,dispersed,TE-like,Solyc10g050450.2,0.268073,3.70655,0.0723241,4.43233e-71
13594,Solyc10g081830.2,dispersed,gbM,Solyc07g018300.3,0.281869,2.88263,0.0977818,4.04103e-34
13595,Solyc10g081990.1,dispersed,TE-like,Solyc11g039953.1,0.188839,1.48762,0.126941,2.57495e-10
13596,Solyc10g082010.1,dispersed,TE-like,Solyc07g044920.1,0.709371,3.79966,0.186693,1.41867e-16
13597,Solyc10g082055.1,dispersed,gbM,Solyc03g097882.1,0.0680401,0.118119,0.576029,0.174089
13598,Solyc10g083110.2,dispersed,gbM,Solyc03g044660.3,0.0554857,0.277737,0.199778,1.07319e-13
13599,Solyc10g083150.2,dispersed,TE-like,Solyc08g061890.3,0.823901,4.44813,0.185224,1.39291e-73
13600,Solyc10g083270.3,dispersed,Unclassified,Solyc06g064640.3,0.69876,4.03103,0.173345,9.43459e-20
13601,Solyc10g083350.2,dispersed,TE-like,Solyc01g056880.2,0.163158,0.270401,0.603393,0.119397
13602,Solyc10g083470.2,dispersed,TE-like,Solyc11g012330.2,0.337993,0.985314,0.343031,5.14583e-17
13603,Solyc10g083550.1,dispersed,gbM,Solyc10g083830.2,0.214247,1.1423,0.187558,3.14411e-25
13604,Solyc10g083640.2,dispersed,gbM,Solyc01g103090.3,0.808538,4.02871,0.200694,5.10078e-21
13605,Solyc10g083650.1,dispersed,Unmethylated,Solyc07g020860.3,0.319311,3.45803,0.092339,0
13606,Solyc10g083770.2,dispersed,TE-like,Solyc04g009810.3,0.535544,4.05092,0.132203,3.80224e-26
13607,Solyc10g083790.2,dispersed,gbM,Solyc10g085810.2,0.19762,0.831638,0.237627,8.17822e-14
13608,Solyc10g083795.1,dispersed,gbM,Solyc11g040222.1,0.401832,3.69463,0.108761,2.24712e-33
13609,Solyc10g083820.2,dispersed,Unclassified,Solyc07g043240.3,0.345196,3.91039,0.0882767,1.24632e-62
13610,Solyc10g084060.2,dispersed,NA,Solyc04g040210.3,0.139097,0.91849,0.151441,1.09327e-05
13611,Solyc10g084140.2,dispersed,TE-like,Solyc05g018650.3,0.256767,3.97239,0.0646381,4.47344e-56
13612,Solyc10g084160.2,dispersed,gbM,Solyc04g064560.3,0.875287,4.20595,0.208107,1.86807e-28
13613,Solyc10g084170.1,dispersed,Unmethylated,Solyc04g014740.2,0.706796,3.61083,0.195743,4.07332e-22
13614,Solyc10g084200.2,dispersed,TE-like,Solyc11g039570.2,0.218636,3.13045,0.0698416,1.14591e-52
13615,Solyc10g084210.2,dispersed,TE-like,Solyc11g069230.2,0.251346,3.0002,0.0837764,3.39437e-39
13616,Solyc10g084220.2,dispersed,TE-like,Solyc04g082845.1,0.580503,4.48626,0.129396,9.80054e-81
13617,Solyc10g084270.2,dispersed,TE-like,Solyc08g041890.3,0.689645,4.32313,0.159525,6.29285e-27
13618,Solyc10g084440.2,dispersed,TE-like,Solyc07g014660.2,0.183239,0.437274,0.419049,0.0109145
13619,Solyc10g084510.1,dispersed,Unmethylated,Solyc11g072890.1,0.54237,3.27334,0.165693,3.66245e-21
13620,Solyc10g084640.1,dispersed,Unmethylated,Solyc12g096840.2,0.521867,2.23393,0.23361,1.63641e-13
13621,Solyc10g084680.1,dispersed,Unclassified,Solyc03g119930.1,0.271983,4.32082,0.062947,2.83911e-87
13622,Solyc10g084700.2,dispersed,gbM,Solyc01g058530.3,0.178292,0.499713,0.356789,0.000296977
13623,Solyc10g084740.2,dispersed,gbM,NA,NA,NA,NA,NA
13624,Solyc10g084745.1,dispersed,TE-like,Solyc08g008040.3,0.45197,3.02526,0.149399,5.08049e-07
13625,Solyc10g084830.2,dispersed,TE-like,Solyc11g008440.2,0.413934,4.43592,0.093314,1.09963e-67
13626,Solyc10g084850.2,dispersed,gbM,Solyc00g027640.1,0.0799956,2.04413,0.0391342,1.41507e-37
13627,Solyc10g084980.2,dispersed,Unmethylated,Solyc08g006250.1,0.390428,3.3536,0.116421,3.71545e-14
13628,Solyc10g085220.2,dispersed,Unclassified,Solyc06g066680.3,0.819157,4.00847,0.204357,3.70018e-16
13629,Solyc10g085430.2,dispersed,TE-like,Solyc09g014860.3,0.30166,3.71144,0.0812783,7.86433e-33
13630,Solyc10g085460.2,dispersed,TE-like,Solyc10g054600.1,0.186635,0.395822,0.471511,0.00292368
13631,Solyc10g085680.2,dispersed,gbM,Solyc12g021280.2,0.612713,4.24458,0.144352,7.50428e-48
13632,Solyc10g085700.1,dispersed,gbM,Solyc03g043600.2,0.768159,3.95788,0.194084,1.14724e-20
13633,Solyc10g085780.1,dispersed,NA,Solyc10g085460.2,0.318718,0.817197,0.390013,0.000151662
13634,Solyc10g085810.2,dispersed,gbM,Solyc10g083790.2,0.19762,0.831638,0.237627,8.17822e-14
13635,Solyc10g086170.1,dispersed,Unclassified,Solyc10g047300.2,0.465184,4.20022,0.110752,1.85562e-55
13636,Solyc10g086240.2,dispersed,TE-like,Solyc09g008060.3,0.284213,2.68665,0.105787,6.16631e-61
13637,Solyc10g086590.2,dispersed,gbM,Solyc10g085460.2,0.394088,1.26913,0.310519,5.08895e-09
13638,Solyc11g005020.2,dispersed,TE-like,Solyc01g080840.3,0.442717,4.44777,0.099537,3.28532e-81
13639,Solyc11g005050.2,dispersed,Unmethylated,Solyc06g060080.2,0.0727541,1.78638,0.0407272,1.1233e-08
13640,Solyc11g005080.1,dispersed,Unclassified,Solyc06g009370.3,0.443483,4.14351,0.107031,1.60222e-53
13641,Solyc11g005100.2,dispersed,TE-like,Solyc04g005205.1,0.604978,0.997963,0.606213,0.00217894
13642,Solyc11g005150.2,dispersed,Unclassified,Solyc07g053840.1,0.432901,4.08278,0.106031,8.93174e-67
13643,Solyc11g005210.1,dispersed,Unclassified,NA,NA,NA,NA,NA
13644,Solyc11g005340.2,dispersed,TE-like,Solyc09g090330.3,0.866119,2.80552,0.308719,3.21389e-07
13645,Solyc11g005400.2,dispersed,TE-like,Solyc03g063350.3,0.727311,3.75747,0.193564,7.09626e-22
13646,Solyc11g005470.1,dispersed,TE-like,Solyc08g016110.1,0.0374286,0.294622,0.12704,1.24701e-08
13647,Solyc11g005550.2,dispersed,TE-like,Solyc09g065280.3,0.780124,2.23478,0.349082,1.6317e-07
13648,Solyc11g005580.1,dispersed,TE-like,Solyc00g030210.2,0.833683,4.09175,0.203747,6.10875e-25
13649,Solyc11g005600.2,dispersed,gbM,Solyc09g090400.3,0.180018,4.18032,0.0430633,1.23992e-79
13650,Solyc11g005680.2,dispersed,Unclassified,Solyc06g073370.3,0.00278952,1.23829,0.00225272,1.37334e-38
13651,Solyc11g005720.1,dispersed,Unmethylated,Solyc06g060470.1,0.502288,2.1667,0.231821,1.9651e-15
13652,Solyc11g005730.2,dispersed,gbM,Solyc03g082860.3,0.335088,4.12329,0.0812673,3.70259e-43
13653,Solyc11g005800.2,dispersed,gbM,Solyc11g067200.2,0.776305,4.12658,0.188123,8.90929e-25
13654,Solyc11g005870.2,dispersed,TE-like,Solyc04g074670.3,0.396338,4.3562,0.0909823,5.70797e-67
13655,Solyc11g005900.2,dispersed,Unclassified,Solyc10g079140.2,0.796814,3.86639,0.206087,2.65252e-26
13656,Solyc11g005910.2,dispersed,TE-like,Solyc11g043120.2,0.755697,4.2761,0.176726,5.56214e-30
13657,Solyc11g005940.2,dispersed,TE-like,Solyc01g111470.3,0.812786,4.5544,0.178462,2.16691e-37
13658,Solyc11g005950.2,dispersed,Unclassified,Solyc11g072720.2,0.757764,4.31273,0.175704,3.89189e-31
13659,Solyc11g005960.1,dispersed,gbM,Solyc12g006575.1,0.587866,4.54923,0.129223,8.09682e-42
13660,Solyc11g005970.1,dispersed,TE-like,Solyc07g042130.3,0.590657,4.44845,0.132778,4.60952e-78
13661,Solyc11g005980.2,dispersed,gbM,Solyc01g006370.3,0.30388,4.67469,0.0650053,2.69747e-173
13662,Solyc11g005990.2,dispersed,gbM,Solyc06g059760.3,0.740998,4.6762,0.158462,5.35923e-37
13663,Solyc11g006070.2,dispersed,TE-like,Solyc01g111170.3,0.21259,3.51125,0.0605454,1.2998e-44
13664,Solyc11g006090.2,dispersed,TE-like,Solyc01g091470.3,0.405317,3.89577,0.10404,6.5285e-42
13665,Solyc11g006260.2,dispersed,Unclassified,Solyc11g006950.2,0.210216,2.73762,0.0767878,1.05542e-15
13666,Solyc11g006340.2,dispersed,TE-like,Solyc00g022920.2,0.536317,3.47648,0.15427,1.28593e-16
13667,Solyc11g006700.1,dispersed,TE-like,Solyc05g010620.2,0.543924,4.46886,0.121714,7.0669e-69
13668,Solyc11g006710.2,dispersed,Unclassified,Solyc08g077820.3,0.467581,3.76668,0.124136,3.84614e-26
13669,Solyc11g006920.2,dispersed,Unclassified,Solyc01g100410.3,0.789269,2.55829,0.308515,0.000108113
13670,Solyc11g006940.2,dispersed,TE-like,Solyc05g055260.3,0.126961,1.29884,0.0977496,2.46219e-13
13671,Solyc11g006950.2,dispersed,Unclassified,Solyc11g006260.2,0.210216,2.73762,0.0767878,1.05542e-15
13672,Solyc11g006960.2,dispersed,TE-like,Solyc07g040980.3,0.663316,5.02672,0.131958,7.30664e-76
13673,Solyc11g006990.2,dispersed,TE-like,Solyc06g082070.3,0.535264,4.01812,0.133212,2.35323e-44
13674,Solyc11g007050.1,dispersed,TE-like,Solyc08g080020.1,0.422711,2.73269,0.154687,9.38416e-13
13675,Solyc11g007090.2,dispersed,TE-like,Solyc03g111180.3,0.321351,4.17929,0.0768911,2.87681e-109
13676,Solyc11g007100.1,dispersed,Unclassified,Solyc01g005180.1,0.389395,0.722812,0.538723,0.0311371
13677,Solyc11g007120.2,dispersed,gbM,Solyc05g044630.3,0.733666,3.42263,0.214357,1.36201e-19
13678,Solyc11g007160.2,dispersed,TE-like,Solyc09g011210.3,0.501021,3.47316,0.144255,3.11436e-18
13679,Solyc11g007230.1,dispersed,TE-like,Solyc07g062820.1,0.630412,4.31517,0.146092,5.19532e-38
13680,Solyc11g007350.1,dispersed,TE-like,Solyc04g081830.1,0.443484,4.17638,0.106189,3.46054e-51
13681,Solyc11g007630.2,dispersed,TE-like,Solyc11g007730.2,0.025257,0.27668,0.0912859,0.000533955
13682,Solyc11g007660.1,dispersed,TE-like,Solyc09g089640.2,0.563054,4.31051,0.130623,2.82225e-66
13683,Solyc11g007730.2,dispersed,TE-like,Solyc11g007630.2,0.025257,0.27668,0.0912859,0.000533955
13684,Solyc11g007740.2,dispersed,TE-like,Solyc09g065270.3,0.751972,2.57401,0.292141,1.48795e-09
13685,Solyc11g007780.2,dispersed,TE-like,Solyc07g047970.3,0.660783,4.08784,0.161646,7.82086e-23
13686,Solyc11g007790.1,dispersed,TE-like,Solyc08g007250.2,0.831541,4.0228,0.206707,1.51326e-27
13687,Solyc11g007840.2,dispersed,gbM,Solyc01g095300.3,0.536387,4.80694,0.111586,1.73234e-84
13688,Solyc11g007980.2,dispersed,TE-like,Solyc04g083140.2,0.150846,0.768,0.196414,7.49689e-29
13689,Solyc11g008040.2,dispersed,TE-like,Solyc07g014590.3,0.896867,4.48059,0.200167,4.59785e-42
13690,Solyc11g008070.1,dispersed,Unmethylated,Solyc10g047210.1,0.481657,3.12856,0.153955,6.17244e-15
13691,Solyc11g008080.2,dispersed,TE-like,Solyc11g073180.2,0.581532,2.0968,0.277343,3.95435e-08
13692,Solyc11g008090.2,dispersed,TE-like,Solyc11g066350.2,0.448956,3.81569,0.117661,4.24111e-48
13693,Solyc11g008150.2,dispersed,TE-like,Solyc04g064700.3,0.717122,4.73405,0.151482,4.96994e-79
13694,Solyc11g008440.2,dispersed,TE-like,Solyc05g053965.1,0.559786,4.20757,0.133043,6.15113e-35
13695,Solyc11g008470.2,dispersed,TE-like,Solyc01g099380.3,0.285582,0.577631,0.494403,8.08824e-05
13696,Solyc11g008480.2,dispersed,TE-like,NA,NA,NA,NA,NA
13697,Solyc11g008510.2,dispersed,TE-like,Solyc03g058990.2,0.0508339,0.269183,0.188846,0.0023292
13698,Solyc11g008550.2,dispersed,TE-like,Solyc02g068920.3,0.401288,4.19281,0.0957085,3.19861e-64
13699,Solyc11g008680.2,dispersed,gbM,Solyc06g053480.3,0.14014,4.17206,0.03359,1.1012e-96
13700,Solyc11g008710.2,dispersed,TE-like,Solyc02g077990.3,0.894957,3.94745,0.226718,3.02095e-10
13701,Solyc11g008725.1,dispersed,TE-like,Solyc06g048400.1,0.313049,1.26548,0.247376,6.0318e-09
13702,Solyc11g008740.2,dispersed,TE-like,Solyc06g074860.2,0.636945,3.4909,0.182459,2.43895e-16
13703,Solyc11g008760.2,dispersed,TE-like,Solyc01g080720.3,0.84986,4.67341,0.18185,7.05063e-35
13704,Solyc11g008770.2,dispersed,TE-like,Solyc12g096810.2,0.227196,2.31658,0.0980739,1.52612e-107
13705,Solyc11g008860.2,dispersed,TE-like,Solyc01g056310.3,0.210768,4.2156,0.0499972,2.95004e-72
13706,Solyc11g008870.2,dispersed,TE-like,Solyc05g055730.3,0.0585923,0.79954,0.0732825,1.39463e-68
13707,Solyc11g008940.1,dispersed,TE-like,Solyc03g093630.2,0.498813,4.39111,0.113596,6.61935e-78
13708,Solyc11g008980.1,dispersed,Unmethylated,Solyc12g015680.1,0.533481,2.49508,0.213813,8.26569e-13
13709,Solyc11g009040.2,dispersed,Unmethylated,Solyc04g077170.3,0.75994,3.25479,0.233484,1.90982e-07
13710,Solyc11g009090.2,dispersed,gbM,Solyc10g047360.2,0.157748,2.08919,0.0755067,1.37358e-35
13711,Solyc11g010180.2,dispersed,gbM,Solyc04g012155.1,0.243329,0.920173,0.264439,0.000218553
13712,Solyc11g010190.1,dispersed,Unclassified,Solyc05g051510.3,0.0607902,1.24214,0.0489401,1.47249e-46
13713,Solyc11g010220.2,dispersed,gbM,Solyc06g064600.1,0.527399,4.41332,0.119502,1.74802e-55
13714,Solyc11g010260.2,dispersed,TE-like,Solyc09g082170.3,0.573784,4.09389,0.140156,4.52282e-40
13715,Solyc11g010350.2,dispersed,TE-like,Solyc12g056960.2,0.440326,4.2745,0.103012,3.93768e-64
13716,Solyc11g010550.2,dispersed,TE-like,Solyc07g014610.3,0.912916,3.31164,0.275669,1.94594e-21
13717,Solyc11g011160.1,dispersed,Unclassified,Solyc05g051290.3,0.223511,1.01948,0.219241,6.236e-10
13718,Solyc11g011220.2,dispersed,gbM,Solyc05g026540.3,0.342063,2.06814,0.165397,4.11743e-56
13719,Solyc11g011225.1,dispersed,gbM,Solyc12g042655.1,0.368618,0.657523,0.560615,0.000624326
13720,Solyc11g011250.2,dispersed,TE-like,Solyc06g075513.1,0.435721,3.30276,0.131927,2.3136e-22
13721,Solyc11g011430.1,dispersed,Unclassified,Solyc09g031810.2,0.10522,0.142767,0.737004,0.417061
13722,Solyc11g011500.2,dispersed,gbM,Solyc12g006850.2,0.721238,4.70453,0.153307,6.13624e-58
13723,Solyc11g011780.2,dispersed,gbM,Solyc06g053800.2,0.128991,4.27384,0.0301816,2.33664e-113
13724,Solyc11g011790.2,dispersed,TE-like,NA,NA,NA,NA,NA
13725,Solyc11g011800.2,dispersed,Unclassified,Solyc01g104070.3,0.990723,4.43102,0.223588,3.83089e-22
13726,Solyc11g011860.1,dispersed,TE-like,Solyc03g093630.2,0.555142,4.39669,0.126264,8.79719e-60
13727,Solyc11g011930.2,dispersed,TE-like,Solyc01g005560.3,0.0493101,1.46431,0.0336746,1.36422e-76
13728,Solyc11g011940.2,dispersed,TE-like,Solyc04g025740.2,0.31293,0.534476,0.58549,0.0949328
13729,Solyc11g012030.2,dispersed,gbM,Solyc05g006210.3,0.152766,2.00308,0.0762656,2.40153e-58
13730,Solyc11g012140.2,dispersed,TE-like,Solyc01g080810.3,0.884125,4.79553,0.184365,7.42825e-46
13731,Solyc11g012170.1,dispersed,TE-like,Solyc11g012705.1,0.406477,3.16531,0.128416,5.45788e-12
13732,Solyc11g012180.2,dispersed,TE-like,Solyc05g056240.3,0.610979,3.27019,0.186833,1.39378e-14
13733,Solyc11g012195.1,dispersed,TE-like,Solyc06g005865.1,0.0588161,0.34617,0.169905,1.67922e-06
13734,Solyc11g012475.1,dispersed,TE-like,Solyc01g091610.1,0.644003,4.24778,0.151609,1.05576e-60
13735,Solyc11g012480.2,dispersed,TE-like,Solyc11g065760.2,0.333036,3.4815,0.0956588,1.78495e-25
13736,Solyc11g012570.2,dispersed,TE-like,Solyc08g079640.2,0.249803,0.911397,0.274088,1.93322e-07
13737,Solyc11g012625.1,dispersed,TE-like,Solyc09g014977.1,0.214867,0.545945,0.39357,4.14053e-06
13738,Solyc11g012705.1,dispersed,TE-like,Solyc11g012170.1,0.406477,3.16531,0.128416,5.45788e-12
13739,Solyc11g012730.2,dispersed,Unclassified,Solyc02g062540.3,0.50403,3.41109,0.147762,5.98332e-20
13740,Solyc11g012810.2,dispersed,TE-like,Solyc02g069810.2,0.588914,4.31458,0.136494,1.17088e-33
13741,Solyc11g012820.2,dispersed,TE-like,Solyc03g111680.3,0.894555,4.01196,0.222972,3.46934e-20
13742,Solyc11g012850.2,dispersed,gbM,Solyc06g060310.3,0.0672419,1.13934,0.0590184,6.44734e-71
13743,Solyc11g013000.2,dispersed,Unclassified,Solyc06g060450.3,0.30182,0.953715,0.316467,3.53171e-08
13744,Solyc11g013060.1,dispersed,Unmethylated,Solyc11g018740.2,0.101976,0.191109,0.5336,0.0405213
13745,Solyc11g013065.1,dispersed,TE-like,Solyc11g018743.1,0.631784,1.88037,0.33599,0.000766389
13746,Solyc11g013080.2,dispersed,TE-like,Solyc11g018747.1,0.205337,0.515689,0.398179,0.000741493
13747,Solyc11g013210.2,dispersed,TE-like,Solyc12g036090.2,0.446475,3.11824,0.143182,2.3862e-15
13748,Solyc11g013260.2,dispersed,Unclassified,Solyc12g005500.2,0.466061,3.9125,0.119121,9.55073e-52
13749,Solyc11g013297.1,dispersed,TE-like,Solyc10g054383.1,0.0584495,0.141447,0.413225,0.0800609
13750,Solyc11g013330.2,dispersed,NA,Solyc01g104010.2,0.236236,3.8493,0.0613713,1.07012e-62
13751,Solyc11g013375.1,dispersed,TE-like,Solyc04g039675.1,0.283198,0.491727,0.575925,0.000534175
13752,Solyc11g013397.1,dispersed,TE-like,Solyc12g035225.1,0.0955816,0.252476,0.378577,0.000164162
13753,Solyc11g013460.2,dispersed,TE-like,Solyc00g134830.1,0.887072,4.02319,0.22049,1.65122e-13
13754,Solyc11g013467.1,dispersed,Unclassified,Solyc01g102880.2,0.53406,3.94333,0.135434,1.63766e-36
13755,Solyc11g013730.2,dispersed,TE-like,Solyc03g059230.2,0.0940489,0.321108,0.292889,0.0124922
13756,Solyc11g013740.2,dispersed,TE-like,Solyc08g062250.2,0.19284,0.619866,0.3111,0.000500217
13757,Solyc11g013750.2,dispersed,TE-like,Solyc01g113620.2,0.407243,2.11838,0.192243,6.23362e-74
13758,Solyc11g013780.1,dispersed,TE-like,NA,NA,NA,NA,NA
13759,Solyc11g013840.2,dispersed,gbM,Solyc02g068690.3,0.557951,3.76236,0.148298,2.96713e-31
13760,Solyc11g016980.2,dispersed,TE-like,Solyc05g051370.3,0.0746713,0.156819,0.476163,0.0189307
13761,Solyc11g017035.1,dispersed,TE-like,Solyc08g044360.2,0.133042,0.18438,0.721568,0.256582
13762,Solyc11g017050.1,dispersed,TE-like,Solyc04g005630.3,0.401755,4.32151,0.0929664,1.38933e-67
13763,Solyc11g017070.2,dispersed,TE-like,Solyc09g065280.3,0.918408,3.80771,0.241197,1.8096e-18
13764,Solyc11g017073.1,dispersed,TE-like,Solyc07g032493.1,0.253557,1.36345,0.185967,7.75779e-16
13765,Solyc11g017180.1,dispersed,TE-like,NA,NA,NA,NA,NA
13766,Solyc11g017210.2,dispersed,gbM,Solyc05g007700.1,NA,NA,NA,NA
13767,Solyc11g017220.1,dispersed,gbM,Solyc12g008370.2,0.243717,1.73476,0.140491,3.82445e-29
13768,Solyc11g017290.1,dispersed,TE-like,Solyc11g062250.1,0.517258,4.40988,0.117295,1.69432e-49
13769,Solyc11g017300.2,dispersed,TE-like,Solyc06g073150.3,0.0257945,0.291982,0.0883428,3.95847e-24
13770,Solyc11g017335.1,dispersed,TE-like,Solyc11g011540.2,0.261687,0.568794,0.460074,2.37786e-05
13771,Solyc11g017400.2,dispersed,gbM,Solyc08g074360.3,0.0538566,0.178626,0.301504,6.03309e-05
13772,Solyc11g018555.1,dispersed,TE-like,NA,NA,NA,NA,NA
13773,Solyc11g018560.2,dispersed,TE-like,Solyc02g090420.2,0.656637,3.78151,0.173644,5.07453e-16
13774,Solyc11g018640.1,dispersed,TE-like,Solyc04g047790.1,0.22083,0.102181,2.16118,0.0860575
13775,Solyc11g018650.1,dispersed,TE-like,Solyc10g062080.1,0.241571,0.514572,0.46946,0.0438935
13776,Solyc11g018710.1,dispersed,Unclassified,Solyc06g065340.1,0.248418,1.3461,0.184547,1.28635e-09
13777,Solyc11g018740.2,dispersed,TE-like,Solyc11g013060.1,0.101976,0.191109,0.5336,0.0405213
13778,Solyc11g018743.1,dispersed,TE-like,Solyc11g013065.1,0.631784,1.88037,0.33599,0.000766389
13779,Solyc11g018747.1,dispersed,TE-like,Solyc11g013080.2,0.205337,0.515689,0.398179,0.000741493
13780,Solyc11g018833.1,dispersed,TE-like,Solyc01g059760.2,0.0609425,0.0690119,0.883073,0.588456
13781,Solyc11g018837.1,dispersed,TE-like,Solyc09g014340.2,0.164811,0.480202,0.343211,0.000497852
13782,Solyc11g019920.2,dispersed,TE-like,Solyc06g065320.3,0.151191,0.946607,0.159718,1.86212e-31
13783,Solyc11g019935.1,dispersed,gbM,Solyc06g065335.1,0.431582,1.13043,0.381786,0.00776597
13784,Solyc11g019970.2,dispersed,TE-like,Solyc01g103640.3,0.581993,4.15969,0.139913,5.21513e-27
13785,Solyc11g019990.3,dispersed,TE-like,Solyc03g083340.2,0.288095,0.689483,0.417842,0.00276895
13786,Solyc11g020000.1,dispersed,Unclassified,Solyc03g025710.3,0.277735,0.513441,0.540929,0.0068208
13787,Solyc11g020030.2,dispersed,NA,Solyc06g073330.3,0.076803,0.512978,0.14972,3.60605e-07
13788,Solyc11g020140.1,dispersed,Unmethylated,Solyc04g054430.2,0.0260091,0.0428798,0.606559,0.478707
13789,Solyc11g020150.1,dispersed,TE-like,Solyc06g068710.3,0.172046,0.138015,1.24657,0.568368
13790,Solyc11g020153.1,dispersed,NA,Solyc09g064775.1,0.075927,0.142395,0.533212,0.387346
13791,Solyc11g020157.1,dispersed,TE-like,Solyc07g042035.1,0.0434059,0.0215384,2.01528,0.38469
13792,Solyc11g020217.1,dispersed,NA,Solyc11g040285.1,0.302886,1.84689,0.163998,6.03524e-08
13793,Solyc11g020315.1,dispersed,TE-like,Solyc05g023720.1,0.091274,0.291142,0.313503,0.00893422
13794,Solyc11g020320.1,dispersed,Unclassified,Solyc01g103550.1,0.714018,3.70024,0.192965,2.7637e-26
13795,Solyc11g020345.1,dispersed,TE-like,Solyc12g062875.1,0.257684,0.479653,0.537231,0.0153016
13796,Solyc11g020350.1,dispersed,NA,Solyc11g020490.2,0.0275354,0.0202269,1.36133,0.7727
13797,Solyc11g020490.2,dispersed,Unclassified,Solyc11g020350.1,0.0275354,0.0202269,1.36133,0.7727
13798,Solyc11g020555.1,dispersed,TE-like,Solyc06g034260.1,0.618485,1.65426,0.373873,0.00240015
13799,Solyc11g020590.2,dispersed,TE-like,NA,NA,NA,NA,NA
13800,Solyc11g020600.1,dispersed,TE-like,Solyc10g007345.1,0.5199,1.34384,0.386875,0.000657659
13801,Solyc11g020860.1,dispersed,Unclassified,Solyc07g005895.1,0.130454,0.796396,0.163805,4.74975e-05
13802,Solyc11g020875.1,dispersed,TE-like,Solyc12g049483.1,0.128673,0.162211,0.793245,0.289968
13803,Solyc11g021010.1,dispersed,TE-like,Solyc09g061900.1,0.0745958,0.082388,0.90542,0.817922
13804,Solyc11g021040.2,dispersed,TE-like,Solyc06g064960.3,0.0786424,0.205861,0.382016,0.0041482
13805,Solyc11g021070.2,dispersed,TE-like,Solyc02g014800.2,0.0819303,0.0947837,0.864392,0.990945
13806,Solyc11g021085.1,dispersed,TE-like,Solyc02g014777.1,0.125922,0.267724,0.470341,0.08556
13807,Solyc11g021090.2,dispersed,TE-like,Solyc03g095890.2,0.154746,0.265586,0.582656,0.11054
13808,Solyc11g021110.2,dispersed,TE-like,Solyc09g015260.1,0.151784,0.122124,1.24287,0.594426
13809,Solyc11g021170.1,dispersed,Unclassified,Solyc12g014485.1,0.297335,0.35091,0.847326,0.710889
13810,Solyc11g021250.1,dispersed,Unclassified,Solyc07g041680.2,0.0956912,0.24273,0.394229,0.0568101
13811,Solyc11g021360.2,dispersed,NA,Solyc01g049880.3,NA,0.0345085,6.43448e-14,NA
13812,Solyc11g021365.1,dispersed,TE-like,Solyc02g044003.1,0.240557,0.65018,0.369986,0.000701599
13813,Solyc11g022390.2,dispersed,TE-like,Solyc02g084750.3,0.90231,4.30356,0.209666,7.32014e-26
13814,Solyc11g022410.1,dispersed,TE-like,Solyc09g066050.2,0.0616325,0.237328,0.259693,0.00427328
13815,Solyc11g022420.2,dispersed,TE-like,Solyc05g015030.2,0.235383,0.502276,0.468632,0.000355642
13816,Solyc11g022427.1,dispersed,TE-like,Solyc08g062510.3,0.0687053,0.228624,0.300516,0.000475824
13817,Solyc11g022480.1,dispersed,Unclassified,Solyc01g021730.2,0.462688,1.6615,0.278475,7.80663e-07
13818,Solyc11g027660.1,dispersed,NA,Solyc06g024380.1,0.202678,0.31436,0.64473,0.131902
13819,Solyc11g027710.1,dispersed,Unclassified,Solyc00g010525.1,0.494929,1.08998,0.454072,0.000393345
13820,Solyc11g027770.1,dispersed,TE-like,Solyc11g051200.1,0.299926,0.319494,0.938753,0.893746
13821,Solyc11g027775.1,dispersed,TE-like,Solyc11g042610.2,0.111719,0.5421,0.206085,0.000311475
13822,Solyc11g027890.2,dispersed,TE-like,Solyc11g028120.1,0.17414,0.0672047,2.59119,0.11608
13823,Solyc11g028120.1,dispersed,TE-like,Solyc11g027890.2,0.17414,0.0672047,2.59119,0.11608
13824,Solyc11g028150.1,dispersed,TE-like,Solyc03g063470.1,0.712411,2.2816,0.312242,5.04775e-06
13825,Solyc11g028160.1,dispersed,TE-like,Solyc00g020040.1,0.195609,0.254043,0.769983,0.312676
13826,Solyc11g028175.1,dispersed,TE-like,Solyc05g026317.1,0.0812899,0.193901,0.419235,0.0579284
13827,Solyc11g030475.1,dispersed,TE-like,Solyc01g089907.1,0.474254,0.934543,0.507471,0.237992
13828,Solyc11g030570.1,dispersed,TE-like,Solyc10g061995.1,0.0914719,0.186701,0.489937,0.17636
13829,Solyc11g030650.1,dispersed,Unclassified,Solyc00g029500.1,0.155154,0.114268,1.35781,0.617577
13830,Solyc11g030710.2,dispersed,TE-like,Solyc02g067050.3,0.472208,3.86036,0.122322,5.3361e-31
13831,Solyc11g030730.2,dispersed,Unclassified,Solyc03g122360.3,0.307937,4.38629,0.0702044,6.9589e-76
13832,Solyc11g030770.1,dispersed,TE-like,Solyc05g055600.3,0.258931,0.481325,0.537954,0.0397937
13833,Solyc11g030790.2,dispersed,NA,Solyc03g063495.1,0.419123,0.620547,0.675408,0.133808
13834,Solyc11g030800.1,dispersed,NA,Solyc00g125980.1,0.0745301,0.0693308,1.07499,0.978987
13835,Solyc11g030810.1,dispersed,NA,Solyc11g056510.1,0.34366,0.424086,0.810354,0.746323
13836,Solyc11g030830.1,dispersed,NA,Solyc11g056340.1,0.16431,0.168055,0.977714,0.781404
13837,Solyc11g030850.1,dispersed,Unclassified,Solyc11g063540.1,0.271218,0.429857,0.630949,0.0985125
13838,Solyc11g030880.1,dispersed,TE-like,Solyc11g056270.2,0.200165,0.322797,0.620097,0.0895403
13839,Solyc11g030900.1,dispersed,Unclassified,Solyc01g011060.1,0.108073,0.405159,0.266743,0.000238135
13840,Solyc11g030930.2,dispersed,NA,Solyc10g045730.1,0.245972,0.443295,0.554872,0.227898
13841,Solyc11g030940.2,dispersed,TE-like,Solyc00g021640.3,0.114192,0.170107,0.671296,0.0964187
13842,Solyc11g032000.1,dispersed,TE-like,Solyc02g055510.1,0.0481676,0.0798758,0.603032,0.151245
13843,Solyc11g032020.1,dispersed,TE-like,Solyc02g044000.2,0.0689128,0.0466236,1.47807,0.469897
13844,Solyc11g032040.2,dispersed,Unclassified,Solyc10g052640.2,0.159606,0.307041,0.51982,0.0334072
13845,Solyc11g032072.1,dispersed,TE-like,Solyc11g013397.1,0.015507,0.115026,0.134813,0.0080005
13846,Solyc11g032074.1,dispersed,Unclassified,Solyc09g014977.1,0.0653045,0.147158,0.443771,0.205201
13847,Solyc11g032076.1,dispersed,TE-like,Solyc10g009055.1,0.061448,0.158807,0.386935,0.00537659
13848,Solyc11g038350.1,dispersed,Unmethylated,Solyc06g059995.1,0.102856,0.0935578,1.09939,0.973731
13849,Solyc11g039360.1,dispersed,Unclassified,Solyc00g052430.3,0.267802,0.445849,0.600656,0.0109676
13850,Solyc11g039540.1,dispersed,TE-like,Solyc03g119120.3,0.0543439,0.025596,2.12315,0.217643
13851,Solyc11g039570.2,dispersed,TE-like,Solyc09g072700.3,0.248447,3.91104,0.0635245,7.62984e-54
13852,Solyc11g039640.2,dispersed,TE-like,Solyc12g040816.1,0.0882268,0.142593,0.618733,0.079788
13853,Solyc11g039650.2,dispersed,TE-like,Solyc01g103120.3,0.137652,1.89791,0.0725282,7.05129e-49
13854,Solyc11g039690.1,dispersed,TE-like,Solyc03g119950.1,0.269385,0.755387,0.356618,2.15321e-05
13855,Solyc11g039715.1,dispersed,TE-like,Solyc06g009697.1,0.12531,0.373946,0.335101,0.00529022
13856,Solyc11g039807.1,dispersed,TE-like,Solyc11g040020.2,0.430418,1.39842,0.307788,0.00885013
13857,Solyc11g039830.2,dispersed,TE-like,Solyc03g118170.3,0.0871032,4.551,0.0191394,2.85429e-166
13858,Solyc11g039910.2,dispersed,TE-like,Solyc06g082270.2,0.0353442,0.227433,0.155405,2.33497e-10
13859,Solyc11g039930.2,dispersed,TE-like,Solyc06g075513.1,0.133075,0.254263,0.523376,0.0974265
13860,Solyc11g039953.1,dispersed,TE-like,Solyc10g081990.1,0.188839,1.48762,0.126941,2.57495e-10
13861,Solyc11g039960.2,dispersed,gbM,Solyc02g014090.3,0.191555,0.969864,0.197507,1.87643e-23
13862,Solyc11g039970.1,dispersed,TE-like,Solyc11g056460.1,0.323515,0.828154,0.390645,0.00490309
13863,Solyc11g039980.2,dispersed,TE-like,Solyc07g027010.1,0.0745576,0.0532559,1.39999,0.754548
13864,Solyc11g039990.1,dispersed,TE-like,Solyc03g051590.2,0.403547,0.513814,0.785394,0.387255
13865,Solyc11g040020.2,dispersed,TE-like,Solyc11g039807.1,0.430418,1.39842,0.307788,0.00885013
13866,Solyc11g040080.1,dispersed,TE-like,Solyc01g017140.1,0.14971,0.17348,0.862982,0.769151
13867,Solyc11g040105.1,dispersed,TE-like,Solyc08g065265.1,0.0918996,0.16499,0.557001,0.00909584
13868,Solyc11g040110.2,dispersed,Unclassified,Solyc08g005060.3,0.528131,3.66437,0.144126,8.85636e-15
13869,Solyc11g040140.2,dispersed,TE-like,Solyc05g053700.2,0.409485,3.62957,0.112819,6.43511e-18
13870,Solyc11g040170.2,dispersed,TE-like,NA,NA,NA,NA,NA
13871,Solyc11g040177.1,dispersed,TE-like,Solyc09g074185.1,0.145303,0.304188,0.477675,0.000517229
13872,Solyc11g040180.2,dispersed,TE-like,Solyc09g065015.1,0.331757,2.87303,0.115473,8.78013e-12
13873,Solyc11g040224.1,dispersed,Unclassified,Solyc05g016330.3,0.0886038,0.220447,0.401929,0.0213252
13874,Solyc11g040285.1,dispersed,TE-like,Solyc11g020217.1,0.302886,1.84689,0.163998,6.03524e-08
13875,Solyc11g040300.2,dispersed,Unclassified,Solyc07g063050.1,0.153399,1.36024,0.112774,3.1769e-07
13876,Solyc11g040380.2,dispersed,Unclassified,NA,NA,NA,NA,NA
13877,Solyc11g040390.2,dispersed,TE-like,Solyc11g072010.2,0.674183,3.86453,0.174454,1.03528e-17
13878,Solyc11g040410.1,dispersed,TE-like,Solyc11g071995.1,0.146552,0.156714,0.935155,0.851465
13879,Solyc11g042420.2,dispersed,Unmethylated,Solyc01g103220.3,0.041827,3.03829,0.0137666,3.25227e-27
13880,Solyc11g042422.1,dispersed,TE-like,Solyc05g039965.1,0.316563,0.312934,1.0116,0.867481
13881,Solyc11g042440.1,dispersed,Unmethylated,Solyc06g064610.1,0.280483,1.15368,0.24312,1.6715e-07
13882,Solyc11g042610.2,dispersed,gbM,Solyc10g078620.1,0.0628568,0.629914,0.0997864,4.84469e-24
13883,Solyc11g042615.1,dispersed,NA,Solyc05g015955.1,0.10522,0.15358,0.685116,0.146008
13884,Solyc11g042850.2,dispersed,TE-like,Solyc06g073190.3,0.244981,4.1083,0.0596308,2.88438e-57
13885,Solyc11g042855.1,dispersed,TE-like,Solyc11g066205.1,0.362411,1.11214,0.325869,0.000150851
13886,Solyc11g042870.1,dispersed,TE-like,Solyc06g064470.3,0.145846,0.970928,0.150213,2.31015e-06
13887,Solyc11g042883.1,dispersed,TE-like,Solyc01g097760.3,0.0640312,0.0625622,1.02348,0.987937
13888,Solyc11g042925.1,dispersed,TE-like,Solyc10g054410.1,0.539668,1.02375,0.527147,0.014749
13889,Solyc11g042970.1,dispersed,TE-like,Solyc03g119950.1,0.0429977,0.276021,0.155777,0.00146334
13890,Solyc11g043030.1,dispersed,TE-like,Solyc11g069925.1,0.18139,0.281778,0.643736,0.384173
13891,Solyc11g043040.1,dispersed,TE-like,Solyc11g064750.2,0.0945369,0.178018,0.531052,0.365284
13892,Solyc11g043090.1,dispersed,TE-like,Solyc11g064770.2,0.163948,0.146515,1.11898,0.69059
13893,Solyc11g043100.1,dispersed,TE-like,Solyc11g064770.2,0.116016,0.229437,0.505654,0.0157638
13894,Solyc11g043120.2,dispersed,TE-like,Solyc11g005910.2,0.755697,4.2761,0.176726,5.56214e-30
13895,Solyc11g043150.2,dispersed,TE-like,Solyc03g112450.3,0.0372026,0.0857899,0.433648,0.0166173
13896,Solyc11g043155.1,dispersed,TE-like,Solyc09g059560.2,0.561617,3.62915,0.154752,1.14079e-18
13897,Solyc11g043160.2,dispersed,TE-like,Solyc01g105500.3,0.477207,4.37216,0.109147,1.02869e-54
13898,Solyc11g043190.1,dispersed,TE-like,Solyc09g050040.1,0.13292,0.136403,0.974461,0.998021
13899,Solyc11g044313.1,dispersed,TE-like,Solyc11g021365.1,0.14226,0.150235,0.946919,0.797234
13900,Solyc11g044317.1,dispersed,TE-like,Solyc01g056485.1,0.0486219,0.0680311,0.714701,0.497621
13901,Solyc11g044340.2,dispersed,TE-like,Solyc04g008700.3,0.831268,4.59756,0.180806,3.57958e-41
13902,Solyc11g044365.1,dispersed,TE-like,Solyc01g080787.1,0.278902,0.681837,0.409045,0.00202924
13903,Solyc11g044367.1,dispersed,TE-like,Solyc01g080787.1,0.277627,1.50414,0.184575,5.30699e-08
13904,Solyc11g044380.1,dispersed,Unclassified,Solyc10g079230.3,0.180394,0.352985,0.511052,0.0425874
13905,Solyc11g044490.1,dispersed,TE-like,Solyc03g119950.1,0.121819,0.273035,0.446166,0.00983523
13906,Solyc11g044530.2,dispersed,TE-like,Solyc01g104320.3,0.413004,2.49229,0.165713,2.88791e-17
13907,Solyc11g044590.2,dispersed,TE-like,Solyc01g057690.2,0.264806,0.420198,0.630194,0.160046
13908,Solyc11g044595.1,dispersed,Unclassified,Solyc06g034063.1,0.106936,0.280745,0.380899,0.00397543
13909,Solyc11g044636.1,dispersed,Unclassified,Solyc01g017110.1,0.118782,0.19735,0.601887,0.265388
13910,Solyc11g044690.1,dispersed,Unclassified,Solyc04g045550.1,0.116226,0.118377,0.98183,0.972124
13911,Solyc11g044750.2,dispersed,TE-like,Solyc05g007100.3,0.607462,3.77984,0.160711,5.53901e-34
13912,Solyc11g044770.1,dispersed,TE-like,Solyc06g034260.1,0.48698,1.71935,0.283235,2.93521e-05
13913,Solyc11g044810.2,dispersed,TE-like,Solyc01g060043.1,0.0982294,0.13147,0.747163,0.756225
13914,Solyc11g044860.2,dispersed,TE-like,Solyc04g008350.1,0.905376,4.03547,0.224354,8.80931e-25
13915,Solyc11g044900.2,dispersed,TE-like,Solyc06g051790.3,0.933306,4.24958,0.219623,3.03245e-13
13916,Solyc11g045030.2,dispersed,TE-like,Solyc06g064450.3,0.172002,0.948842,0.181275,1.4106e-11
13917,Solyc11g045150.1,dispersed,Unclassified,Solyc10g048060.1,0.0154027,0.0130996,1.17581,0.736201
13918,Solyc11g045180.2,dispersed,TE-like,Solyc12g056740.2,0.716603,4.28927,0.167069,1.78169e-39
13919,Solyc11g045220.2,dispersed,TE-like,Solyc08g045780.3,0.893232,3.71768,0.240266,2.80663e-14
13920,Solyc11g045240.2,dispersed,TE-like,Solyc12g008540.2,0.315166,2.92318,0.107816,6.02846e-24
13921,Solyc11g045260.1,dispersed,TE-like,Solyc05g041230.1,0.127754,0.139996,0.912557,0.822995
13922,Solyc11g045390.2,dispersed,TE-like,Solyc02g062430.3,0.836565,4.34321,0.192614,1.18732e-32
13923,Solyc11g045410.1,dispersed,TE-like,Solyc08g007630.1,0.16316,0.596629,0.273469,0.000332369
13924,Solyc11g045430.1,dispersed,TE-like,Solyc11g056330.1,0.159555,0.196226,0.81312,0.570583
13925,Solyc11g045440.1,dispersed,TE-like,Solyc09g056090.1,0.166097,0.13847,1.19951,0.593399
13926,Solyc11g045450.2,dispersed,TE-like,Solyc03g043580.2,0.265473,1.49635,0.177414,3.24079e-07
13927,Solyc11g045530.2,dispersed,Unclassified,Solyc06g064540.2,0.427529,3.31466,0.128981,6.72183e-16
13928,Solyc11g045677.1,dispersed,TE-like,Solyc02g081081.1,0.232574,0.684873,0.339586,0.000476471
13929,Solyc11g050710.2,dispersed,TE-like,Solyc10g019110.2,0.057502,0.0742454,0.774485,0.308175
13930,Solyc11g050730.1,dispersed,Unmethylated,Solyc11g013620.1,0.268939,1.17627,0.228638,3.55402e-09
13931,Solyc11g050770.1,dispersed,TE-like,Solyc10g017950.2,0.0440235,0.0472804,0.931115,0.898663
13932,Solyc11g050821.1,dispersed,TE-like,Solyc01g065740.3,0.331129,1.40575,0.235552,7.46506e-21
13933,Solyc11g050828.1,dispersed,TE-like,Solyc06g082170.2,0.742432,3.50539,0.211798,2.32628e-23
13934,Solyc11g050920.1,dispersed,Unclassified,Solyc07g042790.2,0.0791984,0.199068,0.397846,0.0425883
13935,Solyc11g050938.1,dispersed,TE-like,Solyc04g054385.1,0.207615,1.26733,0.163821,0.000117637
13936,Solyc11g050980.2,dispersed,TE-like,Solyc08g061037.1,0.210053,0.549406,0.382328,0.000429315
13937,Solyc11g051000.1,dispersed,TE-like,Solyc09g055820.1,0.544475,0.837974,0.649751,0.11656
13938,Solyc11g051050.2,dispersed,Unclassified,Solyc04g015750.3,0.123629,0.142112,0.869935,0.78393
13939,Solyc11g051090.1,dispersed,TE-like,Solyc12g021140.1,0.0767467,0.309088,0.248301,0.000723555
13940,Solyc11g051170.2,dispersed,TE-like,Solyc00g042130.2,0.310682,3.11471,0.0997468,4.15957e-27
13941,Solyc11g051200.1,dispersed,NA,Solyc07g039280.1,0.40594,0.400834,1.01274,0.895124
13942,Solyc11g056250.1,dispersed,NA,Solyc11g063520.1,0.0344439,0.0433218,0.795072,0.872629
13943,Solyc11g056260.1,dispersed,Unmethylated,Solyc09g057840.1,0.205882,0.295643,0.696388,0.359983
13944,Solyc11g056270.2,dispersed,Unmethylated,Solyc03g013220.1,0.173691,0.241401,0.719512,0.22916
13945,Solyc11g056300.1,dispersed,Unmethylated,Solyc00g181250.2,0.00884009,NA,NA,NA
13946,Solyc11g056310.1,dispersed,Unmethylated,Solyc10g018945.1,0.226261,0.421463,0.536847,0.165494
13947,Solyc11g056330.1,dispersed,Unmethylated,Solyc11g028123.1,0.21963,0.222129,0.988751,1
13948,Solyc11g056340.1,dispersed,Unmethylated,Solyc11g030830.1,0.16431,0.168055,0.977714,0.781404
13949,Solyc11g056350.1,dispersed,Unmethylated,Solyc01g017070.1,0.255977,0.435226,0.588148,0.163721
13950,Solyc11g056380.1,dispersed,NA,Solyc09g055810.1,0.0234159,0.0337827,0.693133,0.505436
13951,Solyc11g056400.2,dispersed,Unmethylated,Solyc03g063770.2,0.178016,0.424261,0.41959,5.09253e-05
13952,Solyc11g056410.2,dispersed,Unmethylated,Solyc05g045923.1,0.0638994,0.0285417,2.23881,0.227705
13953,Solyc11g056420.1,dispersed,NA,Solyc09g015900.1,0.0188199,0.0396597,0.474536,0.274913
13954,Solyc11g056430.1,dispersed,Unmethylated,Solyc09g015910.1,0.0106233,0.0191594,0.554468,0.441966
13955,Solyc11g056450.2,dispersed,NA,Solyc10g054000.1,0.0710014,0.171048,0.415096,0.0497039
13956,Solyc11g056460.1,dispersed,Unmethylated,Solyc11g039970.1,0.323515,0.828154,0.390645,0.00490309
13957,Solyc11g056500.2,dispersed,Unmethylated,Solyc09g050050.1,0.0392517,0.031067,1.26345,0.628891
13958,Solyc11g056510.1,dispersed,Unmethylated,Solyc02g010630.1,0.0638665,0.113387,0.56326,0.331662
13959,Solyc11g056620.2,dispersed,TE-like,Solyc08g062200.2,0.856394,4.16235,0.205748,1.08959e-16
13960,Solyc11g056670.2,dispersed,Unclassified,Solyc07g042880.1,0.476227,4.2453,0.112177,1.87934e-42
13961,Solyc11g061715.1,dispersed,Unclassified,Solyc01g011333.1,0.0722406,0.186031,0.388327,0.117786
13962,Solyc11g061760.2,dispersed,gbM,Solyc12g100050.2,0.0560781,1.46453,0.0382908,7.15393e-32
13963,Solyc11g061950.1,dispersed,TE-like,Solyc02g030430.1,0.110085,0.240874,0.457024,0.0681789
13964,Solyc11g061970.1,dispersed,TE-like,Solyc11g068835.1,0.35508,0.629824,0.563775,0.0231601
13965,Solyc11g061980.1,dispersed,TE-like,Solyc05g053890.2,0.460972,4.09802,0.112487,1.01226e-52
13966,Solyc11g062040.1,dispersed,TE-like,Solyc10g018990.2,0.203195,0.192988,1.05289,0.854118
13967,Solyc11g062050.1,dispersed,TE-like,Solyc01g056870.2,0.0237839,0.0171633,1.38574,0.780333
13968,Solyc11g062150.2,dispersed,TE-like,Solyc07g052770.2,0.154168,0.289592,0.532362,0.000190724
13969,Solyc11g062160.1,dispersed,TE-like,Solyc09g059583.1,0.486704,3.4877,0.139549,1.99831e-15
13970,Solyc11g062180.1,dispersed,TE-like,Solyc12g097010.1,0.241854,0.276698,0.874072,0.77549
13971,Solyc11g062195.1,dispersed,Unclassified,Solyc06g066447.1,0.602401,3.39708,0.177329,7.09047e-17
13972,Solyc11g062250.1,dispersed,Unclassified,Solyc11g017290.1,0.517258,4.40988,0.117295,1.69432e-49
13973,Solyc11g062270.2,dispersed,TE-like,Solyc01g047590.2,0.0644352,0.138408,0.465544,0.00264732
13974,Solyc11g062350.2,dispersed,gbM,Solyc01g094040.3,0.578294,3.68638,0.156873,1.5182e-23
13975,Solyc11g062390.2,dispersed,TE-like,Solyc10g078340.2,0.305585,1.54788,0.197421,5.15323e-44
13976,Solyc11g062420.2,dispersed,Unclassified,NA,NA,NA,NA,NA
13977,Solyc11g062430.2,dispersed,TE-like,Solyc05g013030.1,1.0196,4.15984,0.245106,4.36495e-16
13978,Solyc11g063440.2,dispersed,TE-like,Solyc00g180440.2,0.133643,0.206139,0.648316,0.290718
13979,Solyc11g063480.1,dispersed,TE-like,NA,NA,NA,NA,NA
13980,Solyc11g063520.1,dispersed,TE-like,Solyc03g063480.2,0.0708052,0.119526,0.592385,0.18183
13981,Solyc11g063530.1,dispersed,TE-like,Solyc03g063470.1,0.117693,0.221536,0.531258,0.175674
13982,Solyc11g063540.1,dispersed,TE-like,Solyc11g030850.1,0.271218,0.429857,0.630949,0.0985125
13983,Solyc11g063590.1,dispersed,TE-like,Solyc05g041400.1,0.759445,1.62459,0.467469,0.0308987
13984,Solyc11g063600.2,dispersed,TE-like,Solyc07g017925.1,0.088149,0.215601,0.408852,0.0143374
13985,Solyc11g063610.2,dispersed,TE-like,Solyc07g019510.3,0.036197,0.035479,1.02024,0.999993
13986,Solyc11g063620.1,dispersed,TE-like,Solyc12g035910.1,0.115281,0.226932,0.508,0.756567
13987,Solyc11g063630.1,dispersed,TE-like,Solyc00g049210.1,0.017554,0.0214469,0.818487,0.770615
13988,Solyc11g063640.1,dispersed,TE-like,Solyc00g023710.1,0.010133,0.0386135,0.26242,0.0174674
13989,Solyc11g063660.1,dispersed,Unclassified,Solyc01g017083.1,0.269165,0.712613,0.377716,0.0500522
13990,Solyc11g063720.1,dispersed,TE-like,Solyc11g063660.1,0.00881324,0.0501021,0.175906,0.0674061
13991,Solyc11g064750.2,dispersed,TE-like,Solyc11g043020.1,0.1665,0.170098,0.978851,0.80056
13992,Solyc11g064760.1,dispersed,Unclassified,Solyc11g071390.1,0.304043,0.549538,0.55327,0.256327
13993,Solyc11g064770.2,dispersed,TE-like,Solyc11g043100.1,0.116016,0.229437,0.505654,0.0157638
13994,Solyc11g064780.2,dispersed,Unclassified,Solyc02g065460.2,0.270208,0.460635,0.586599,0.00399432
13995,Solyc11g064785.1,dispersed,Unclassified,Solyc12g015895.1,0.378869,3.50168,0.108197,1.8753e-23
13996,Solyc11g064850.2,dispersed,TE-like,Solyc12g044760.2,0.181357,4.01388,0.0451824,1.56729e-85
13997,Solyc11g065070.2,dispersed,TE-like,Solyc01g080170.3,0.276567,3.63973,0.0759856,4.59935e-57
13998,Solyc11g065130.1,dispersed,TE-like,Solyc01g057800.1,0.167425,1.43252,0.116875,0.00230485
13999,Solyc11g065195.1,dispersed,TE-like,Solyc05g023835.1,0.0832243,0.305863,0.272097,0.0145935
14000,Solyc11g065250.1,dispersed,TE-like,Solyc01g007850.2,0.615997,4.5472,0.135467,1.56507e-68
14001,Solyc11g065345.1,dispersed,TE-like,Solyc03g058957.1,0.218984,0.455882,0.480352,0.0766496
14002,Solyc11g065410.1,dispersed,TE-like,Solyc12g070156.1,0.0976171,0.106625,0.915519,0.79084
14003,Solyc11g065520.1,dispersed,Unclassified,Solyc12g039140.1,0.398477,3.35213,0.118873,3.27752e-17
14004,Solyc11g065530.1,dispersed,Unclassified,Solyc12g098730.2,0.493477,4.04666,0.121947,9.00401e-44
14005,Solyc11g065630.2,dispersed,TE-like,Solyc04g050565.1,0.110139,0.256424,0.429521,0.0153253
14006,Solyc11g065640.2,dispersed,TE-like,Solyc01g008460.3,0.165189,0.582548,0.283563,6.60372e-09
14007,Solyc11g065660.2,dispersed,TE-like,Solyc01g008440.3,0.0561061,1.31117,0.0427907,1.3638e-66
14008,Solyc11g065740.2,dispersed,TE-like,Solyc01g087190.3,0.419007,3.55449,0.117881,6.80768e-21
14009,Solyc11g065760.2,dispersed,Unmethylated,Solyc11g012480.2,0.333036,3.4815,0.0956588,1.78495e-25
14010,Solyc11g065770.1,dispersed,TE-like,Solyc09g066150.1,0.258725,4.32184,0.0598646,1.8527e-72
14011,Solyc11g065800.2,dispersed,TE-like,Solyc11g069990.2,0.202288,0.378614,0.534285,0.0106273
14012,Solyc11g065810.1,dispersed,gbM,Solyc11g071995.1,0.300799,0.490976,0.612654,0.023208
14013,Solyc11g065845.1,dispersed,TE-like,Solyc09g064555.1,0.0245915,0.0516375,0.476235,0.197189
14014,Solyc11g065980.2,dispersed,TE-like,Solyc11g066280.2,0.642057,3.85036,0.166752,3.01086e-39
14015,Solyc11g066070.2,dispersed,Unclassified,Solyc06g076010.3,0.0602197,1.03172,0.0583682,5.83316e-09
14016,Solyc11g066205.1,dispersed,TE-like,Solyc11g042855.1,0.362411,1.11214,0.325869,0.000150851
14017,Solyc11g066280.2,dispersed,gbM,Solyc11g065980.2,0.642057,3.85036,0.166752,3.01086e-39
14018,Solyc11g066350.2,dispersed,TE-like,Solyc11g008090.2,0.448956,3.81569,0.117661,4.24111e-48
14019,Solyc11g066370.2,dispersed,TE-like,Solyc02g091120.3,0.612815,4.66738,0.131297,1.9788e-94
14020,Solyc11g066440.2,dispersed,gbM,Solyc04g040160.3,0.655398,4.23259,0.154845,1.16078e-39
14021,Solyc11g066490.1,dispersed,TE-like,Solyc10g081970.2,0.678558,3.24869,0.208871,1.52393e-21
14022,Solyc11g066730.2,dispersed,TE-like,Solyc09g007820.2,0.507045,4.49891,0.112704,2.98291e-65
14023,Solyc11g066830.2,dispersed,TE-like,Solyc10g083640.2,0.164082,3.86595,0.042443,3.51368e-75
14024,Solyc11g066920.1,dispersed,TE-like,Solyc08g023640.1,0.538051,4.38168,0.122796,1.32131e-50
14025,Solyc11g067200.2,dispersed,TE-like,Solyc06g065700.3,0.682021,3.65702,0.186496,2.58407e-38
14026,Solyc11g067250.2,dispersed,gbM,Solyc03g117970.3,0.70106,4.61495,0.151911,2.49197e-52
14027,Solyc11g068360.1,dispersed,TE-like,Solyc11g069925.1,0.133183,0.255372,0.521526,2.32528e-08
14028,Solyc11g068410.1,dispersed,TE-like,Solyc08g067650.1,0.460602,0.927556,0.496575,0.032968
14029,Solyc11g068500.2,dispersed,TE-like,Solyc06g084210.3,0.995046,4.56203,0.218115,7.08827e-30
14030,Solyc11g068520.2,dispersed,TE-like,Solyc09g074340.3,0.310951,3.94885,0.0787448,4.19814e-68
14031,Solyc11g068610.2,dispersed,TE-like,Solyc09g090550.3,0.593802,2.01583,0.29457,2.34753e-15
14032,Solyc11g068620.2,dispersed,Unclassified,Solyc09g010160.2,0.259903,2.83833,0.091569,1.51971e-23
14033,Solyc11g068670.2,dispersed,TE-like,Solyc01g009380.3,0.0903233,0.710018,0.127213,7.7208e-52
14034,Solyc11g068740.2,dispersed,Unclassified,Solyc10g049990.1,0.499675,1.26772,0.394153,0.000530644
14035,Solyc11g068820.2,dispersed,TE-like,Solyc00g026870.1,0.544327,3.42633,0.158866,6.67892e-22
14036,Solyc11g068835.1,dispersed,TE-like,Solyc09g018920.2,0.0460193,0.065631,0.701182,0.401633
14037,Solyc11g068980.2,dispersed,TE-like,Solyc07g065200.3,1.01206,2.11565,0.478371,0.0017779
14038,Solyc11g069090.2,dispersed,TE-like,Solyc08g082850.3,0.561256,4.45244,0.126056,7.51469e-77
14039,Solyc11g069110.2,dispersed,Unclassified,Solyc00g160780.2,0.00882766,0.0218239,0.404495,0.430985
14040,Solyc11g069160.2,dispersed,TE-like,Solyc06g010100.2,0.23755,2.30283,0.103155,7.88765e-35
14041,Solyc11g069163.1,dispersed,TE-like,Solyc06g010100.2,0.117218,0.789633,0.148447,0.000332762
14042,Solyc11g069165.1,dispersed,TE-like,Solyc08g007713.1,0.263505,0.358397,0.735234,0.158798
14043,Solyc11g069167.1,dispersed,TE-like,Solyc03g006715.1,0.177775,0.147467,1.20552,0.570604
14044,Solyc11g069230.2,dispersed,TE-like,Solyc10g084210.2,0.251346,3.0002,0.0837764,3.39437e-39
14045,Solyc11g069280.2,dispersed,TE-like,Solyc07g063490.3,0.552263,3.84329,0.143695,2.029e-22
14046,Solyc11g069340.2,dispersed,TE-like,Solyc03g121260.3,0.849387,4.40088,0.193004,5.73556e-36
14047,Solyc11g069390.1,dispersed,Unmethylated,Solyc06g016790.2,0.292939,1.05563,0.277501,2.80624e-09
14048,Solyc11g069460.2,dispersed,gbM,Solyc05g056100.3,0.303347,2.96682,0.102247,5.12763e-52
14049,Solyc11g069680.1,dispersed,TE-like,Solyc04g009680.1,0.298386,2.05817,0.144976,1.2917e-15
14050,Solyc11g069770.2,dispersed,TE-like,Solyc01g060312.1,0.517691,1.8288,0.283077,2.22879e-05
14051,Solyc11g069910.2,dispersed,Unclassified,NA,NA,NA,NA,NA
14052,Solyc11g069990.2,dispersed,TE-like,Solyc11g072350.1,0.228456,0.388646,0.587825,0.0837489
14053,Solyc11g070020.2,dispersed,TE-like,Solyc03g006740.2,0.52937,3.46057,0.152972,4.77614e-21
14054,Solyc11g070040.2,dispersed,TE-like,Solyc04g079150.1,0.784317,4.3594,0.179914,8.61344e-24
14055,Solyc11g070190.2,dispersed,TE-like,Solyc02g087420.2,0.149503,0.155154,0.963578,0.999931
14056,Solyc11g071220.2,dispersed,TE-like,Solyc04g081470.3,0.629365,3.64792,0.172527,6.99843e-17
14057,Solyc11g071320.2,dispersed,TE-like,Solyc08g068220.3,0.0630967,0.647527,0.0974427,1.5788e-16
14058,Solyc11g071370.1,dispersed,TE-like,Solyc07g065730.1,0.578925,4.34522,0.133233,5.29329e-37
14059,Solyc11g071423.1,dispersed,TE-like,Solyc11g071995.1,0.0742973,0.115852,0.641315,0.00787782
14060,Solyc11g071540.2,dispersed,TE-like,Solyc09g007120.3,0.0656711,0.221126,0.296985,2.71545e-12
14061,Solyc11g071670.2,dispersed,TE-like,Solyc05g008330.2,0.813506,4.21161,0.193158,5.06865e-25
14062,Solyc11g071820.2,dispersed,gbM,Solyc01g108000.3,0.611609,3.95988,0.154452,3.60339e-28
14063,Solyc11g071830.2,dispersed,gbM,Solyc04g009770.3,0.116487,4.09312,0.0284593,6.04683e-102
14064,Solyc11g071840.2,dispersed,TE-like,Solyc08g062940.3,0.580234,4.18461,0.138659,3.17328e-39
14065,Solyc11g071890.2,dispersed,TE-like,Solyc10g079290.2,0.500756,4.09062,0.122416,1.3815e-49
14066,Solyc11g072010.2,dispersed,gbM,Solyc11g040390.2,0.674183,3.86453,0.174454,1.03528e-17
14067,Solyc11g072040.2,dispersed,gbM,Solyc11g032050.2,0.804854,3.92712,0.204948,4.18933e-33
14068,Solyc11g072170.2,dispersed,TE-like,Solyc04g049340.3,0.715713,4.3746,0.163607,3.60806e-26
14069,Solyc11g072180.2,dispersed,TE-like,Solyc01g008990.3,0.0764961,0.573218,0.13345,1.09031e-15
14070,Solyc11g072190.2,dispersed,gbM,Solyc07g016150.3,0.26582,3.06175,0.0868197,5.02992e-32
14071,Solyc11g072250.2,dispersed,TE-like,Solyc12g099920.2,0.449017,0.750878,0.597989,0.00428823
14072,Solyc11g072300.2,dispersed,TE-like,Solyc03g006850.3,0.130882,0.757844,0.172703,6.14221e-18
14073,Solyc11g072350.1,dispersed,TE-like,Solyc11g069990.2,0.228456,0.388646,0.587825,0.0837489
14074,Solyc11g072360.1,dispersed,TE-like,Solyc11g069990.2,0.20523,0.413667,0.496122,0.0309272
14075,Solyc11g072370.1,dispersed,Unclassified,Solyc11g065810.1,0.410553,1.2715,0.322887,0.00231019
14076,Solyc11g072460.2,dispersed,TE-like,Solyc12g005870.2,0.0716578,0.359895,0.199107,9.69175e-20
14077,Solyc11g072550.2,dispersed,TE-like,Solyc01g090180.3,0.185423,1.88225,0.0985118,8.44241e-31
14078,Solyc11g072615.1,dispersed,TE-like,Solyc07g055170.1,0.798773,3.7168,0.214909,6.0546e-13
14079,Solyc11g072670.1,dispersed,Unclassified,Solyc01g057590.2,0.622768,0.782145,0.79623,0.391746
14080,Solyc11g072870.1,dispersed,Unclassified,Solyc01g005360.3,0.578671,3.2015,0.18075,1.34982e-08
14081,Solyc11g072890.1,dispersed,TE-like,Solyc10g084510.1,0.54237,3.27334,0.165693,3.66245e-21
14082,Solyc11g073140.2,dispersed,Unclassified,Solyc06g034130.2,0.159013,1.27258,0.124953,6.76892e-10
14083,Solyc11g073150.1,dispersed,Unclassified,Solyc06g034130.2,0.139335,1.04893,0.132836,8.1576e-30
14084,Solyc11g073180.2,dispersed,Unmethylated,Solyc06g005300.3,0.38015,3.40276,0.111718,1.31604e-32
14085,Solyc11g073220.2,dispersed,TE-like,Solyc11g072615.1,0.835394,3.76297,0.222004,3.45929e-10
14086,Solyc12g005010.2,dispersed,Unclassified,Solyc06g074190.3,0.894794,4.36434,0.205024,2.24039e-26
14087,Solyc12g005060.1,dispersed,Unclassified,Solyc00g042140.1,0.673854,3.45661,0.194946,4.42101e-16
14088,Solyc12g005095.1,dispersed,TE-like,Solyc09g004991.1,0.37478,0.48721,0.769239,0.10921
14089,Solyc12g005097.1,dispersed,TE-like,Solyc03g006715.1,0.0996812,0.0856266,1.16414,0.67096
14090,Solyc12g005170.2,dispersed,Unclassified,Solyc08g083450.2,0.182235,0.612215,0.297665,3.831e-16
14091,Solyc12g005210.1,dispersed,Unmethylated,NA,NA,NA,NA,NA
14092,Solyc12g005280.2,dispersed,Unclassified,Solyc05g006200.3,0.552034,4.0778,0.135375,1.37901e-49
14093,Solyc12g005370.2,dispersed,TE-like,Solyc12g005790.2,0.276481,3.89489,0.0709857,2.99179e-43
14094,Solyc12g005410.2,dispersed,Unclassified,Solyc01g103620.3,0.606741,4.18919,0.144835,1.00412e-22
14095,Solyc12g005470.2,dispersed,TE-like,Solyc07g053850.3,0.0665056,0.83579,0.0795721,1.97526e-61
14096,Solyc12g005500.2,dispersed,TE-like,Solyc10g008140.3,0.0579401,0.934353,0.0620109,1.49988e-41
14097,Solyc12g005520.1,dispersed,Unclassified,Solyc02g037540.2,0.501054,3.12831,0.160167,2.56272e-10
14098,Solyc12g005530.1,dispersed,Unclassified,Solyc04g005550.2,0.440208,3.20168,0.137493,7.36517e-13
14099,Solyc12g005560.1,dispersed,gbM,Solyc07g054410.1,0.445881,0.617922,0.721581,0.0235782
14100,Solyc12g005600.1,dispersed,Unclassified,Solyc07g054730.1,0.234238,4.19468,0.0558418,2.32465e-11
14101,Solyc12g005610.2,dispersed,TE-like,Solyc07g008630.1,0.612362,4.09055,0.149702,1.67251e-25
14102,Solyc12g005870.2,dispersed,TE-like,Solyc11g072460.2,0.0716578,0.359895,0.199107,9.69175e-20
14103,Solyc12g005875.1,dispersed,Unclassified,NA,NA,NA,NA,NA
14104,Solyc12g005900.2,dispersed,gbM,Solyc05g014410.2,0.223129,0.206329,1.08142,0.732282
14105,Solyc12g006560.2,dispersed,Unmethylated,Solyc12g006680.2,0.113507,0.602943,0.188255,7.89853e-07
14106,Solyc12g006570.2,dispersed,TE-like,Solyc07g008690.3,0.106442,0.312294,0.340839,1.13745e-08
14107,Solyc12g006575.1,dispersed,TE-like,Solyc02g088780.3,0.562062,4.46582,0.125858,3.82788e-77
14108,Solyc12g006620.2,dispersed,TE-like,Solyc04g008550.3,0.721691,4.19706,0.171952,6.60334e-50
14109,Solyc12g006640.2,dispersed,TE-like,Solyc12g042840.2,0.252264,3.50739,0.0719238,1.54616e-27
14110,Solyc12g006680.2,dispersed,TE-like,Solyc12g006560.2,0.113507,0.602943,0.188255,7.89853e-07
14111,Solyc12g006810.2,dispersed,TE-like,Solyc10g083350.2,0.889972,3.85274,0.230997,2.90904e-25
14112,Solyc12g006930.2,dispersed,gbM,Solyc03g097390.3,0.455005,4.11057,0.110691,2.5344e-55
14113,Solyc12g007120.2,dispersed,TE-like,Solyc04g079550.3,0.44031,3.87203,0.113716,3.69935e-34
14114,Solyc12g007130.2,dispersed,TE-like,Solyc04g071710.3,0.226034,3.85045,0.0587031,5.65596e-52
14115,Solyc12g007140.2,dispersed,TE-like,Solyc07g032710.3,0.392124,1.05973,0.370023,1.36119e-17
14116,Solyc12g007170.2,dispersed,TE-like,Solyc06g009160.3,0.443319,4.62602,0.0958316,3.00741e-76
14117,Solyc12g007210.2,dispersed,TE-like,Solyc03g114070.3,0.172156,3.72062,0.0462708,1.58478e-41
14118,Solyc12g007240.2,dispersed,TE-like,Solyc07g018370.2,0.213593,1.40518,0.152004,1.66578e-16
14119,Solyc12g008360.2,dispersed,TE-like,Solyc03g098600.3,0.400608,4.71135,0.0850304,2.74681e-77
14120,Solyc12g008370.2,dispersed,TE-like,Solyc00g065630.2,0.549168,4.36095,0.125929,9.00139e-70
14121,Solyc12g008440.1,dispersed,gbM,Solyc01g016410.3,0.559959,2.89746,0.193258,0
14122,Solyc12g008530.2,dispersed,TE-like,Solyc08g078640.2,0.497506,4.00173,0.124323,6.74349e-34
14123,Solyc12g008540.2,dispersed,TE-like,Solyc11g045240.2,0.315166,2.92318,0.107816,6.02846e-24
14124,Solyc12g008690.2,dispersed,TE-like,Solyc03g121270.3,0.209373,1.93988,0.107931,1.08798e-60
14125,Solyc12g008710.2,dispersed,TE-like,Solyc03g118430.3,1.08874,4.81103,0.226301,3.45969e-29
14126,Solyc12g008720.2,dispersed,gbM,Solyc05g008010.3,0.0378188,0.780679,0.0484435,6.61725e-19
14127,Solyc12g008730.2,dispersed,TE-like,Solyc08g065470.3,0.148593,3.11069,0.0477686,1.90879e-34
14128,Solyc12g008980.2,dispersed,TE-like,Solyc10g079480.1,0.593596,4.2188,0.140703,8.27526e-44
14129,Solyc12g009020.2,dispersed,TE-like,Solyc03g119490.3,0.289146,2.50507,0.115424,7.80817e-45
14130,Solyc12g009075.1,dispersed,TE-like,Solyc00g011673.1,0.169752,0.216201,0.785158,0.283484
14131,Solyc12g009110.2,dispersed,TE-like,Solyc01g111900.3,0.219471,1.43717,0.152711,1.50212e-27
14132,Solyc12g009640.1,dispersed,TE-like,Solyc03g116840.2,0.303902,3.20175,0.0949174,5.21175e-81
14133,Solyc12g009950.1,dispersed,TE-like,Solyc01g009410.3,0.454963,3.85877,0.117904,4.3236e-59
14134,Solyc12g009990.2,dispersed,TE-like,Solyc12g042740.2,0.859468,3.93092,0.218643,1.20495e-18
14135,Solyc12g010180.2,dispersed,TE-like,Solyc03g115630.3,0.852511,3.84227,0.221877,4.16145e-25
14136,Solyc12g010233.1,dispersed,TE-like,Solyc01g010937.1,0.105143,0.254698,0.412814,7.61551e-06
14137,Solyc12g010380.2,dispersed,TE-like,Solyc09g007180.3,0.75463,3.86871,0.19506,1.24657e-22
14138,Solyc12g010560.2,dispersed,NA,Solyc00g058900.2,0.00175005,0.00800727,0.218558,0.0758349
14139,Solyc12g010610.2,dispersed,Unclassified,Solyc06g035770.1,0.0460878,0.0967934,0.476146,0.0916332
14140,Solyc12g010660.1,dispersed,TE-like,Solyc12g006040.2,0.154004,0.714875,0.215428,3.52729e-14
14141,Solyc12g010710.1,dispersed,TE-like,Solyc07g054260.1,0.293064,3.06716,0.0955489,3.21499e-16
14142,Solyc12g010830.2,dispersed,Unclassified,Solyc07g062640.3,0.800649,4.20099,0.190586,2.94666e-26
14143,Solyc12g010870.2,dispersed,TE-like,Solyc07g055050.3,0.160593,0.595596,0.269634,7.87807e-16
14144,Solyc12g010900.1,dispersed,Unclassified,Solyc07g055120.3,0.127841,0.966612,0.132257,4.18322e-65
14145,Solyc12g010910.2,dispersed,Unclassified,Solyc07g055160.3,0.153493,1.94634,0.0788625,1.15161e-49
14146,Solyc12g010930.2,dispersed,gbM,Solyc10g007980.3,0.00478596,1.12336,0.00426039,1.41342e-44
14147,Solyc12g010980.2,dispersed,Unmethylated,Solyc12g096770.1,0.334966,1.93719,0.172913,6.11726e-36
14148,Solyc12g011060.2,dispersed,Unclassified,Solyc12g006600.2,0.15492,0.206978,0.748486,0.410146
14149,Solyc12g011160.2,dispersed,TE-like,Solyc06g054520.1,0.192205,0.831047,0.23128,9.12213e-22
14150,Solyc12g011270.2,dispersed,TE-like,Solyc07g018360.3,0.662683,4.14264,0.159966,4.16003e-33
14151,Solyc12g011370.2,dispersed,Unclassified,Solyc02g081850.3,0.289894,4.49555,0.0644846,3.67205e-105
14152,Solyc12g011400.2,dispersed,TE-like,Solyc02g076700.1,0.608635,4.44018,0.137074,1.14412e-56
14153,Solyc12g011430.2,dispersed,TE-like,Solyc07g061960.3,0.115968,0.732076,0.15841,3.12603e-22
14154,Solyc12g013600.2,dispersed,TE-like,Solyc03g006480.2,0.332599,1.1458,0.290276,3.4986e-39
14155,Solyc12g013610.2,dispersed,Unclassified,Solyc03g112700.1,0.48482,1.92017,0.252489,8.77486e-13
14156,Solyc12g014000.2,dispersed,TE-like,Solyc01g097130.3,0.689631,4.19721,0.164307,4.65549e-39
14157,Solyc12g014080.2,dispersed,TE-like,Solyc12g010790.2,0.0661187,1.87617,0.0352413,5.96675e-60
14158,Solyc12g014100.2,dispersed,gbM,Solyc01g098455.1,0.350374,1.2584,0.278429,8.62218e-06
14159,Solyc12g014130.2,dispersed,TE-like,Solyc10g008790.3,0.450917,3.81186,0.118293,8.14264e-28
14160,Solyc12g014185.1,dispersed,TE-like,Solyc09g061685.1,0.100906,0.193455,0.521599,0.0508676
14161,Solyc12g014190.2,dispersed,gbM,Solyc11g066960.2,0.776897,4.1233,0.188417,2.44847e-37
14162,Solyc12g014200.2,dispersed,TE-like,Solyc05g052430.2,0.446437,4.12183,0.10831,1.12904e-71
14163,Solyc12g014210.2,dispersed,TE-like,Solyc02g021560.3,0.439856,4.27618,0.102862,3.29183e-50
14164,Solyc12g014220.2,dispersed,TE-like,Solyc03g123700.3,0.935032,4.03134,0.231941,5.29989e-17
14165,Solyc12g014280.2,dispersed,TE-like,Solyc09g005270.3,0.101182,0.395882,0.255586,9.88103e-14
14166,Solyc12g014320.2,dispersed,TE-like,NA,NA,NA,NA,NA
14167,Solyc12g014410.2,dispersed,Unclassified,Solyc10g006200.3,0.265996,0.616536,0.431437,0.000274885
14168,Solyc12g014413.1,dispersed,TE-like,Solyc09g059700.2,0.233172,0.672202,0.346877,0.00878074
14169,Solyc12g014485.1,dispersed,TE-like,Solyc11g021170.1,0.297335,0.35091,0.847326,0.710889
14170,Solyc12g014625.1,dispersed,TE-like,Solyc11g013220.2,0.616345,2.34672,0.262641,1.66441e-11
14171,Solyc12g015680.1,dispersed,Unmethylated,Solyc11g008980.1,0.533481,2.49508,0.213813,8.26569e-13
14172,Solyc12g015865.1,dispersed,TE-like,Solyc05g018525.1,0.100391,0.0621938,1.61416,0.442843
14173,Solyc12g015895.1,dispersed,Unclassified,Solyc03g078175.1,0.685551,3.44431,0.199039,1.69746e-16
14174,Solyc12g015900.1,dispersed,TE-like,Solyc03g121220.2,0.437066,3.80807,0.114774,1.59856e-24
14175,Solyc12g015935.1,dispersed,TE-like,Solyc12g035522.1,0.15734,0.231264,0.680349,0.325289
14176,Solyc12g016213.1,dispersed,TE-like,Solyc11g011540.2,0.521536,2.66249,0.195882,5.40406e-09
14177,Solyc12g017230.2,dispersed,gbM,Solyc10g005700.3,0.277216,0.676104,0.41002,2.91082e-14
14178,Solyc12g017250.2,dispersed,TE-like,Solyc07g066310.3,0.202893,0.67819,0.299168,4.87676e-07
14179,Solyc12g017264.1,dispersed,TE-like,NA,NA,NA,NA,NA
14180,Solyc12g017300.1,dispersed,TE-like,Solyc12g017855.1,0.0962988,0.476248,0.202203,9.45345e-05
14181,Solyc12g017310.2,dispersed,gbM,Solyc07g066650.3,0.253678,0.886564,0.286136,1.38164e-09
14182,Solyc12g017380.2,dispersed,gbM,Solyc07g063930.3,0.722767,2.93082,0.246609,1.97689e-21
14183,Solyc12g017400.2,dispersed,TE-like,Solyc02g084350.3,0.414258,3.7296,0.111073,0
14184,Solyc12g017430.2,dispersed,Unclassified,Solyc02g043810.3,0.211667,3.45233,0.0613113,5.00358e-20
14185,Solyc12g017460.1,dispersed,Unclassified,Solyc12g096620.1,0.324096,4.15975,0.0779123,2.21899e-48
14186,Solyc12g017500.1,dispersed,TE-like,Solyc10g017753.1,0.0374372,NA,NA,NA
14187,Solyc12g017610.1,dispersed,TE-like,Solyc08g067590.1,0.0920372,0.346288,0.265782,0.000119179
14188,Solyc12g017620.1,dispersed,Unclassified,Solyc08g067580.2,0.0468256,0.0333513,1.40401,0.757824
14189,Solyc12g017670.2,dispersed,TE-like,Solyc08g048470.2,0.040884,0.0337831,1.21019,0.634337
14190,Solyc12g017855.1,dispersed,Unclassified,Solyc12g017300.1,0.0962988,0.476248,0.202203,9.45345e-05
14191,Solyc12g017880.2,dispersed,TE-like,Solyc07g009330.3,0.345718,3.63792,0.0950317,7.53755e-28
14192,Solyc12g017920.2,dispersed,TE-like,Solyc12g096610.2,0.194328,0.589101,0.329873,1.86393e-08
14193,Solyc12g019010.2,dispersed,TE-like,Solyc01g081470.3,0.96241,3.86965,0.248707,2.52705e-08
14194,Solyc12g019085.1,dispersed,TE-like,Solyc06g069520.3,0.319396,0.470757,0.678474,0.261677
14195,Solyc12g019090.2,dispersed,TE-like,Solyc01g010315.1,0.140114,0.274665,0.510128,0.000298533
14196,Solyc12g019142.1,dispersed,TE-like,Solyc07g042035.1,0.456867,3.72218,0.122742,1.4517e-25
14197,Solyc12g019225.1,dispersed,TE-like,Solyc12g021263.1,0.0315118,0.0683481,0.461048,0.00814004
14198,Solyc12g019240.2,dispersed,TE-like,Solyc07g051940.3,0.230911,1.54323,0.149628,5.98982e-15
14199,Solyc12g019290.1,dispersed,gbM,Solyc03g095200.1,0.653112,4.54058,0.143839,1.28288e-55
14200,Solyc12g019370.1,dispersed,TE-like,Solyc10g018370.1,0.0258436,0.141499,0.182641,2.25377e-05
14201,Solyc12g019690.2,dispersed,TE-like,Solyc10g078495.1,0.280839,3.17012,0.0885895,1.52201e-13
14202,Solyc12g019705.1,dispersed,TE-like,Solyc05g015955.1,0.0682619,0.0853869,0.799442,0.359885
14203,Solyc12g019870.1,dispersed,TE-like,Solyc12g009520.2,0.254524,0.434921,0.585218,0.00234646
14204,Solyc12g019890.2,dispersed,gbM,Solyc08g074390.3,0.397781,4.26955,0.0931671,1.39175e-64
14205,Solyc12g019960.2,dispersed,TE-like,Solyc10g080740.2,0.159953,0.762856,0.209676,1.35999e-46
14206,Solyc12g020130.1,dispersed,Unclassified,Solyc12g038130.1,0.283003,0.70655,0.400541,5.11752e-05
14207,Solyc12g021140.1,dispersed,TE-like,Solyc11g051090.1,0.0767467,0.309088,0.248301,0.000723555
14208,Solyc12g021190.2,dispersed,TE-like,Solyc00g185750.1,0.79524,3.466,0.22944,2.1211e-15
14209,Solyc12g021263.1,dispersed,TE-like,Solyc10g009055.1,0.0294474,0.0669281,0.439985,0.0027435
14210,Solyc12g021267.1,dispersed,Unclassified,Solyc09g063157.1,0.18761,0.723159,0.259431,1.05012e-05
14211,Solyc12g021280.2,dispersed,TE-like,Solyc10g074720.2,0.828348,3.81149,0.217329,9.21453e-60
14212,Solyc12g026410.1,dispersed,Unclassified,Solyc01g081000.3,0.576808,3.74891,0.15386,3.75324e-16
14213,Solyc12g027510.1,dispersed,TE-like,Solyc07g042790.2,0.136719,0.195531,0.699218,0.174051
14214,Solyc12g027520.1,dispersed,TE-like,Solyc03g083230.1,0.0650057,0.0871917,0.74555,0.580481
14215,Solyc12g027550.1,dispersed,TE-like,Solyc10g047410.1,0.172195,0.30834,0.558459,0.157189
14216,Solyc12g027720.1,dispersed,TE-like,Solyc07g021380.1,0.280102,0.366727,0.76379,0.660759
14217,Solyc12g027770.2,dispersed,TE-like,Solyc03g095760.3,0.86971,4.0052,0.217146,2.02521e-28
14218,Solyc12g027810.1,dispersed,TE-like,Solyc10g078470.2,0.136803,0.164096,0.833673,0.501848
14219,Solyc12g027820.1,dispersed,TE-like,Solyc09g055840.1,0.00763934,0.0599697,0.127387,0
14220,Solyc12g032920.2,dispersed,TE-like,Solyc12g019090.2,0.152591,0.199507,0.764843,0.442445
14221,Solyc12g032960.1,dispersed,TE-like,Solyc10g017900.1,0.289658,0.401916,0.720694,0.353122
14222,Solyc12g033130.2,dispersed,TE-like,Solyc02g070250.3,0.37043,3.69973,0.100124,4.65556e-37
14223,Solyc12g035130.2,dispersed,TE-like,Solyc12g056740.2,0.874957,4.39415,0.199119,2.89257e-38
14224,Solyc12g035190.2,dispersed,TE-like,Solyc06g071550.3,0.182202,3.20563,0.056838,6.95127e-69
14225,Solyc12g035225.1,dispersed,TE-like,Solyc11g013397.1,0.0955816,0.252476,0.378577,0.000164162
14226,Solyc12g035250.2,dispersed,TE-like,Solyc02g086513.1,0.215764,0.6519,0.330977,2.42106e-14
14227,Solyc12g035290.1,dispersed,TE-like,Solyc04g005730.3,0.413831,1.7164,0.241103,2.62497e-11
14228,Solyc12g035300.1,dispersed,TE-like,Solyc07g026860.3,0.480103,0.991923,0.484012,0.00300058
14229,Solyc12g035360.2,dispersed,TE-like,Solyc02g091790.3,1.02912,3.99229,0.257778,3.10336e-10
14230,Solyc12g035362.1,dispersed,TE-like,Solyc05g013990.3,0.468396,1.85398,0.252644,0.00019283
14231,Solyc12g035366.1,dispersed,TE-like,Solyc09g031685.1,0.661603,3.39945,0.19462,2.17298e-13
14232,Solyc12g035400.2,dispersed,TE-like,Solyc01g100910.3,0.187098,1.53498,0.121889,5.35784e-27
14233,Solyc12g035425.1,dispersed,TE-like,Solyc12g035675.1,0.134092,0.418624,0.320316,0.0125823
14234,Solyc12g035430.1,dispersed,Unclassified,Solyc03g113820.2,0.234045,2.9143,0.0803093,8.60067e-13
14235,Solyc12g035522.1,dispersed,Unclassified,Solyc12g015935.1,0.15734,0.231264,0.680349,0.325289
14236,Solyc12g035555.1,dispersed,TE-like,NA,NA,NA,NA,NA
14237,Solyc12g035590.2,dispersed,TE-like,Solyc07g032420.2,0.170623,0.431448,0.395466,0.0324716
14238,Solyc12g035670.2,dispersed,TE-like,Solyc06g061120.3,0.658684,4.11817,0.159946,8.39285e-46
14239,Solyc12g035675.1,dispersed,TE-like,Solyc07g039585.1,0.0411572,0.234004,0.175883,0.002392
14240,Solyc12g035750.1,dispersed,TE-like,Solyc06g036210.1,0.217149,0.928727,0.233813,0.000115734
14241,Solyc12g035760.1,dispersed,TE-like,Solyc09g031810.2,0.0643965,0.0640184,1.00591,0.999276
14242,Solyc12g035770.1,dispersed,TE-like,Solyc08g062850.2,0.152598,0.236821,0.64436,0.202201
14243,Solyc12g035780.1,dispersed,TE-like,Solyc04g050850.2,0.105178,0.370904,0.283573,0.00345608
14244,Solyc12g035800.1,dispersed,TE-like,Solyc02g021380.1,0.221608,0.301693,0.734549,0.466344
14245,Solyc12g035805.1,dispersed,TE-like,Solyc11g056400.2,0.610321,2.16428,0.281998,2.47119e-05
14246,Solyc12g035820.2,dispersed,TE-like,Solyc09g015850.3,0.161568,0.223657,0.722393,0.212971
14247,Solyc12g035822.1,dispersed,TE-like,Solyc08g074700.1,0.187314,0.212369,0.882022,0.837834
14248,Solyc12g035824.1,dispersed,TE-like,Solyc09g015880.3,0.34047,0.560453,0.607491,0.081414
14249,Solyc12g035860.1,dispersed,TE-like,Solyc01g017450.1,0.424542,0.517882,0.819767,0.620543
14250,Solyc12g035865.1,dispersed,TE-like,Solyc11g056330.1,0.361276,0.490352,0.736769,0.251837
14251,Solyc12g035870.2,dispersed,TE-like,Solyc01g017370.1,0.263997,0.776728,0.339884,0.00112454
14252,Solyc12g035890.2,dispersed,TE-like,Solyc01g017440.1,0.252756,0.333683,0.757474,0.280502
14253,Solyc12g035893.1,dispersed,TE-like,NA,NA,NA,NA,NA
14254,Solyc12g035905.1,dispersed,TE-like,Solyc00g049210.1,0.215875,0.248129,0.870009,0.687222
14255,Solyc12g035910.1,dispersed,TE-like,Solyc00g049210.1,0.101102,0.113864,0.887915,0.708929
14256,Solyc12g035950.1,dispersed,TE-like,Solyc10g017920.1,0.141789,0.253099,0.560214,0.246383
14257,Solyc12g035970.1,dispersed,TE-like,Solyc09g031820.1,0.193937,0.340303,0.569895,0.106463
14258,Solyc12g035980.1,dispersed,TE-like,Solyc03g078010.1,0.159232,0.465411,0.342132,0.00923974
14259,Solyc12g035990.1,dispersed,TE-like,Solyc12g035760.1,0.115044,0.174499,0.659284,0.257058
14260,Solyc12g036000.1,dispersed,TE-like,Solyc09g031800.1,0.0719537,0.17397,0.413598,0.143283
14261,Solyc12g036020.1,dispersed,TE-like,Solyc08g028940.1,0.131968,0.247843,0.532464,0.726342
14262,Solyc12g036030.1,dispersed,TE-like,NA,NA,NA,NA,NA
14263,Solyc12g036090.2,dispersed,TE-like,Solyc11g013210.2,0.446475,3.11824,0.143182,2.3862e-15
14264,Solyc12g036095.1,dispersed,TE-like,Solyc10g055425.1,0.336293,0.440887,0.762765,0.326778
14265,Solyc12g036260.1,dispersed,TE-like,Solyc05g052320.3,0.627062,4.73148,0.13253,4.47325e-44
14266,Solyc12g036280.1,dispersed,TE-like,Solyc08g016446.1,0.0969269,0.0994626,0.974506,0.766279
14267,Solyc12g036430.2,dispersed,TE-like,Solyc01g107950.2,0.172582,0.307608,0.561044,0.0326112
14268,Solyc12g036530.1,dispersed,Unmethylated,Solyc01g020340.2,0.117358,0.306796,0.382529,0.0321995
14269,Solyc12g036570.1,dispersed,TE-like,Solyc00g014790.2,0.0695665,0.0822526,0.845766,0.791157
14270,Solyc12g036580.1,dispersed,TE-like,Solyc00g014820.2,0.217626,0.274988,0.7914,0.40511
14271,Solyc12g036590.1,dispersed,TE-like,Solyc01g065810.2,0.316885,0.704026,0.450104,0.00860896
14272,Solyc12g036610.1,dispersed,TE-like,Solyc01g065780.1,0.219359,0.159813,1.37259,0.416383
14273,Solyc12g036630.1,dispersed,Unclassified,NA,NA,NA,NA,NA
14274,Solyc12g036640.1,dispersed,TE-like,Solyc06g009920.1,0.181116,0.308872,0.586379,0.115866
14275,Solyc12g036673.1,dispersed,TE-like,Solyc04g055260.3,0.318011,1.14112,0.278684,2.31427e-07
14276,Solyc12g036675.1,dispersed,TE-like,Solyc10g087010.2,0.125403,0.21197,0.591607,0.0636825
14277,Solyc12g036720.1,dispersed,TE-like,Solyc10g012230.1,0.393769,0.627503,0.627517,0.261143
14278,Solyc12g036860.2,dispersed,TE-like,Solyc06g051665.1,0.0770627,0.122991,0.62657,0.151705
14279,Solyc12g036870.2,dispersed,TE-like,Solyc05g018830.2,0.04581,0.0822037,0.557274,0.273761
14280,Solyc12g038000.2,dispersed,TE-like,Solyc12g038120.2,0.290107,0.842945,0.344159,0.000278422
14281,Solyc12g038010.1,dispersed,TE-like,Solyc12g049430.1,0.250884,0.577933,0.434106,5.66549e-05
14282,Solyc12g038080.1,dispersed,TE-like,Solyc09g016930.1,0.190241,0.187637,1.01388,0.828126
14283,Solyc12g038135.1,dispersed,TE-like,Solyc00g304035.1,0.579953,3.3329,0.174009,6.93894e-12
14284,Solyc12g038145.1,dispersed,TE-like,Solyc12g049430.1,0.166966,0.548634,0.30433,0.0197254
14285,Solyc12g038150.1,dispersed,TE-like,Solyc12g089200.2,0.199782,0.662154,0.301716,1.77411e-05
14286,Solyc12g038200.2,dispersed,TE-like,Solyc06g034070.2,0.102785,0.219193,0.468926,0.000969104
14287,Solyc12g038210.1,dispersed,TE-like,Solyc09g042270.1,0.0423192,0.109742,0.385625,0.000897945
14288,Solyc12g038220.2,dispersed,TE-like,Solyc01g058360.1,0.103713,0.204254,0.507763,0.0310985
14289,Solyc12g038340.2,dispersed,TE-like,Solyc11g005600.2,0.985999,4.1324,0.238602,2.20441e-18
14290,Solyc12g038370.2,dispersed,Unclassified,Solyc01g100080.3,0.697488,3.71421,0.187789,1.20274e-12
14291,Solyc12g038430.2,dispersed,TE-like,Solyc10g050325.1,0.192431,0.243649,0.789789,0.209397
14292,Solyc12g038460.1,dispersed,TE-like,Solyc10g045250.1,0.15906,0.356474,0.446203,0.123192
14293,Solyc12g038540.2,dispersed,TE-like,Solyc02g091790.3,0.913399,3.97975,0.229511,4.06229e-18
14294,Solyc12g038653.1,dispersed,TE-like,Solyc05g014910.1,0.0380537,0.0951173,0.400071,0.149317
14295,Solyc12g038657.1,dispersed,TE-like,Solyc05g014930.1,0.116188,0.152173,0.763529,0.58535
14296,Solyc12g038700.1,dispersed,TE-like,Solyc12g098753.1,0.181424,0.630863,0.28758,5.32891e-11
14297,Solyc12g038770.2,dispersed,TE-like,Solyc06g030440.1,0.369923,3.36442,0.109951,7.52703e-28
14298,Solyc12g038800.1,dispersed,Unclassified,Solyc05g024230.2,0.677032,0.888241,0.762217,0.297577
14299,Solyc12g038805.1,dispersed,TE-like,NA,NA,NA,NA,NA
14300,Solyc12g038810.2,dispersed,TE-like,Solyc06g009260.3,0.188862,0.111744,1.69014,0.264647
14301,Solyc12g038890.1,dispersed,Unclassified,Solyc09g098100.3,0.411875,1.82734,0.225396,3.2047e-06
14302,Solyc12g038900.1,dispersed,TE-like,Solyc09g098130.2,0.18147,0.330746,0.548669,0.0290862
14303,Solyc12g038910.1,dispersed,Unclassified,Solyc09g064690.1,0.234553,1.85222,0.126633,1.69544e-05
14304,Solyc12g038950.2,dispersed,TE-like,Solyc09g083370.3,0.439745,3.00504,0.146336,9.33734e-13
14305,Solyc12g039000.2,dispersed,TE-like,Solyc11g056400.2,0.11859,0.11084,1.06992,0.750242
14306,Solyc12g039003.1,dispersed,TE-like,Solyc11g056410.2,0.0586005,0.045014,1.30183,0.793642
14307,Solyc12g039030.1,dispersed,TE-like,Solyc05g016120.2,0.210777,0.258758,0.814572,0.61614
14308,Solyc12g039060.1,dispersed,NA,Solyc05g008070.3,0.193164,1.07783,0.179216,1.65942e-05
14309,Solyc12g039110.1,dispersed,TE-like,Solyc12g038100.1,0.458862,3.44347,0.133256,8.79221e-15
14310,Solyc12g039140.1,dispersed,TE-like,Solyc11g065520.1,0.398477,3.35213,0.118873,3.27752e-17
14311,Solyc12g040310.1,dispersed,TE-like,Solyc01g086990.3,0.235855,0.398539,0.591798,0.138631
14312,Solyc12g040480.2,dispersed,Unclassified,Solyc03g119030.3,0.37713,0.967808,0.389674,0.00360887
14313,Solyc12g040500.2,dispersed,TE-like,Solyc03g119035.1,0.185927,0.498901,0.372673,0.000247326
14314,Solyc12g040530.1,dispersed,TE-like,Solyc10g019173.1,0.128889,0.222311,0.579771,0.201831
14315,Solyc12g040570.1,dispersed,TE-like,Solyc12g056120.1,0.17964,3.54134,0.0507266,0
14316,Solyc12g040580.1,dispersed,TE-like,Solyc12g056120.1,0.289729,3.42133,0.0846831,2.22804e-26
14317,Solyc12g040740.2,dispersed,Unclassified,Solyc12g099950.2,0.396577,1.05771,0.374939,2.23068e-06
14318,Solyc12g040814.1,dispersed,TE-like,Solyc11g068835.1,0.0930087,0.138882,0.669694,0.137802
14319,Solyc12g040816.1,dispersed,TE-like,Solyc11g039640.2,0.0882268,0.142593,0.618733,0.079788
14320,Solyc12g041890.2,dispersed,gbM,Solyc10g078730.2,0.439216,4.08544,0.107507,4.17412e-41
14321,Solyc12g042010.1,dispersed,Unmethylated,Solyc09g055765.1,0.0156716,0.0475585,0.329522,0.161492
14322,Solyc12g042110.2,dispersed,Unclassified,Solyc01g066613.1,0.493171,1.57802,0.312526,1.65475e-07
14323,Solyc12g042117.1,dispersed,TE-like,Solyc02g092350.3,0.274204,0.576513,0.475625,0.00297759
14324,Solyc12g042355.1,dispersed,TE-like,Solyc09g059477.1,0.118763,0.0964956,1.23076,0.531445
14325,Solyc12g042400.1,dispersed,TE-like,Solyc06g076900.3,0.519894,4.43113,0.117328,6.13857e-57
14326,Solyc12g042480.2,dispersed,TE-like,Solyc12g045020.2,0.117988,0.714058,0.165235,4.79467e-26
14327,Solyc12g042510.1,dispersed,TE-like,Solyc11g065520.1,0.532687,1.92812,0.276272,6.45156e-18
14328,Solyc12g042650.2,dispersed,Unclassified,Solyc01g103800.3,0.0504043,2.29058,0.022005,6.72908e-44
14329,Solyc12g042655.1,dispersed,gbM,Solyc11g011225.1,0.368618,0.657523,0.560615,0.000624326
14330,Solyc12g042740.2,dispersed,TE-like,Solyc12g009990.2,0.859468,3.93092,0.218643,1.20495e-18
14331,Solyc12g042790.1,dispersed,TE-like,Solyc12g040780.1,0.308232,0.874664,0.352401,0.000334595
14332,Solyc12g042830.2,dispersed,Unmethylated,Solyc09g015000.3,0.695,2.01249,0.345344,1.55981e-06
14333,Solyc12g042840.2,dispersed,Unclassified,Solyc12g006640.2,0.252264,3.50739,0.0719238,1.54616e-27
14334,Solyc12g042950.2,dispersed,gbM,Solyc03g119970.3,0.0648474,0.664657,0.0975652,9.04018e-62
14335,Solyc12g042960.2,dispersed,Unclassified,Solyc03g119920.1,0.667156,4.38162,0.152262,4.01726e-33
14336,Solyc12g042967.1,dispersed,TE-like,Solyc05g046345.1,0.565595,1.4488,0.390387,6.18627e-06
14337,Solyc12g043020.2,dispersed,TE-like,Solyc05g053540.3,0.0449653,0.387736,0.115969,1.14738e-39
14338,Solyc12g043050.2,dispersed,TE-like,Solyc03g120240.3,0.0922433,0.554934,0.166224,1.44769e-10
14339,Solyc12g044545.1,dispersed,TE-like,Solyc01g049975.1,0.144209,0.522409,0.276046,0.000598347
14340,Solyc12g044690.2,dispersed,TE-like,Solyc07g019620.2,0.015957,0.0175638,0.908517,0.651755
14341,Solyc12g044733.1,dispersed,TE-like,NA,NA,NA,NA,NA
14342,Solyc12g044737.1,dispersed,TE-like,Solyc09g074663.1,0.631896,3.04211,0.207716,3.55589e-15
14343,Solyc12g044760.2,dispersed,Unclassified,Solyc07g021158.1,0.0815321,0.197622,0.412566,0.0212727
14344,Solyc12g044860.2,dispersed,TE-like,Solyc12g098700.1,0.510817,4.31093,0.118494,3.64526e-68
14345,Solyc12g044955.1,dispersed,TE-like,NA,NA,NA,NA,NA
14346,Solyc12g044987.1,dispersed,TE-like,Solyc12g042480.2,0.145011,0.653522,0.221892,3.11777e-20
14347,Solyc12g049100.2,dispersed,TE-like,Solyc07g066060.3,0.926411,3.8577,0.240146,1.01319e-24
14348,Solyc12g049120.2,dispersed,TE-like,Solyc02g087410.3,0.24014,0.627675,0.382586,3.31057e-09
14349,Solyc12g049125.1,dispersed,TE-like,NA,NA,NA,NA,NA
14350,Solyc12g049130.1,dispersed,TE-like,Solyc02g087410.3,0.0685917,0.582151,0.117825,2.71147e-08
14351,Solyc12g049235.1,dispersed,TE-like,Solyc10g080395.1,0.0328593,0.0501038,0.655824,0.282773
14352,Solyc12g049425.1,dispersed,TE-like,Solyc07g041930.3,0.525898,1.30106,0.404208,0.0112276
14353,Solyc12g049430.1,dispersed,TE-like,Solyc12g038010.1,0.250884,0.577933,0.434106,5.66549e-05
14354,Solyc12g049483.1,dispersed,TE-like,Solyc11g020875.1,0.128673,0.162211,0.793245,0.289968
14355,Solyc12g049595.1,dispersed,TE-like,Solyc09g014340.2,0.256796,0.485535,0.528892,0.0113797
14356,Solyc12g049600.2,dispersed,TE-like,Solyc08g044370.2,0.0672385,0.124269,0.541071,0.0574134
14357,Solyc12g055820.2,dispersed,gbM,Solyc08g048300.2,0.0504602,0.0454067,1.11129,0.996476
14358,Solyc12g055880.2,dispersed,TE-like,Solyc06g059850.2,0.375921,1.44321,0.260476,0.0022433
14359,Solyc12g055890.2,dispersed,TE-like,Solyc06g059840.3,0.188692,1.59353,0.118411,5.21196e-30
14360,Solyc12g056050.1,dispersed,TE-like,Solyc05g047560.1,0.196647,1.03905,0.189256,6.16395e-32
14361,Solyc12g056080.2,dispersed,TE-like,Solyc10g050500.2,0.207936,0.598871,0.347214,0.00493141
14362,Solyc12g056120.1,dispersed,Unclassified,Solyc12g040570.1,0.17964,3.54134,0.0507266,0
14363,Solyc12g056295.1,dispersed,gbM,Solyc08g014365.1,0.482666,1.03287,0.467306,0.0045725
14364,Solyc12g056340.2,dispersed,TE-like,Solyc09g011410.3,0.77883,3.79873,0.205024,3.00687e-20
14365,Solyc12g056400.2,dispersed,Unclassified,Solyc10g081110.2,0.546389,3.91587,0.139532,6.49332e-21
14366,Solyc12g056620.2,dispersed,TE-like,Solyc04g071930.3,0.161192,1.73691,0.0928041,3.95384e-20
14367,Solyc12g056673.1,dispersed,TE-like,Solyc11g017090.2,0.0466146,0.156399,0.298049,0.000122204
14368,Solyc12g056690.1,dispersed,TE-like,Solyc12g042610.1,0.0447011,0.0507215,0.881304,0.667792
14369,Solyc12g056740.2,dispersed,TE-like,Solyc05g006130.3,0.7706,4.22187,0.182526,3.48016e-38
14370,Solyc12g056830.1,dispersed,Unmethylated,Solyc05g050500.1,0.741857,2.52555,0.293741,3.74093e-08
14371,Solyc12g056890.1,dispersed,Unclassified,Solyc01g088730.3,0.244593,1.43911,0.169961,4.03775e-15
14372,Solyc12g056960.2,dispersed,TE-like,Solyc11g010350.2,0.440326,4.2745,0.103012,3.93768e-64
14373,Solyc12g062223.1,dispersed,TE-like,Solyc09g064365.1,0.0736523,0.10397,0.7084,0.282888
14374,Solyc12g062295.1,dispersed,TE-like,Solyc06g048965.1,0.134605,0.0904809,1.48766,0.135927
14375,Solyc12g062347.1,dispersed,TE-like,Solyc01g017770.1,0.516577,1.80327,0.286467,5.88254e-15
14376,Solyc12g062410.1,dispersed,TE-like,Solyc00g097260.1,0.246308,0.238574,1.03242,0.872768
14377,Solyc12g062420.2,dispersed,TE-like,Solyc02g077860.1,0.375777,1.04159,0.360771,0.00424116
14378,Solyc12g062453.1,dispersed,TE-like,Solyc03g051625.1,0.142052,0.244647,0.580641,0.0925382
14379,Solyc12g062455.1,dispersed,TE-like,Solyc10g009055.1,0.0865465,0.2146,0.403292,0.0121325
14380,Solyc12g062457.1,dispersed,TE-like,NA,NA,NA,NA,NA
14381,Solyc12g062540.2,dispersed,TE-like,Solyc12g062420.2,0.309509,1.17902,0.262515,0.000346322
14382,Solyc12g062570.2,dispersed,TE-like,NA,NA,NA,NA,NA
14383,Solyc12g062733.1,dispersed,TE-like,Solyc09g072730.2,0.0132872,0.012768,1.04067,0.691028
14384,Solyc12g062737.1,dispersed,TE-like,Solyc07g043207.1,0.1902,0.454692,0.418305,0.00558815
14385,Solyc12g062790.1,dispersed,TE-like,Solyc07g043207.1,0.0545027,0.0630327,0.864674,0.67854
14386,Solyc12g062820.2,dispersed,Unclassified,Solyc01g081290.3,0.688599,4.50232,0.152943,4.424e-40
14387,Solyc12g062840.1,dispersed,TE-like,Solyc02g086760.1,0.307038,3.62478,0.0847054,3.63979e-12
14388,Solyc12g062875.1,dispersed,TE-like,Solyc11g020345.1,0.257684,0.479653,0.537231,0.0153016
14389,Solyc12g062900.1,dispersed,TE-like,Solyc08g079180.3,0.278211,0.382301,0.727729,0.136808
14390,Solyc12g070080.2,dispersed,TE-like,Solyc01g106360.3,0.534916,4.40832,0.121342,1.70461e-49
14391,Solyc12g070100.2,dispersed,TE-like,Solyc05g009710.3,0.336343,0.74339,0.452445,1.64744e-07
14392,Solyc12g070130.2,dispersed,Unclassified,Solyc10g055540.2,0.0400085,0.023273,1.7191,0.416103
14393,Solyc12g070140.1,dispersed,TE-like,NA,NA,NA,NA,NA
14394,Solyc12g070150.1,dispersed,TE-like,NA,NA,NA,NA,NA
14395,Solyc12g070156.1,dispersed,TE-like,Solyc11g065410.1,0.0976171,0.106625,0.915519,0.79084
14396,Solyc12g070158.1,dispersed,TE-like,NA,NA,NA,NA,NA
14397,Solyc12g076355.1,dispersed,TE-like,Solyc06g024375.1,0.431587,0.380471,1.13435,0.384009
14398,Solyc12g076357.1,dispersed,NA,Solyc06g024203.1,0.466884,0.617074,0.756609,0.342225
14399,Solyc12g077420.2,dispersed,TE-like,NA,NA,NA,NA,NA
14400,Solyc12g082720.1,dispersed,TE-like,Solyc04g026060.1,0.137683,0.162821,0.845606,0.786938
14401,Solyc12g082730.2,dispersed,TE-like,Solyc04g026080.2,0.0767625,0.0493168,1.55652,0.199897
14402,Solyc12g082760.1,dispersed,TE-like,Solyc00g007990.1,0.326433,0.504576,0.646945,0.0945646
14403,Solyc12g087893.1,dispersed,Unclassified,Solyc01g105700.3,0.0837248,0.749168,0.111757,1.59323e-07
14404,Solyc12g088170.2,dispersed,TE-like,Solyc12g096770.1,0.537736,4.11825,0.130574,6.88407e-36
14405,Solyc12g088340.2,dispersed,TE-like,Solyc03g112530.3,0.872664,4.1235,0.211632,3.55289e-15
14406,Solyc12g088730.2,dispersed,TE-like,Solyc07g061900.3,0.895919,3.89372,0.230093,3.78873e-13
14407,Solyc12g088810.2,dispersed,gbM,Solyc01g104990.3,0.359224,3.65049,0.0984041,7.11277e-51
14408,Solyc12g088950.2,dispersed,TE-like,Solyc11g005150.2,0.452646,4.25403,0.106404,6.04121e-50
14409,Solyc12g088990.2,dispersed,TE-like,Solyc07g025170.3,0.0623925,0.715629,0.0871856,7.55288e-51
14410,Solyc12g089010.2,dispersed,TE-like,Solyc07g039550.3,0.428126,4.6073,0.0929233,2.16587e-135
14411,Solyc12g089143.1,dispersed,TE-like,Solyc08g007716.1,0.359118,0.67944,0.52855,0.000157925
14412,Solyc12g089200.2,dispersed,TE-like,Solyc12g038120.2,0.166899,0.598497,0.278863,3.99758e-09
14413,Solyc12g089260.2,dispersed,gbM,Solyc00g012540.1,0.759492,4.08699,0.185832,1.25278e-15
14414,Solyc12g089297.1,dispersed,TE-like,Solyc03g006715.1,0.10236,0.0596132,1.71706,0.299048
14415,Solyc12g094380.2,dispersed,TE-like,Solyc06g062280.3,0.212052,0.85175,0.24896,1.04226e-11
14416,Solyc12g094410.2,dispersed,TE-like,Solyc08g062140.1,0.725368,4.13038,0.175618,7.63495e-35
14417,Solyc12g094560.1,dispersed,TE-like,Solyc09g059805.1,0.216717,0.795791,0.27233,5.32726e-06
14418,Solyc12g094630.2,dispersed,TE-like,Solyc03g097250.3,0.807301,3.00926,0.268272,1.03827e-06
14419,Solyc12g094650.2,dispersed,gbM,Solyc02g069040.3,0.814899,4.50637,0.180833,2.53113e-22
14420,Solyc12g094660.2,dispersed,TE-like,Solyc04g009290.1,0.753487,4.68004,0.161,7.11671e-52
14421,Solyc12g095800.2,dispersed,TE-like,Solyc04g063390.2,0.352277,4.13967,0.085098,9.72774e-51
14422,Solyc12g096080.2,dispersed,TE-like,Solyc01g107780.3,0.790191,4.19805,0.188228,1.3771e-26
14423,Solyc12g096100.1,dispersed,Unmethylated,Solyc03g007860.1,0.601905,7.32133,0.0822125,1.10265e-09
14424,Solyc12g096290.2,dispersed,gbM,Solyc09g075280.2,0.387264,4.72686,0.0819284,6.39802e-126
14425,Solyc12g096380.1,dispersed,TE-like,Solyc11g006710.2,0.536282,4.52465,0.118525,9.04203e-51
14426,Solyc12g096510.2,dispersed,gbM,Solyc08g076150.3,0.510944,4.35155,0.117417,2.07582e-56
14427,Solyc12g096540.2,dispersed,Unclassified,Solyc01g099670.3,0.041159,0.761677,0.0540373,3.27131e-27
14428,Solyc12g096550.2,dispersed,TE-like,Solyc11g012850.2,0.830398,4.1302,0.201055,2.11654e-28
14429,Solyc12g096610.2,dispersed,TE-like,Solyc12g017920.2,0.194328,0.589101,0.329873,1.86393e-08
14430,Solyc12g096620.1,dispersed,TE-like,Solyc01g099030.3,0.498341,4.00175,0.124531,8.16195e-72
14431,Solyc12g096680.1,dispersed,gbM,Solyc01g091610.1,0.502057,4.45836,0.11261,2.37818e-74
14432,Solyc12g096810.2,dispersed,TE-like,Solyc11g008770.2,0.227196,2.31658,0.0980739,1.52612e-107
14433,Solyc12g096840.2,dispersed,TE-like,Solyc00g272810.1,0.476238,2.20901,0.215589,3.75905e-14
14434,Solyc12g096850.2,dispersed,TE-like,Solyc12g035400.2,0.256406,2.16782,0.118278,3.07201e-27
14435,Solyc12g096870.1,dispersed,TE-like,Solyc08g006350.3,0.586139,4.2304,0.138554,2.67232e-35
14436,Solyc12g096910.1,dispersed,TE-like,Solyc10g011720.1,0.153021,0.156086,0.980362,0.847694
14437,Solyc12g096920.1,dispersed,TE-like,Solyc03g005670.3,0.741836,4.69895,0.157873,1.19404e-40
14438,Solyc12g096970.2,dispersed,TE-like,Solyc09g090920.3,0.185591,1.55059,0.119691,3.99798e-49
14439,Solyc12g097010.1,dispersed,TE-like,Solyc11g062180.1,0.241854,0.276698,0.874072,0.77549
14440,Solyc12g097030.2,dispersed,TE-like,Solyc03g059260.3,0.606365,4.23347,0.143231,4.71176e-58
14441,Solyc12g097090.2,dispersed,TE-like,Solyc09g091320.1,0.53808,3.16271,0.170133,3.05295e-09
14442,Solyc12g098160.2,dispersed,TE-like,Solyc01g067560.3,0.105305,0.317474,0.331697,2.55593e-26
14443,Solyc12g098280.2,dispersed,TE-like,Solyc06g031697.1,0.419239,4.05351,0.103426,3.01557e-32
14444,Solyc12g098615.1,dispersed,NA,Solyc09g097850.1,0.343747,1.11141,0.309291,8.23349e-07
14445,Solyc12g098700.1,dispersed,TE-like,Solyc01g079330.3,0.555365,4.52651,0.122692,2.2056e-86
14446,Solyc12g098860.2,dispersed,TE-like,Solyc08g074500.2,0.883283,4.51683,0.195554,1.10855e-41
14447,Solyc12g098890.2,dispersed,TE-like,Solyc05g007910.3,0.660904,1.91027,0.345975,5.3788e-06
14448,Solyc12g099040.1,dispersed,Unclassified,Solyc03g078300.2,0.73961,4.47542,0.16526,1.56937e-40
14449,Solyc12g099060.1,dispersed,gbM,Solyc02g073574.1,0.79238,3.39287,0.233543,5.07783e-06
14450,Solyc12g099080.2,dispersed,TE-like,Solyc02g092970.3,0.0770726,3.70442,0.0208056,5.54825e-56
14451,Solyc12g099160.2,dispersed,TE-like,Solyc02g088820.3,0.463844,4.27402,0.108526,1.87779e-47
14452,Solyc12g099170.2,dispersed,TE-like,Solyc01g067010.3,0.808427,3.87186,0.208796,8.49249e-25
14453,Solyc12g099280.2,dispersed,TE-like,Solyc07g005320.3,0.933563,4.82158,0.193622,8.70574e-38
14454,Solyc12g099300.1,dispersed,gbM,Solyc09g009230.2,0.677763,1.68027,0.403365,4.62232e-10
14455,Solyc12g099350.1,dispersed,Unclassified,Solyc08g077950.1,0.0864695,0.119149,0.725728,0.229024
14456,Solyc12g099490.2,dispersed,gbM,Solyc08g006155.1,0.292919,3.24602,0.0902396,3.49729e-21
14457,Solyc12g099660.2,dispersed,TE-like,Solyc10g008100.3,0.506732,3.55658,0.142478,6.33492e-25
14458,Solyc12g099840.1,dispersed,TE-like,Solyc03g118280.1,0.726585,4.52823,0.160457,9.29372e-72
14459,Solyc12g099910.2,dispersed,TE-like,Solyc08g029130.3,0.656342,4.91059,0.133659,1.99694e-144
14460,Solyc12g099920.2,dispersed,TE-like,Solyc11g072250.2,0.449017,0.750878,0.597989,0.00428823
14461,Solyc12g099940.2,dispersed,gbM,Solyc05g025890.2,0.562072,3.85717,0.145721,2.94047e-21
14462,Solyc12g100050.2,dispersed,gbM,Solyc11g061760.2,0.0560781,1.46453,0.0382908,7.15393e-32
14463,Solyc12g100150.2,dispersed,TE-like,Solyc11g045530.2,0.163648,0.722591,0.226474,6.09551e-10
14464,Solyc12g100160.2,dispersed,TE-like,Solyc02g085280.1,0.61695,3.0858,0.199932,2.16428e-15
14465,Solyc12g100270.2,dispersed,gbM,Solyc08g044260.3,0.16458,2.10923,0.0780287,4.83465e-40
14466,Solyc12g100290.2,dispersed,TE-like,Solyc01g006220.2,0.12651,0.459606,0.275257,2.58691e-14
14467,Solyc00g006090.1,tandem,TE-like,Solyc00g006170.1,0.240049,3.17668,0.075566,9.28209e-34
14468,Solyc00g006170.1,tandem,TE-like,Solyc00g006090.1,0.240049,3.17668,0.075566,9.28209e-34
14469,Solyc00g006550.1,tandem,TE-like,Solyc00g006560.1,0.125072,0.270534,0.462315,0.00153424
14470,Solyc00g006560.1,tandem,Unclassified,Solyc00g006550.1,0.125072,0.270534,0.462315,0.00153424
14471,Solyc00g007030.2,tandem,TE-like,Solyc00g007040.2,0.15071,0.177313,0.849964,0.511328
14472,Solyc00g007040.2,tandem,TE-like,Solyc00g007030.2,0.15071,0.177313,0.849964,0.511328
14473,Solyc00g007160.2,tandem,TE-like,NA,NA,NA,NA,NA
14474,Solyc00g007170.1,tandem,TE-like,NA,NA,NA,NA,NA
14475,Solyc00g007555.1,tandem,TE-like,Solyc00g007560.2,0.0465426,0.0504244,0.923018,0.8094
14476,Solyc00g007560.2,tandem,TE-like,Solyc00g007555.1,0.0465426,0.0504244,0.923018,0.8094
14477,Solyc00g007925.1,tandem,NA,Solyc00g007930.1,0.247462,0.364968,0.678039,0.296438
14478,Solyc00g007930.1,tandem,TE-like,Solyc00g007925.1,0.247462,0.364968,0.678039,0.296438
14479,Solyc00g008010.1,tandem,NA,Solyc00g008000.1,0.193906,0.11805,1.64258,0.358932
14480,Solyc00g008080.1,tandem,NA,Solyc00g008090.2,0.295185,0.324115,0.910742,0.888563
14481,Solyc00g008100.1,tandem,TE-like,Solyc00g008110.1,0.114302,0.0669174,1.7081,0.107285
14482,Solyc00g008110.1,tandem,TE-like,Solyc00g008100.1,0.114302,0.0669174,1.7081,0.107285
14483,Solyc00g008140.1,tandem,TE-like,Solyc00g008150.1,0.139959,0.0919938,1.5214,0.419411
14484,Solyc00g008150.1,tandem,TE-like,Solyc00g008140.1,0.139959,0.0919938,1.5214,0.419411
14485,Solyc00g009120.3,tandem,Unclassified,Solyc00g009140.3,0.024394,0.075825,0.321715,0.0129653
14486,Solyc00g009140.3,tandem,gbM,Solyc00g009120.3,0.024394,0.075825,0.321715,0.0129653
14487,Solyc00g009650.1,tandem,TE-like,Solyc00g009148.1,0.266958,0.396317,0.673597,0.153978
14488,Solyc00g009765.1,tandem,NA,Solyc00g010410.1,0.156006,0.158479,0.984396,0.99989
14489,Solyc00g010410.1,tandem,Unclassified,Solyc00g009765.1,0.156006,0.158479,0.984396,0.99989
14490,Solyc00g012702.1,tandem,TE-like,Solyc00g012704.1,0.319723,0.38721,0.825709,0.106644
14491,Solyc00g012704.1,tandem,TE-like,Solyc00g012702.1,0.319723,0.38721,0.825709,0.106644
14492,Solyc00g013185.1,tandem,TE-like,Solyc00g013186.1,0.153069,0.298616,0.512594,0.0568963
14493,Solyc00g013186.1,tandem,TE-like,Solyc00g013185.1,0.153069,0.298616,0.512594,0.0568963
14494,Solyc00g016900.1,tandem,NA,Solyc00g016910.1,0.229564,0.205791,1.11552,0.849713
14495,Solyc00g016910.1,tandem,NA,Solyc00g016900.1,0.229564,0.205791,1.11552,0.849713
14496,Solyc00g017540.2,tandem,TE-like,Solyc00g017550.2,0.00896143,0.0274568,0.326383,0.257015
14497,Solyc00g017550.2,tandem,NA,Solyc00g017540.2,0.00896143,0.0274568,0.326383,0.257015
14498,Solyc00g020545.1,tandem,TE-like,Solyc00g020940.1,0.121703,0.264403,0.460292,0.000490499
14499,Solyc00g020940.1,tandem,NA,Solyc00g020545.1,0.121703,0.264403,0.460292,0.000490499
14500,Solyc00g036962.1,tandem,NA,Solyc00g036964.1,0.334564,0.435948,0.767439,0.40191
14501,Solyc00g036964.1,tandem,NA,Solyc00g036962.1,0.334564,0.435948,0.767439,0.40191
14502,Solyc00g036968.1,tandem,TE-like,Solyc00g039290.2,NA,NA,NA,NA
14503,Solyc00g039290.2,tandem,TE-like,Solyc00g036968.1,NA,NA,NA,NA
14504,Solyc00g040290.2,tandem,TE-like,Solyc00g040390.2,0.0106756,0.0151607,0.704163,0.479064
14505,Solyc00g040390.2,tandem,TE-like,Solyc00g040290.2,0.0106756,0.0151607,0.704163,0.479064
14506,Solyc00g044755.1,tandem,TE-like,Solyc00g046580.1,NA,0.00404406,-2.74532e-13,NA
14507,Solyc00g046580.1,tandem,TE-like,Solyc00g044755.1,NA,0.00404406,-2.74532e-13,NA
14508,Solyc00g084650.2,tandem,TE-like,NA,NA,NA,NA,NA
14509,Solyc00g084750.3,tandem,TE-like,NA,NA,NA,NA,NA
14510,Solyc00g090115.1,tandem,TE-like,Solyc00g090120.2,0.0221638,0.0951523,0.23293,0.00154895
14511,Solyc00g090120.2,tandem,NA,Solyc00g090115.1,0.0221638,0.0951523,0.23293,0.00154895
14512,Solyc00g095465.1,tandem,NA,Solyc00g095860.1,0.049814,0.195155,0.255254,4.35882e-06
14513,Solyc00g095860.1,tandem,NA,Solyc00g095465.1,0.049814,0.195155,0.255254,4.35882e-06
14514,Solyc00g117655.1,tandem,Unmethylated,Solyc00g118690.1,0.0349244,0.0349719,0.998642,0.413001
14515,Solyc00g118690.1,tandem,Unmethylated,Solyc00g117655.1,0.0349244,0.0349719,0.998642,0.413001
14516,Solyc00g125980.1,tandem,Unmethylated,Solyc00g125990.2,0.252673,0.636977,0.396676,0.0422358
14517,Solyc00g125990.2,tandem,Unclassified,Solyc00g125980.1,0.252673,0.636977,0.396676,0.0422358
14518,Solyc00g143777.1,tandem,TE-like,Solyc00g144470.1,0.220228,0.324356,0.678969,0.122437
14519,Solyc00g144470.1,tandem,TE-like,Solyc00g143777.1,0.220228,0.324356,0.678969,0.122437
14520,Solyc00g174330.3,tandem,TE-like,Solyc00g174340.2,0.0409149,0.12299,0.332669,0.0346281
14521,Solyc00g174340.2,tandem,TE-like,Solyc00g174330.3,0.0409149,0.12299,0.332669,0.0346281
14522,Solyc00g188855.1,tandem,TE-like,Solyc00g195360.1,0.236251,0.0804529,2.93652,0.0207295
14523,Solyc00g195360.1,tandem,TE-like,Solyc00g188855.1,0.236251,0.0804529,2.93652,0.0207295
14524,Solyc01g005030.3,tandem,TE-like,Solyc01g005040.3,0.504424,2.02102,0.249588,5.07956e-08
14525,Solyc01g005040.3,tandem,NA,Solyc01g005050.3,0.493095,0.792583,0.622136,0.307878
14526,Solyc01g005050.3,tandem,Unclassified,Solyc01g005040.3,0.493095,0.792583,0.622136,0.307878
14527,Solyc01g005140.3,tandem,Unclassified,Solyc01g005150.3,0.552105,1.78662,0.309023,2.64561e-10
14528,Solyc01g005150.3,tandem,Unclassified,Solyc01g005140.3,0.552105,1.78662,0.309023,2.64561e-10
14529,Solyc01g005190.1,tandem,Unmethylated,Solyc01g005200.1,0.144169,0.566012,0.25471,4.95106e-11
14530,Solyc01g005200.1,tandem,Unclassified,Solyc01g005190.1,0.144169,0.566012,0.25471,4.95106e-11
14531,Solyc01g005260.3,tandem,TE-like,Solyc01g005270.3,0.0677376,0.320932,0.211065,4.89585e-10
14532,Solyc01g005270.3,tandem,gbM,Solyc01g005260.3,0.0677376,0.320932,0.211065,4.89585e-10
14533,Solyc01g005280.3,tandem,TE-like,Solyc01g005270.3,0.0814518,0.165618,0.491805,0.00762152
14534,Solyc01g005290.3,tandem,Unclassified,Solyc01g005280.3,0.0836211,0.134704,0.620777,0.527917
14535,Solyc01g005350.3,tandem,TE-like,Solyc01g005360.3,0.123995,0.424798,0.291891,4.5099e-09
14536,Solyc01g005360.3,tandem,TE-like,Solyc01g005350.3,0.123995,0.424798,0.291891,4.5099e-09
14537,Solyc01g005410.3,tandem,Unclassified,Solyc01g005400.3,0.276198,2.13949,0.129095,2.57202e-21
14538,Solyc01g005450.3,tandem,gbM,Solyc01g005460.3,0.242318,0.370163,0.654626,0.0813232
14539,Solyc01g005460.3,tandem,TE-like,Solyc01g005450.3,0.242318,0.370163,0.654626,0.0813232
14540,Solyc01g005570.3,tandem,TE-like,Solyc01g005575.1,0.105749,0.351899,0.30051,2.3848e-05
14541,Solyc01g005575.1,tandem,TE-like,Solyc01g005570.3,0.105749,0.351899,0.30051,2.3848e-05
14542,Solyc01g005715.1,tandem,NA,Solyc01g005720.3,0.0492412,0.0515857,0.954551,0.739376
14543,Solyc01g005720.3,tandem,Unclassified,Solyc01g005715.1,0.0492412,0.0515857,0.954551,0.739376
14544,Solyc01g005755.1,tandem,TE-like,Solyc01g005760.3,NA,NA,NA,NA
14545,Solyc01g005865.1,tandem,TE-like,Solyc01g005870.2,0.098415,0.265034,0.37133,0.00720518
14546,Solyc01g005870.2,tandem,TE-like,Solyc01g005865.1,0.098415,0.265034,0.37133,0.00720518
14547,Solyc01g005895.1,tandem,TE-like,Solyc01g005900.2,0.300706,0.372384,0.807514,0.324168
14548,Solyc01g005900.2,tandem,TE-like,Solyc01g005895.1,0.300706,0.372384,0.807514,0.324168
14549,Solyc01g006290.3,tandem,TE-like,Solyc01g006300.3,0.120902,0.853274,0.141691,1.99009e-19
14550,Solyc01g006300.3,tandem,TE-like,Solyc01g006290.3,0.120902,0.853274,0.141691,1.99009e-19
14551,Solyc01g006360.3,tandem,TE-like,Solyc01g006370.3,0.617431,4.66264,0.132421,3.49015e-77
14552,Solyc01g006390.2,tandem,Unclassified,Solyc01g006400.3,0.328753,2.06101,0.15951,5.85315e-08
14553,Solyc01g006400.3,tandem,Unclassified,Solyc01g006390.2,0.328753,2.06101,0.15951,5.85315e-08
14554,Solyc01g006410.3,tandem,TE-like,Solyc01g006400.3,0.389893,2.12548,0.183438,1.05363e-07
14555,Solyc01g006520.3,tandem,TE-like,Solyc01g006530.1,0.408681,4.58016,0.0892285,5.82372e-123
14556,Solyc01g006530.1,tandem,TE-like,Solyc01g006520.3,0.408681,4.58016,0.0892285,5.82372e-123
14557,Solyc01g006545.1,tandem,TE-like,Solyc01g006550.3,NA,NA,NA,NA
14558,Solyc01g006550.3,tandem,TE-like,Solyc01g006545.1,NA,NA,NA,NA
14559,Solyc01g006860.3,tandem,gbM,Solyc01g006870.3,0.22581,0.548423,0.411745,7.20678e-06
14560,Solyc01g006993.1,tandem,TE-like,Solyc01g006997.1,0.0378332,0.121433,0.311555,0.00154328
14561,Solyc01g006997.1,tandem,TE-like,Solyc01g006993.1,0.0378332,0.121433,0.311555,0.00154328
14562,Solyc01g007000.3,tandem,TE-like,Solyc01g007010.2,0.0361637,0.179369,0.201617,1.00577e-11
14563,Solyc01g007020.3,tandem,TE-like,Solyc01g007010.2,0.040853,0.112705,0.362478,0.00175063
14564,Solyc01g007090.1,tandem,TE-like,Solyc01g007080.3,0.294203,0.985607,0.298499,9.33929e-18
14565,Solyc01g007240.3,tandem,gbM,Solyc01g007230.3,0.439146,2.99185,0.146781,5.86198e-18
14566,Solyc01g007265.1,tandem,TE-like,Solyc01g007270.1,0.182564,0.0692689,2.63558,0.239619
14567,Solyc01g007960.3,tandem,TE-like,Solyc01g007970.2,0.127061,0.284067,0.447293,2.52209e-09
14568,Solyc01g007970.2,tandem,TE-like,Solyc01g007980.3,0.048547,0.158924,0.305473,7.76319e-07
14569,Solyc01g007980.3,tandem,TE-like,Solyc01g007970.2,0.048547,0.158924,0.305473,7.76319e-07
14570,Solyc01g007990.3,tandem,TE-like,Solyc01g007980.3,0.10555,0.284635,0.370825,1.76317e-07
14571,Solyc01g008080.3,tandem,gbM,Solyc01g008090.3,0.0377127,0.298301,0.126425,6.47006e-06
14572,Solyc01g008090.3,tandem,gbM,Solyc01g008080.3,0.0377127,0.298301,0.126425,6.47006e-06
14573,Solyc01g008240.3,tandem,TE-like,Solyc01g008250.3,NA,0.00787135,-1.41046e-13,NA
14574,Solyc01g008250.3,tandem,TE-like,Solyc01g008240.3,NA,0.00787135,-1.41046e-13,NA
14575,Solyc01g008390.2,tandem,TE-like,Solyc01g008410.2,0.142222,0.55312,0.257126,2.2125e-14
14576,Solyc01g008410.2,tandem,TE-like,Solyc01g008390.2,0.142222,0.55312,0.257126,2.2125e-14
14577,Solyc01g008530.3,tandem,gbM,Solyc01g008540.3,0.176925,1.74876,0.101172,2.57481e-29
14578,Solyc01g008540.3,tandem,TE-like,Solyc01g008530.3,0.176925,1.74876,0.101172,2.57481e-29
14579,Solyc01g008550.4,tandem,TE-like,Solyc01g008540.3,0.112879,0.327137,0.345052,3.62502e-07
14580,Solyc01g008620.3,tandem,TE-like,Solyc01g008610.3,0.160589,0.790654,0.203109,1.13574e-17
14581,Solyc01g008640.3,tandem,TE-like,Solyc01g008650.3,0.140486,0.729182,0.192662,2.54913e-30
14582,Solyc01g008650.3,tandem,TE-like,Solyc01g008640.3,0.140486,0.729182,0.192662,2.54913e-30
14583,Solyc01g008710.4,tandem,TE-like,Solyc01g008720.2,0.100607,0.237803,0.423068,5.70998e-05
14584,Solyc01g008720.2,tandem,TE-like,Solyc01g008710.4,0.100607,0.237803,0.423068,5.70998e-05
14585,Solyc01g008810.3,tandem,TE-like,Solyc01g008800.2,0.00696021,0.00732381,0.950354,0.335339
14586,Solyc01g008860.1,tandem,TE-like,Solyc01g008870.1,0.0793309,0.133892,0.592497,0.0288524
14587,Solyc01g008870.1,tandem,TE-like,Solyc01g008860.1,0.0793309,0.133892,0.592497,0.0288524
14588,Solyc01g008880.2,tandem,TE-like,Solyc01g008890.3,0.294426,0.523573,0.56234,0.0164242
14589,Solyc01g008890.3,tandem,gbM,Solyc01g008880.2,0.294426,0.523573,0.56234,0.0164242
14590,Solyc01g008977.1,tandem,TE-like,Solyc01g008980.3,0.065681,0.126629,0.51869,0.101797
14591,Solyc01g008980.3,tandem,TE-like,Solyc01g008977.1,0.065681,0.126629,0.51869,0.101797
14592,Solyc01g009220.3,tandem,Unclassified,Solyc01g009215.1,0.416311,0.993866,0.418881,4.50522e-05
14593,Solyc01g009270.1,tandem,TE-like,Solyc01g009260.1,0.100977,0.205395,0.491623,0.000131786
14594,Solyc01g009303.1,tandem,TE-like,Solyc01g009307.1,0.272795,0.307473,0.887215,0.519415
14595,Solyc01g009307.1,tandem,TE-like,Solyc01g009303.1,0.272795,0.307473,0.887215,0.519415
14596,Solyc01g009350.2,tandem,TE-like,Solyc01g009360.1,0.123602,0.287883,0.429347,8.80846e-05
14597,Solyc01g009360.1,tandem,TE-like,Solyc01g009350.2,0.123602,0.287883,0.429347,8.80846e-05
14598,Solyc01g009400.3,tandem,TE-like,Solyc01g009410.3,0.119096,0.753105,0.15814,4.7732e-13
14599,Solyc01g009410.3,tandem,TE-like,Solyc01g009400.3,0.119096,0.753105,0.15814,4.7732e-13
14600,Solyc01g009565.1,tandem,TE-like,Solyc01g009570.3,NA,NA,NA,NA
14601,Solyc01g009570.3,tandem,Unclassified,Solyc01g009565.1,NA,NA,NA,NA
14602,Solyc01g009620.3,tandem,TE-like,Solyc01g009630.3,0.0160009,0.16968,0.0943002,4.30506e-09
14603,Solyc01g009630.3,tandem,TE-like,Solyc01g009620.3,0.0160009,0.16968,0.0943002,4.30506e-09
14604,Solyc01g009715.1,tandem,TE-like,Solyc01g009720.2,0.0229188,0.00825417,2.77663,0.210859
14605,Solyc01g009720.2,tandem,TE-like,Solyc01g009715.1,0.0229188,0.00825417,2.77663,0.210859
14606,Solyc01g009730.2,tandem,TE-like,Solyc01g009740.2,0.280221,0.397371,0.705186,0.263373
14607,Solyc01g009740.2,tandem,TE-like,Solyc01g009730.2,0.280221,0.397371,0.705186,0.263373
14608,Solyc01g009845.1,tandem,gbM,Solyc01g009850.3,0.332938,0.664527,0.501016,0.0957655
14609,Solyc01g009850.3,tandem,Unclassified,Solyc01g009845.1,0.332938,0.664527,0.501016,0.0957655
14610,Solyc01g009890.1,tandem,gbM,Solyc01g009900.3,0.0941061,0.648859,0.145033,3.42613e-11
14611,Solyc01g009900.3,tandem,TE-like,Solyc01g009890.1,0.0941061,0.648859,0.145033,3.42613e-11
14612,Solyc01g009910.1,tandem,gbM,Solyc01g009900.3,0.0447241,0.253427,0.176477,1.70324e-05
14613,Solyc01g010085.1,tandem,TE-like,Solyc01g010090.1,0.120504,0.451382,0.266967,0.00556259
14614,Solyc01g010090.1,tandem,TE-like,Solyc01g010085.1,0.120504,0.451382,0.266967,0.00556259
14615,Solyc01g010190.2,tandem,Unmethylated,Solyc01g010200.3,0.59355,1.38129,0.429709,0.000431814
14616,Solyc01g010200.3,tandem,Unmethylated,Solyc01g010190.2,0.59355,1.38129,0.429709,0.000431814
14617,Solyc01g010390.3,tandem,TE-like,Solyc01g010393.1,0.447198,0.659306,0.678286,0.104993
14618,Solyc01g010393.1,tandem,Unclassified,Solyc01g010390.3,0.447198,0.659306,0.678286,0.104993
14619,Solyc01g010430.3,tandem,TE-like,Solyc01g010420.3,0.475677,3.56783,0.133324,5.75694e-26
14620,Solyc01g010465.1,tandem,TE-like,Solyc01g010470.2,0.0143731,0.0326703,0.439943,0.15122
14621,Solyc01g010470.2,tandem,TE-like,Solyc01g010465.1,0.0143731,0.0326703,0.439943,0.15122
14622,Solyc01g010710.3,tandem,TE-like,Solyc01g010720.3,0.178727,2.0363,0.0877706,1.8269e-08
14623,Solyc01g010720.3,tandem,TE-like,Solyc01g010710.3,0.178727,2.0363,0.0877706,1.8269e-08
14624,Solyc01g011180.1,tandem,Unclassified,Solyc01g011190.1,0.0260093,0.0333047,0.780951,0.612395
14625,Solyc01g011190.1,tandem,TE-like,Solyc01g011180.1,0.0260093,0.0333047,0.780951,0.612395
14626,Solyc01g011260.1,tandem,TE-like,Solyc01g011237.1,0.156254,0.194185,0.804665,0.727441
14627,Solyc01g011300.1,tandem,TE-like,Solyc01g011270.2,0.061928,0.0409771,1.51128,0.957355
14628,Solyc01g011320.2,tandem,TE-like,Solyc01g011310.1,0.0927707,0.0701985,1.32155,0.408835
14629,Solyc01g011540.1,tandem,TE-like,Solyc01g012540.1,0.0429702,0.0599574,0.716678,0.499093
14630,Solyc01g012540.1,tandem,TE-like,Solyc01g011540.1,0.0429702,0.0599574,0.716678,0.499093
14631,Solyc01g012730.1,tandem,TE-like,Solyc01g012740.1,0.131931,0.237892,0.554584,0.167738
14632,Solyc01g014060.2,tandem,Unclassified,Solyc01g014065.1,0.522292,1.05547,0.494844,0.00696163
14633,Solyc01g014065.1,tandem,Unclassified,Solyc01g014060.2,0.522292,1.05547,0.494844,0.00696163
14634,Solyc01g014070.1,tandem,TE-like,Solyc01g014065.1,0.503575,3.316,0.151862,1.64962e-11
14635,Solyc01g015050.1,tandem,TE-like,NA,NA,NA,NA,NA
14636,Solyc01g015060.1,tandem,TE-like,NA,NA,NA,NA,NA
14637,Solyc01g016620.1,tandem,TE-like,Solyc01g016630.1,0.0701097,0.0466797,1.50193,0.608827
14638,Solyc01g016630.1,tandem,TE-like,Solyc01g016620.1,0.0701097,0.0466797,1.50193,0.608827
14639,Solyc01g017183.1,tandem,TE-like,Solyc01g017190.1,0.110458,0.0591245,1.86823,0.602234
14640,Solyc01g017190.1,tandem,TE-like,Solyc01g017183.1,0.110458,0.0591245,1.86823,0.602234
14641,Solyc01g017300.1,tandem,TE-like,Solyc01g017330.2,0.446325,1.62209,0.275155,2.84591e-10
14642,Solyc01g017330.2,tandem,TE-like,Solyc01g017300.1,0.446325,1.62209,0.275155,2.84591e-10
14643,Solyc01g017420.1,tandem,TE-like,Solyc01g017460.2,0.29466,0.827349,0.356149,3.66601e-05
14644,Solyc01g017827.1,tandem,TE-like,Solyc01g017840.1,NA,NA,NA,NA
14645,Solyc01g017840.1,tandem,TE-like,Solyc01g017827.1,NA,NA,NA,NA
14646,Solyc01g020160.1,tandem,TE-like,Solyc01g020170.1,0.0607022,0.0593441,1.02288,0.903655
14647,Solyc01g020170.1,tandem,TE-like,Solyc01g020160.1,0.0607022,0.0593441,1.02288,0.903655
14648,Solyc01g020180.1,tandem,TE-like,Solyc01g020170.1,0.0809955,0.118816,0.681687,0.339309
14649,Solyc01g020220.2,tandem,TE-like,Solyc01g020230.3,0.00737168,0.0158774,0.464286,0.340167
14650,Solyc01g020230.3,tandem,TE-like,Solyc01g020220.2,0.00737168,0.0158774,0.464286,0.340167
14651,Solyc01g020401.1,tandem,TE-like,Solyc01g020402.1,0.137222,0.310919,0.441345,0.0439133
14652,Solyc01g020402.1,tandem,Unmethylated,Solyc01g020401.1,0.137222,0.310919,0.441345,0.0439133
14653,Solyc01g034063.1,tandem,TE-like,Solyc01g034070.2,0.0262433,0.0602259,0.435747,0.121404
14654,Solyc01g034070.2,tandem,TE-like,Solyc01g034063.1,0.0262433,0.0602259,0.435747,0.121404
14655,Solyc01g044307.1,tandem,Unclassified,Solyc01g044350.3,NA,NA,NA,NA
14656,Solyc01g044340.3,tandem,Unmethylated,Solyc01g044307.1,0.0405951,0.0517829,0.783949,0.538471
14657,Solyc01g044350.3,tandem,gbM,Solyc01g044307.1,NA,NA,NA,NA
14658,Solyc01g044480.3,tandem,TE-like,Solyc01g044490.3,0.0519146,0.0777112,0.668045,0.255433
14659,Solyc01g044490.3,tandem,TE-like,Solyc01g044480.3,0.0519146,0.0777112,0.668045,0.255433
14660,Solyc01g049685.1,tandem,TE-like,Solyc01g049690.3,0.138876,0.0615573,2.25604,0.41086
14661,Solyc01g049690.3,tandem,Unclassified,Solyc01g049685.1,0.138876,0.0615573,2.25604,0.41086
14662,Solyc01g049975.1,tandem,TE-like,Solyc01g050010.3,0.277392,0.551819,0.502686,0.07538
14663,Solyc01g050010.3,tandem,TE-like,Solyc01g049975.1,0.277392,0.551819,0.502686,0.07538
14664,Solyc01g056730.2,tandem,TE-like,Solyc01g056750.1,0.422903,1.44357,0.292956,2.25712e-06
14665,Solyc01g056750.1,tandem,TE-like,Solyc01g056730.2,0.422903,1.44357,0.292956,2.25712e-06
14666,Solyc01g056810.3,tandem,TE-like,Solyc01g056830.3,0.198447,0.306483,0.647498,0.291554
14667,Solyc01g056830.3,tandem,TE-like,Solyc01g056810.3,0.198447,0.306483,0.647498,0.291554
14668,Solyc01g056890.1,tandem,TE-like,Solyc01g056900.1,0.320135,0.327443,0.97768,0.856429
14669,Solyc01g056900.1,tandem,TE-like,Solyc01g056890.1,0.320135,0.327443,0.97768,0.856429
14670,Solyc01g057355.1,tandem,TE-like,Solyc01g057360.1,NA,NA,NA,NA
14671,Solyc01g057360.1,tandem,TE-like,Solyc01g057355.1,NA,NA,NA,NA
14672,Solyc01g057685.1,tandem,TE-like,Solyc01g057690.2,0.220858,0.388057,0.569139,0.0868943
14673,Solyc01g057690.2,tandem,TE-like,Solyc01g057685.1,0.220858,0.388057,0.569139,0.0868943
14674,Solyc01g057840.3,tandem,TE-like,Solyc01g057850.3,0.0683944,0.121907,0.561037,0.00909933
14675,Solyc01g057850.3,tandem,TE-like,Solyc01g057840.3,0.0683944,0.121907,0.561037,0.00909933
14676,Solyc01g058160.3,tandem,Unclassified,Solyc01g058170.3,0.600181,2.43005,0.246983,7.9817e-08
14677,Solyc01g058170.3,tandem,Unclassified,Solyc01g058160.3,0.600181,2.43005,0.246983,7.9817e-08
14678,Solyc01g058367.1,tandem,TE-like,Solyc01g058370.1,0.166099,0.444675,0.373528,1.16204e-06
14679,Solyc01g058370.1,tandem,TE-like,Solyc01g058367.1,0.166099,0.444675,0.373528,1.16204e-06
14680,Solyc01g059884.1,tandem,TE-like,Solyc01g059886.1,0.0205869,0.0339928,0.605624,0.329105
14681,Solyc01g059886.1,tandem,TE-like,Solyc01g059884.1,0.0205869,0.0339928,0.605624,0.329105
14682,Solyc01g059888.1,tandem,TE-like,Solyc01g059886.1,0.0307596,0.079022,0.389253,0.00519665
14683,Solyc01g059960.1,tandem,Unclassified,Solyc01g059950.1,0.375302,2.19395,0.171063,1.91987e-10
14684,Solyc01g059965.1,tandem,Unclassified,Solyc01g059980.3,NA,NA,NA,NA
14685,Solyc01g059967.1,tandem,TE-like,Solyc01g059990.3,0.0420188,0.110441,0.380463,0.00174348
14686,Solyc01g059980.3,tandem,Unclassified,Solyc01g059965.1,NA,NA,NA,NA
14687,Solyc01g059990.3,tandem,TE-like,Solyc01g059967.1,0.0420188,0.110441,0.380463,0.00174348
14688,Solyc01g060010.2,tandem,gbM,Solyc01g060020.3,0.201904,1.02031,0.197886,8.28809e-17
14689,Solyc01g060020.3,tandem,Unmethylated,Solyc01g060010.2,0.201904,1.02031,0.197886,8.28809e-17
14690,Solyc01g060288.1,tandem,Unclassified,Solyc01g060310.2,0.0269513,0.0711918,0.378573,0.138417
14691,Solyc01g060310.2,tandem,Unclassified,Solyc01g060312.1,0.0272817,0.0894592,0.304963,0.0675717
14692,Solyc01g060312.1,tandem,TE-like,Solyc01g060310.2,0.0272817,0.0894592,0.304963,0.0675717
14693,Solyc01g060355.1,tandem,TE-like,Solyc01g060370.1,0.0710209,0.0454424,1.56288,0.57214
14694,Solyc01g060370.1,tandem,TE-like,Solyc01g060355.1,0.0710209,0.0454424,1.56288,0.57214
14695,Solyc01g060455.1,tandem,TE-like,Solyc01g060460.2,0.0649093,0.106855,0.607449,0.00661683
14696,Solyc01g060460.2,tandem,gbM,Solyc01g060455.1,0.0649093,0.106855,0.607449,0.00661683
14697,Solyc01g065597.1,tandem,TE-like,Solyc01g065610.1,0.183283,0.159459,1.14941,0.716165
14698,Solyc01g065610.1,tandem,TE-like,Solyc01g065597.1,0.183283,0.159459,1.14941,0.716165
14699,Solyc01g065620.1,tandem,TE-like,NA,NA,NA,NA,NA
14700,Solyc01g065847.1,tandem,Unclassified,Solyc01g065900.2,0.155935,0.282123,0.552721,0.102099
14701,Solyc01g065900.2,tandem,Unclassified,Solyc01g065847.1,0.155935,0.282123,0.552721,0.102099
14702,Solyc01g066080.2,tandem,TE-like,Solyc01g066090.2,0.281561,0.53961,0.521787,0.00171227
14703,Solyc01g066090.2,tandem,TE-like,Solyc01g066080.2,0.281561,0.53961,0.521787,0.00171227
14704,Solyc01g066100.1,tandem,TE-like,Solyc01g066090.2,0.12437,0.214785,0.579043,0.0178175
14705,Solyc01g066105.1,tandem,TE-like,Solyc01g066110.1,0.158467,0.169183,0.936666,0.831336
14706,Solyc01g066110.1,tandem,TE-like,Solyc01g066105.1,0.158467,0.169183,0.936666,0.831336
14707,Solyc01g066120.2,tandem,TE-like,NA,NA,NA,NA,NA
14708,Solyc01g066160.1,tandem,Unmethylated,Solyc01g066190.1,0.285796,0.824116,0.34679,0.248597
14709,Solyc01g066190.1,tandem,Unclassified,Solyc01g066200.1,0.095687,0.103271,0.926565,0.999667
14710,Solyc01g066200.1,tandem,TE-like,Solyc01g066190.1,0.095687,0.103271,0.926565,0.999667
14711,Solyc01g066260.2,tandem,Unclassified,Solyc01g066270.3,0.0720743,0.18135,0.397433,0.0353969
14712,Solyc01g066270.3,tandem,NA,Solyc01g066260.2,0.0720743,0.18135,0.397433,0.0353969
14713,Solyc01g066280.1,tandem,TE-like,Solyc01g066290.2,0.341502,0.556944,0.613172,0.27624
14714,Solyc01g066290.2,tandem,NA,Solyc01g066280.1,0.341502,0.556944,0.613172,0.27624
14715,Solyc01g066320.1,tandem,TE-like,Solyc01g066330.1,0.0270951,0.043242,0.626591,0.245361
14716,Solyc01g066330.1,tandem,TE-like,Solyc01g066320.1,0.0270951,0.043242,0.626591,0.245361
14717,Solyc01g066400.2,tandem,TE-like,Solyc01g066390.3,0.463944,2.42314,0.191464,5.5544e-05
14718,Solyc01g066410.1,tandem,TE-like,Solyc01g066420.2,0.265807,0.540655,0.491639,0.00119435
14719,Solyc01g066420.2,tandem,NA,Solyc01g066410.1,0.265807,0.540655,0.491639,0.00119435
14720,Solyc01g066453.1,tandem,Unclassified,Solyc01g066457.1,0.0272463,0.0671802,0.405571,0.113521
14721,Solyc01g066957.1,tandem,gbM,Solyc01g066970.2,0.00412285,0.0278671,0.147947,0.122909
14722,Solyc01g066970.2,tandem,Unclassified,Solyc01g066950.1,0.033138,0.0439955,0.753213,0.653278
14723,Solyc01g066980.3,tandem,Unclassified,Solyc01g066957.1,NA,0.0134185,8.27381e-14,NA
14724,Solyc01g067200.1,tandem,TE-like,Solyc01g067210.3,0.125229,0.33952,0.368842,7.12083e-05
14725,Solyc01g067340.2,tandem,TE-like,Solyc01g067330.3,0.164745,0.104041,1.58346,0.126588
14726,Solyc01g067440.3,tandem,Unclassified,Solyc01g067460.2,0.297174,3.17613,0.0935646,7.19316e-17
14727,Solyc01g067460.2,tandem,Unmethylated,Solyc01g067440.3,0.297174,3.17613,0.0935646,7.19316e-17
14728,Solyc01g067770.2,tandem,TE-like,Solyc01g067780.1,0.283032,0.371848,0.76115,0.500624
14729,Solyc01g067780.1,tandem,Unclassified,Solyc01g067770.2,0.283032,0.371848,0.76115,0.500624
14730,Solyc01g067850.2,tandem,TE-like,Solyc01g067860.3,0.325077,3.89812,0.0833932,9.91537e-73
14731,Solyc01g067860.3,tandem,TE-like,Solyc01g067870.3,0.0653266,0.246131,0.265414,1.38666e-08
14732,Solyc01g067870.3,tandem,TE-like,Solyc01g067860.3,0.0653266,0.246131,0.265414,1.38666e-08
14733,Solyc01g067880.2,tandem,Unclassified,Solyc01g067870.3,0.0270903,0.0369588,0.732987,0.501456
14734,Solyc01g068020.3,tandem,Unclassified,Solyc01g068030.3,0.0799474,0.247028,0.323636,6.78141e-06
14735,Solyc01g068030.3,tandem,Unclassified,Solyc01g068020.3,0.0799474,0.247028,0.323636,6.78141e-06
14736,Solyc01g068300.2,tandem,TE-like,Solyc01g068320.2,0.0230976,0.103932,0.222237,5.39822e-07
14737,Solyc01g068320.2,tandem,TE-like,Solyc01g068300.2,0.0230976,0.103932,0.222237,5.39822e-07
14738,Solyc01g068420.3,tandem,TE-like,Solyc01g068430.2,0.164479,1.04321,0.157666,7.35528e-23
14739,Solyc01g068430.2,tandem,TE-like,Solyc01g068420.3,0.164479,1.04321,0.157666,7.35528e-23
14740,Solyc01g068440.2,tandem,Unclassified,Solyc01g068430.2,0.292835,1.95609,0.149705,2.04267e-31
14741,Solyc01g068590.3,tandem,TE-like,Solyc01g068620.3,0.0108494,0.0189052,0.573883,0.429916
14742,Solyc01g068620.3,tandem,Unclassified,Solyc01g068590.3,0.0108494,0.0189052,0.573883,0.429916
14743,Solyc01g073660.3,tandem,TE-like,Solyc01g073670.3,0.32524,1.38292,0.235183,3.72484e-24
14744,Solyc01g073670.3,tandem,gbM,Solyc01g073660.3,0.32524,1.38292,0.235183,3.72484e-24
14745,Solyc01g073780.2,tandem,gbM,Solyc01g073800.2,0.492766,3.58353,0.137509,5.09431e-20
14746,Solyc01g073800.2,tandem,Unclassified,Solyc01g073810.2,0.176238,0.57285,0.307651,1.08352e-07
14747,Solyc01g073810.2,tandem,Unclassified,Solyc01g073800.2,0.176238,0.57285,0.307651,1.08352e-07
14748,Solyc01g073820.3,tandem,Unclassified,Solyc01g073830.1,0.307509,2.65054,0.116018,1.77832e-23
14749,Solyc01g073830.1,tandem,Unclassified,Solyc01g073820.3,0.307509,2.65054,0.116018,1.77832e-23
14750,Solyc01g073840.1,tandem,Unclassified,Solyc01g073850.1,0.177286,0.532507,0.332928,0.000248146
14751,Solyc01g073850.1,tandem,Unclassified,Solyc01g073840.1,0.177286,0.532507,0.332928,0.000248146
14752,Solyc01g073860.3,tandem,TE-like,Solyc01g073850.1,0.121185,0.636158,0.190495,0.00150505
14753,Solyc01g074010.3,tandem,gbM,Solyc01g074000.3,NA,NA,NA,NA
14754,Solyc01g074030.3,tandem,TE-like,Solyc01g074040.1,0.270569,4.18614,0.0646346,2.41e-64
14755,Solyc01g074040.1,tandem,TE-like,Solyc01g074030.3,0.270569,4.18614,0.0646346,2.41e-64
14756,Solyc01g079235.1,tandem,TE-like,Solyc01g079230.3,0.833095,1.82131,0.457416,0.000275712
14757,Solyc01g079660.2,tandem,Unclassified,Solyc01g079670.2,0.121226,0.483536,0.250707,3.58729e-06
14758,Solyc01g079670.2,tandem,Unmethylated,Solyc01g079660.2,0.121226,0.483536,0.250707,3.58729e-06
14759,Solyc01g079910.1,tandem,Unclassified,Solyc01g079920.3,0.40175,1.11549,0.360155,3.09769e-07
14760,Solyc01g079930.2,tandem,TE-like,Solyc01g079920.3,0.188782,0.546461,0.345463,7.98116e-12
14761,Solyc01g079940.3,tandem,Unmethylated,Solyc01g079950.3,0.120965,0.443685,0.272637,1.03402e-13
14762,Solyc01g079950.3,tandem,Unclassified,Solyc01g079940.3,0.120965,0.443685,0.272637,1.03402e-13
14763,Solyc01g079970.2,tandem,Unclassified,Solyc01g079960.2,0.0438765,0.166512,0.263503,4.5462e-09
14764,Solyc01g079980.3,tandem,Unmethylated,Solyc01g079970.2,0.0910611,0.259009,0.351575,7.57199e-09
14765,Solyc01g079990.2,tandem,Unclassified,Solyc01g079980.3,0.229179,3.84079,0.0596698,9.07159e-56
14766,Solyc01g080000.1,tandem,Unclassified,Solyc01g080010.2,0.408645,4.04167,0.101108,3.18281e-81
14767,Solyc01g080010.2,tandem,TE-like,Solyc01g080000.1,0.408645,4.04167,0.101108,3.18281e-81
14768,Solyc01g080020.2,tandem,Unmethylated,Solyc01g080010.2,0.453781,4.09783,0.110737,3.51002e-47
14769,Solyc01g080120.2,tandem,gbM,Solyc01g080130.2,0.103053,0.391862,0.262984,1.57016e-18
14770,Solyc01g080130.2,tandem,Unclassified,Solyc01g080120.2,0.103053,0.391862,0.262984,1.57016e-18
14771,Solyc01g080230.3,tandem,TE-like,Solyc01g080220.3,0.426578,0.823658,0.517907,1.3812e-06
14772,Solyc01g080470.3,tandem,Unclassified,Solyc01g080480.3,0.00198134,0.0194567,0.101833,0.0404618
14773,Solyc01g080550.2,tandem,TE-like,Solyc01g080570.3,0.037355,0.188183,0.198503,1.04125e-20
14774,Solyc01g080570.3,tandem,gbM,Solyc01g080550.2,0.037355,0.188183,0.198503,1.04125e-20
14775,Solyc01g080580.3,tandem,gbM,Solyc01g080570.3,0.0911371,0.577899,0.157704,1.59018e-54
14776,Solyc01g080790.3,tandem,TE-like,Solyc01g080800.3,0.0683997,0.160024,0.427434,0.0101752
14777,Solyc01g080800.3,tandem,TE-like,Solyc01g080790.3,0.0683997,0.160024,0.427434,0.0101752
14778,Solyc01g081090.2,tandem,Unclassified,Solyc01g081110.3,0.222233,0.479951,0.463032,1.93609e-05
14779,Solyc01g081100.2,tandem,Unclassified,Solyc01g081110.3,0.0496757,0.107539,0.461932,0.00314211
14780,Solyc01g081110.3,tandem,gbM,Solyc01g081100.2,0.0496757,0.107539,0.461932,0.00314211
14781,Solyc01g081115.1,tandem,Unclassified,Solyc01g081120.2,NA,NA,NA,NA
14782,Solyc01g081120.2,tandem,Unclassified,Solyc01g081115.1,NA,NA,NA,NA
14783,Solyc01g081177.1,tandem,Unclassified,Solyc01g081190.3,0.0151048,0.0429591,0.351609,0.0491623
14784,Solyc01g081190.3,tandem,Unclassified,Solyc01g081177.1,0.0151048,0.0429591,0.351609,0.0491623
14785,Solyc01g081250.3,tandem,TE-like,Solyc01g081260.2,0.154153,0.610871,0.252349,6.48816e-06
14786,Solyc01g081260.2,tandem,Unclassified,Solyc01g081250.3,0.154153,0.610871,0.252349,6.48816e-06
14787,Solyc01g081270.2,tandem,gbM,Solyc01g081260.2,0.12257,0.354622,0.345637,0.00101745
14788,Solyc01g081280.3,tandem,Unclassified,Solyc01g081293.1,0.108972,0.565918,0.192557,7.18122e-05
14789,Solyc01g081293.1,tandem,gbM,Solyc01g081280.3,0.108972,0.565918,0.192557,7.18122e-05
14790,Solyc01g086960.3,tandem,Unmethylated,Solyc01g086970.3,0.477847,3.55477,0.134424,7.57719e-18
14791,Solyc01g087250.3,tandem,TE-like,Solyc01g087260.3,0.0969619,0.634312,0.152862,2.84815e-15
14792,Solyc01g087260.3,tandem,TE-like,Solyc01g087270.3,0.361809,2.97412,0.121652,4.10652e-11
14793,Solyc01g087270.3,tandem,Unclassified,Solyc01g087260.3,0.361809,2.97412,0.121652,4.10652e-11
14794,Solyc01g087290.3,tandem,TE-like,Solyc01g087300.3,0.0475906,0.329452,0.144454,1.10144e-19
14795,Solyc01g087300.3,tandem,TE-like,Solyc01g087290.3,0.0475906,0.329452,0.144454,1.10144e-19
14796,Solyc01g087430.3,tandem,TE-like,Solyc01g087420.3,0.050784,0.138875,0.36568,3.12047e-09
14797,Solyc01g087470.3,tandem,gbM,Solyc01g087490.3,0.0240027,0.0588454,0.407895,0.0111403
14798,Solyc01g087480.1,tandem,TE-like,Solyc01g087490.3,0.177202,0.322479,0.5495,0.095605
14799,Solyc01g087490.3,tandem,TE-like,Solyc01g087470.3,0.0240027,0.0588454,0.407895,0.0111403
14800,Solyc01g087570.2,tandem,Unmethylated,Solyc01g087580.3,0.412981,2.92517,0.141182,7.01851e-11
14801,Solyc01g087580.3,tandem,Unmethylated,Solyc01g087570.2,0.412981,2.92517,0.141182,7.01851e-11
14802,Solyc01g087630.2,tandem,Unclassified,Solyc01g087640.3,0.397638,3.10368,0.128118,8.11865e-07
14803,Solyc01g087640.3,tandem,TE-like,Solyc01g087630.2,0.397638,3.10368,0.128118,8.11865e-07
14804,Solyc01g087720.3,tandem,TE-like,Solyc01g087710.2,0.0455038,0.143909,0.316198,0.000702925
14805,Solyc01g087770.3,tandem,Unclassified,Solyc01g087760.2,0.0662912,0.137899,0.480723,0.119979
14806,Solyc01g087800.2,tandem,gbM,Solyc01g087790.2,0.108921,0.510258,0.213462,1.43795e-36
14807,Solyc01g087810.2,tandem,gbM,Solyc01g087800.2,0.0777256,0.368002,0.21121,2.4998e-32
14808,Solyc01g087830.1,tandem,Unclassified,Solyc01g087820.2,0.155009,0.575065,0.269551,5.61553e-11
14809,Solyc01g087920.1,tandem,TE-like,Solyc01g087940.2,0.0851958,0.40041,0.212771,4.06577e-20
14810,Solyc01g087940.2,tandem,gbM,Solyc01g087950.3,0.0849156,0.541484,0.15682,6.59139e-28
14811,Solyc01g087950.3,tandem,gbM,Solyc01g087940.2,0.0849156,0.541484,0.15682,6.59139e-28
14812,Solyc01g087960.2,tandem,TE-like,Solyc01g087970.3,0.272758,2.21053,0.123391,6.88878e-40
14813,Solyc01g087970.3,tandem,TE-like,Solyc01g087960.2,0.272758,2.21053,0.123391,6.88878e-40
14814,Solyc01g088170.4,tandem,TE-like,Solyc01g088180.2,0.0997262,0.419887,0.237507,0.00294334
14815,Solyc01g088180.2,tandem,TE-like,Solyc01g088170.4,0.0997262,0.419887,0.237507,0.00294334
14816,Solyc01g088200.3,tandem,TE-like,Solyc01g088230.3,0.000851549,NA,NA,NA
14817,Solyc01g088220.2,tandem,TE-like,Solyc01g088200.3,0.0340343,0.121473,0.280179,0.0339878
14818,Solyc01g088230.3,tandem,gbM,Solyc01g088200.3,0.000851549,NA,NA,NA
14819,Solyc01g088240.3,tandem,Unmethylated,Solyc01g088245.1,0.172247,0.306294,0.56236,0.0437149
14820,Solyc01g088245.1,tandem,TE-like,Solyc01g088240.3,0.172247,0.306294,0.56236,0.0437149
14821,Solyc01g088290.2,tandem,Unclassified,Solyc01g088300.3,0.195779,0.382946,0.511245,0.0162879
14822,Solyc01g088400.3,tandem,TE-like,Solyc01g088410.3,0.035222,0.0810246,0.434707,0.0179655
14823,Solyc01g088410.3,tandem,TE-like,Solyc01g088420.3,0.0544795,0.017082,3.1893,0.433215
14824,Solyc01g088420.3,tandem,Unclassified,Solyc01g088430.3,0.215425,0.404324,0.532803,0.0877797
14825,Solyc01g088430.3,tandem,gbM,Solyc01g088420.3,0.215425,0.404324,0.532803,0.0877797
14826,Solyc01g088440.2,tandem,Unmethylated,Solyc01g088450.2,0.312051,2.01352,0.154978,3.48887e-09
14827,Solyc01g088450.2,tandem,Unmethylated,Solyc01g088440.2,0.312051,2.01352,0.154978,3.48887e-09
14828,Solyc01g088520.3,tandem,Unmethylated,Solyc01g088505.1,0.0254802,0.0618933,0.41168,0.181111
14829,Solyc01g088590.4,tandem,Unclassified,Solyc01g088580.1,0.223837,0.580058,0.385888,0.000840841
14830,Solyc01g088790.2,tandem,Unclassified,Solyc01g088800.3,0.111786,0.269041,0.415498,9.56045e-06
14831,Solyc01g088800.3,tandem,TE-like,Solyc01g088790.2,0.111786,0.269041,0.415498,9.56045e-06
14832,Solyc01g089855.1,tandem,Unclassified,Solyc01g089860.2,0.0467739,0.0851326,0.549424,0.198363
14833,Solyc01g089860.2,tandem,Unmethylated,Solyc01g089855.1,0.0467739,0.0851326,0.549424,0.198363
14834,Solyc01g089880.3,tandem,Unclassified,Solyc01g089890.3,0.203438,0.253843,0.801435,0.621562
14835,Solyc01g089890.3,tandem,Unclassified,Solyc01g089880.3,0.203438,0.253843,0.801435,0.621562
14836,Solyc01g090000.1,tandem,Unmethylated,Solyc01g090010.2,0.532531,0.690514,0.77121,0.229811
14837,Solyc01g090080.2,tandem,Unclassified,Solyc01g090090.2,0.366472,0.415386,0.882245,0.702866
14838,Solyc01g090100.2,tandem,Unclassified,Solyc01g090110.2,0.102729,0.0656317,1.56523,0.210322
14839,Solyc01g090300.2,tandem,TE-like,Solyc01g090310.2,0.31603,1.79677,0.175888,2.01697e-17
14840,Solyc01g090310.2,tandem,TE-like,Solyc01g090300.2,0.31603,1.79677,0.175888,2.01697e-17
14841,Solyc01g090320.3,tandem,TE-like,Solyc01g090340.2,0.34486,2.23464,0.154325,2.44578e-13
14842,Solyc01g090340.2,tandem,Unclassified,Solyc01g090320.3,0.34486,2.23464,0.154325,2.44578e-13
14843,Solyc01g090350.3,tandem,TE-like,Solyc01g090360.3,0.140737,0.568818,0.247421,1.5413e-05
14844,Solyc01g090360.3,tandem,TE-like,Solyc01g090350.3,0.140737,0.568818,0.247421,1.5413e-05
14845,Solyc01g090610.3,tandem,TE-like,Solyc01g090630.3,0.103696,0.411197,0.25218,3.86775e-12
14846,Solyc01g090630.3,tandem,Unclassified,Solyc01g090610.3,0.103696,0.411197,0.25218,3.86775e-12
14847,Solyc01g090820.2,tandem,TE-like,Solyc01g090810.4,0.452453,3.85976,0.117223,9.21424e-27
14848,Solyc01g091060.1,tandem,TE-like,Solyc01g091050.3,0.494099,4.21105,0.117334,1.09498e-50
14849,Solyc01g091130.3,tandem,Unclassified,Solyc01g091140.3,0.173457,0.790074,0.219545,4.25629e-09
14850,Solyc01g091140.3,tandem,TE-like,Solyc01g091130.3,0.173457,0.790074,0.219545,4.25629e-09
14851,Solyc01g091160.4,tandem,gbM,Solyc01g091170.3,0.0515377,0.201397,0.255901,2.61327e-08
14852,Solyc01g091170.3,tandem,gbM,Solyc01g091160.4,0.0515377,0.201397,0.255901,2.61327e-08
14853,Solyc01g091270.3,tandem,Unclassified,Solyc01g091260.3,0.492291,3.74712,0.131379,3.59505e-21
14854,Solyc01g091435.1,tandem,Unclassified,Solyc01g091440.3,0.346646,0.881677,0.393167,0.0673644
14855,Solyc01g091440.3,tandem,Unclassified,Solyc01g091435.1,0.346646,0.881677,0.393167,0.0673644
14856,Solyc01g091550.3,tandem,gbM,Solyc01g091560.2,0.31658,2.13892,0.148009,1.14606e-12
14857,Solyc01g091560.2,tandem,Unclassified,Solyc01g091570.3,0.21155,0.290753,0.727592,0.208721
14858,Solyc01g091570.3,tandem,Unmethylated,Solyc01g091560.2,0.21155,0.290753,0.727592,0.208721
14859,Solyc01g093990.3,tandem,Unclassified,Solyc01g093975.1,0.211665,0.522199,0.405334,0.000409137
14860,Solyc01g094130.2,tandem,gbM,Solyc01g094140.3,0.0958786,0.37487,0.255765,2.19525e-18
14861,Solyc01g094140.3,tandem,gbM,Solyc01g094130.2,0.0958786,0.37487,0.255765,2.19525e-18
14862,Solyc01g094210.2,tandem,Unmethylated,Solyc01g094220.3,0.308353,3.86139,0.0798555,3.80871e-40
14863,Solyc01g094220.3,tandem,gbM,Solyc01g094210.2,0.308353,3.86139,0.0798555,3.80871e-40
14864,Solyc01g094240.3,tandem,Unclassified,Solyc01g094237.1,0.03351,0.0640442,0.523233,0.0591059
14865,Solyc01g094250.3,tandem,TE-like,Solyc01g094260.3,0.00201108,0.0298919,0.0672786,0.00842124
14866,Solyc01g094260.3,tandem,Unclassified,Solyc01g094270.3,0.140899,0.377204,0.373535,0.000110413
14867,Solyc01g094270.3,tandem,TE-like,Solyc01g094260.3,0.140899,0.377204,0.373535,0.000110413
14868,Solyc01g094315.1,tandem,Unclassified,Solyc01g094320.3,NA,NA,NA,NA
14869,Solyc01g094390.2,tandem,TE-like,Solyc01g094380.2,0.410958,4.22472,0.0972745,5.02858e-54
14870,Solyc01g094440.1,tandem,TE-like,Solyc01g094450.1,0.0225869,0.199224,0.113374,2.31695e-08
14871,Solyc01g094450.1,tandem,gbM,Solyc01g094440.1,0.0225869,0.199224,0.113374,2.31695e-08
14872,Solyc01g094890.3,tandem,gbM,NA,NA,NA,NA,NA
14873,Solyc01g094900.1,tandem,Unclassified,Solyc01g094910.3,0.0734051,0.271931,0.26994,3.34558e-05
14874,Solyc01g094910.3,tandem,gbM,Solyc01g094900.1,0.0734051,0.271931,0.26994,3.34558e-05
14875,Solyc01g095150.3,tandem,Unclassified,Solyc01g095140.3,0.191461,0.737125,0.25974,3.03499e-09
14876,Solyc01g095250.1,tandem,Unclassified,Solyc01g095260.1,0.0158644,0.194799,0.0814397,3.4133e-14
14877,Solyc01g095260.1,tandem,gbM,Solyc01g095250.1,0.0158644,0.194799,0.0814397,3.4133e-14
14878,Solyc01g095850.1,tandem,Unclassified,Solyc01g095840.2,0.206145,0.424782,0.485296,2.53332e-05
14879,Solyc01g095860.3,tandem,gbM,Solyc01g095850.1,0.343126,0.985331,0.348234,5.84898e-10
14880,Solyc01g095910.1,tandem,gbM,Solyc01g095907.1,0.102963,0.181952,0.565882,0.0222855
14881,Solyc01g096580.3,tandem,gbM,Solyc01g096590.3,0.00366999,0.0215106,0.170613,0.146746
14882,Solyc01g096590.3,tandem,Unclassified,Solyc01g096580.3,0.00366999,0.0215106,0.170613,0.146746
14883,Solyc01g096720.3,tandem,TE-like,Solyc01g096740.3,0.168798,0.544667,0.309911,4.6651e-15
14884,Solyc01g096730.2,tandem,TE-like,Solyc01g096740.3,0.159188,0.556378,0.286115,6.53653e-17
14885,Solyc01g096740.3,tandem,TE-like,Solyc01g096730.2,0.159188,0.556378,0.286115,6.53653e-17
14886,Solyc01g097050.3,tandem,TE-like,Solyc01g097060.3,0.4126,0.889461,0.463876,0.106861
14887,Solyc01g097060.3,tandem,Unclassified,Solyc01g097050.3,0.4126,0.889461,0.463876,0.106861
14888,Solyc01g097190.3,tandem,TE-like,Solyc01g097210.3,0.125486,0.248132,0.505722,0.00483763
14889,Solyc01g097210.3,tandem,gbM,Solyc01g097190.3,0.125486,0.248132,0.505722,0.00483763
14890,Solyc01g097280.2,tandem,TE-like,Solyc01g097270.3,0.107907,1.36243,0.0792018,9.32995e-26
14891,Solyc01g097380.2,tandem,gbM,Solyc01g097390.3,0.03448,0.136067,0.253405,5.51258e-07
14892,Solyc01g097390.3,tandem,gbM,Solyc01g097380.2,0.03448,0.136067,0.253405,5.51258e-07
14893,Solyc01g097555.1,tandem,TE-like,Solyc01g097550.3,0.242378,0.752371,0.322152,0.00136008
14894,Solyc01g097700.1,tandem,Unclassified,Solyc01g097710.1,0.172984,0.291819,0.592778,0.00205198
14895,Solyc01g097710.1,tandem,TE-like,Solyc01g097700.1,0.172984,0.291819,0.592778,0.00205198
14896,Solyc01g097720.1,tandem,TE-like,Solyc01g097710.1,0.134425,0.298615,0.450161,3.70939e-06
14897,Solyc01g097920.3,tandem,gbM,Solyc01g097930.3,0.108787,0.403622,0.269527,1.31179e-11
14898,Solyc01g097930.3,tandem,Unclassified,Solyc01g097920.3,0.108787,0.403622,0.269527,1.31179e-11
14899,Solyc01g097940.1,tandem,Unclassified,Solyc01g097950.3,0.0749206,0.304447,0.246087,1.50329e-07
14900,Solyc01g097950.3,tandem,gbM,Solyc01g097940.1,0.0749206,0.304447,0.246087,1.50329e-07
14901,Solyc01g098020.2,tandem,Unmethylated,Solyc01g098010.3,0.280613,2.24256,0.12513,1.36897e-14
14902,Solyc01g098050.1,tandem,Unclassified,Solyc01g098060.1,0.29949,0.857337,0.349326,2.32056e-05
14903,Solyc01g098060.1,tandem,TE-like,Solyc01g098050.1,0.29949,0.857337,0.349326,2.32056e-05
14904,Solyc01g098330.1,tandem,gbM,Solyc01g098340.3,0.207884,0.715537,0.290528,4.14531e-12
14905,Solyc01g098340.3,tandem,gbM,Solyc01g098330.1,0.207884,0.715537,0.290528,4.14531e-12
14906,Solyc01g098360.1,tandem,TE-like,Solyc01g098370.1,0.111085,0.282598,0.393084,0.0426335
14907,Solyc01g098370.1,tandem,Unclassified,Solyc01g098360.1,0.111085,0.282598,0.393084,0.0426335
14908,Solyc01g098410.3,tandem,gbM,Solyc01g098420.2,0.189539,0.552181,0.343255,0.000317843
14909,Solyc01g098420.2,tandem,Unmethylated,Solyc01g098410.3,0.189539,0.552181,0.343255,0.000317843
14910,Solyc01g098490.3,tandem,TE-like,Solyc01g098500.3,0.287944,1.56672,0.183787,2.62554e-33
14911,Solyc01g098500.3,tandem,Unclassified,Solyc01g098490.3,0.287944,1.56672,0.183787,2.62554e-33
14912,Solyc01g098527.1,tandem,gbM,Solyc01g098530.3,NA,NA,NA,NA
14913,Solyc01g098530.3,tandem,Unclassified,Solyc01g098527.1,NA,NA,NA,NA
14914,Solyc01g098580.3,tandem,Unclassified,Solyc01g098590.3,0.357486,3.86632,0.0924616,4.33402e-38
14915,Solyc01g098590.3,tandem,Unmethylated,Solyc01g098580.3,0.357486,3.86632,0.0924616,4.33402e-38
14916,Solyc01g098680.2,tandem,gbM,Solyc01g098690.2,0.0564761,0.183254,0.308184,9.05834e-16
14917,Solyc01g098690.2,tandem,gbM,Solyc01g098680.2,0.0564761,0.183254,0.308184,9.05834e-16
14918,Solyc01g098750.2,tandem,Unclassified,Solyc01g098760.3,0.0119967,0.0362823,0.330649,0.0344557
14919,Solyc01g098760.3,tandem,Unclassified,Solyc01g098750.2,0.0119967,0.0362823,0.330649,0.0344557
14920,Solyc01g098960.2,tandem,TE-like,Solyc01g098970.2,0.0821723,0.174155,0.471834,9.78768e-05
14921,Solyc01g098970.2,tandem,TE-like,Solyc01g098960.2,0.0821723,0.174155,0.471834,9.78768e-05
14922,Solyc01g099010.3,tandem,TE-like,Solyc01g099020.3,0.287476,1.27104,0.226173,1.65579e-16
14923,Solyc01g099020.3,tandem,Unclassified,Solyc01g099030.3,0.264942,0.830798,0.318901,9.9035e-12
14924,Solyc01g099030.3,tandem,TE-like,Solyc01g099040.3,0.0736336,0.114963,0.640497,0.0662261
14925,Solyc01g099040.3,tandem,Unclassified,Solyc01g099030.3,0.0736336,0.114963,0.640497,0.0662261
14926,Solyc01g099050.3,tandem,TE-like,Solyc01g099060.2,0.1913,0.785765,0.243457,1.64558e-17
14927,Solyc01g099060.2,tandem,TE-like,Solyc01g099070.1,0.317527,1.46996,0.216011,8.55106e-06
14928,Solyc01g099070.1,tandem,Unclassified,Solyc01g099060.2,0.317527,1.46996,0.216011,8.55106e-06
14929,Solyc01g099150.4,tandem,TE-like,Solyc01g099160.3,0.176544,0.274489,0.643174,0.000778033
14930,Solyc01g099160.3,tandem,gbM,Solyc01g099150.4,0.176544,0.274489,0.643174,0.000778033
14931,Solyc01g099170.3,tandem,Unclassified,Solyc01g099180.3,0.109838,0.236515,0.464401,0.0149573
14932,Solyc01g099190.3,tandem,gbM,Solyc01g099180.3,0.110819,0.315518,0.351228,2.37454e-17
14933,Solyc01g099440.3,tandem,TE-like,Solyc01g099450.3,0.132817,0.0680837,1.95079,0.301805
14934,Solyc01g099450.3,tandem,gbM,Solyc01g099440.3,0.132817,0.0680837,1.95079,0.301805
14935,Solyc01g099470.3,tandem,Unclassified,Solyc01g099460.2,0.0809239,0.262698,0.30805,0.00116412
14936,Solyc01g099483.1,tandem,Unclassified,Solyc01g099500.1,0.427659,0.894814,0.47793,0.00650828
14937,Solyc01g099580.2,tandem,TE-like,Solyc01g099570.3,0.0698713,0.313529,0.222854,3.87172e-07
14938,Solyc01g099770.3,tandem,Unclassified,Solyc01g099780.3,0.024255,0.0857848,0.282743,0.00779267
14939,Solyc01g099780.3,tandem,Unclassified,Solyc01g099770.3,0.024255,0.0857848,0.282743,0.00779267
14940,Solyc01g099870.2,tandem,Unclassified,Solyc01g099880.3,0.426093,3.28623,0.12966,5.88525e-19
14941,Solyc01g099880.3,tandem,Unmethylated,Solyc01g099870.2,0.426093,3.28623,0.12966,5.88525e-19
14942,Solyc01g099890.3,tandem,TE-like,Solyc01g099900.3,0.0925976,0.0920136,1.00635,0.999992
14943,Solyc01g099920.3,tandem,Unclassified,Solyc01g099930.3,0.00658411,0.0441941,0.148982,0.0320654
14944,Solyc01g099930.3,tandem,Unclassified,Solyc01g099920.3,0.00658411,0.0441941,0.148982,0.0320654
14945,Solyc01g099990.3,tandem,Unclassified,Solyc01g100000.3,0.460229,1.8467,0.249217,4.13737e-17
14946,Solyc01g100000.3,tandem,Unclassified,Solyc01g100010.3,0.346461,1.91232,0.181173,6.51262e-17
14947,Solyc01g100010.3,tandem,Unmethylated,Solyc01g100000.3,0.346461,1.91232,0.181173,6.51262e-17
14948,Solyc01g100095.1,tandem,Unmethylated,Solyc01g100100.3,0.345436,2.92939,0.117921,1.45498e-11
14949,Solyc01g100100.3,tandem,Unclassified,Solyc01g100095.1,0.345436,2.92939,0.117921,1.45498e-11
14950,Solyc01g100670.1,tandem,Unmethylated,Solyc01g100680.1,0.10395,1.0785,0.0963832,5.42852e-14
14951,Solyc01g100680.1,tandem,Unmethylated,Solyc01g100670.1,0.10395,1.0785,0.0963832,5.42852e-14
14952,Solyc01g100750.2,tandem,Unmethylated,Solyc01g100760.2,0.0567891,0.512174,0.110879,1.57072e-12
14953,Solyc01g100760.2,tandem,NA,Solyc01g100750.2,0.0567891,0.512174,0.110879,1.57072e-12
14954,Solyc01g100770.2,tandem,Unmethylated,Solyc01g100760.2,0.028878,0.0945175,0.30553,0.00429598
14955,Solyc01g100860.3,tandem,gbM,Solyc01g100870.3,0.0759307,0.302616,0.250915,2.09811e-06
14956,Solyc01g100870.3,tandem,gbM,Solyc01g100860.3,0.0759307,0.302616,0.250915,2.09811e-06
14957,Solyc01g100880.3,tandem,Unclassified,Solyc01g100890.3,0.221273,3.15162,0.0702094,1.77194e-19
14958,Solyc01g100890.3,tandem,Unmethylated,Solyc01g100880.3,0.221273,3.15162,0.0702094,1.77194e-19
14959,Solyc01g100900.3,tandem,TE-like,Solyc01g100910.3,0.0768699,0.264378,0.290758,6.2538e-08
14960,Solyc01g100910.3,tandem,TE-like,Solyc01g100900.3,0.0768699,0.264378,0.290758,6.2538e-08
14961,Solyc01g100920.3,tandem,TE-like,Solyc01g100910.3,0.11939,0.378198,0.315681,2.74063e-10
14962,Solyc01g101020.3,tandem,TE-like,Solyc01g101030.3,0.163984,4.90607,0.0334247,6.00263e-209
14963,Solyc01g101030.3,tandem,TE-like,Solyc01g101020.3,0.163984,4.90607,0.0334247,6.00263e-209
14964,Solyc01g101170.3,tandem,Unclassified,Solyc01g101180.3,0.0548938,0.498073,0.110212,1.29763e-43
14965,Solyc01g101180.3,tandem,TE-like,Solyc01g101190.3,0.0287795,0.383597,0.0750252,3.34449e-41
14966,Solyc01g101190.3,tandem,Unclassified,Solyc01g101180.3,0.0287795,0.383597,0.0750252,3.34449e-41
14967,Solyc01g101210.4,tandem,Unclassified,Solyc01g101220.2,0.12884,0.317575,0.405699,0.0138532
14968,Solyc01g101220.2,tandem,Unmethylated,Solyc01g101210.4,0.12884,0.317575,0.405699,0.0138532
14969,Solyc01g102380.4,tandem,Unclassified,Solyc01g102390.3,0.160488,1.92898,0.0831983,2.30446e-29
14970,Solyc01g102390.3,tandem,Unclassified,Solyc01g102400.3,0.00995752,0.136695,0.0728449,2.07858e-08
14971,Solyc01g102400.3,tandem,Unmethylated,Solyc01g102390.3,0.00995752,0.136695,0.0728449,2.07858e-08
14972,Solyc01g102435.1,tandem,Unclassified,Solyc01g102440.3,0.160058,0.312604,0.512014,0.118567
14973,Solyc01g102440.3,tandem,Unclassified,Solyc01g102435.1,0.160058,0.312604,0.512014,0.118567
14974,Solyc01g102450.3,tandem,gbM,Solyc01g102480.3,0.04128,0.0898608,0.459377,0.141579
14975,Solyc01g102460.3,tandem,gbM,Solyc01g102450.3,0.0561935,0.0826719,0.679717,0.440149
14976,Solyc01g102480.3,tandem,gbM,Solyc01g102450.3,0.04128,0.0898608,0.459377,0.141579
14977,Solyc01g102585.1,tandem,TE-like,Solyc01g102590.3,0.101436,0.229017,0.442918,2.85233e-05
14978,Solyc01g102750.3,tandem,gbM,Solyc01g102760.3,0.0335954,0.262326,0.128067,3.65123e-13
14979,Solyc01g102760.3,tandem,TE-like,Solyc01g102750.3,0.0335954,0.262326,0.128067,3.65123e-13
14980,Solyc01g102840.3,tandem,gbM,Solyc01g102850.2,0.478201,1.81689,0.263197,1.79434e-33
14981,Solyc01g102850.2,tandem,gbM,Solyc01g102840.3,0.478201,1.81689,0.263197,1.79434e-33
14982,Solyc01g102860.2,tandem,Unmethylated,Solyc01g102850.2,0.0178445,0.0432967,0.412144,0.0886298
14983,Solyc01g102900.3,tandem,Unclassified,Solyc01g102910.3,0.0782205,0.920688,0.0849587,1.90468e-25
14984,Solyc01g102910.3,tandem,Unclassified,Solyc01g102900.3,0.0782205,0.920688,0.0849587,1.90468e-25
14985,Solyc01g102925.1,tandem,Unclassified,Solyc01g102930.1,0.00689011,0.0455783,0.151171,0.130339
14986,Solyc01g102930.1,tandem,Unclassified,Solyc01g102925.1,0.00689011,0.0455783,0.151171,0.130339
14987,Solyc01g103185.1,tandem,Unclassified,Solyc01g103190.3,NA,NA,NA,NA
14988,Solyc01g103190.3,tandem,Unclassified,Solyc01g103185.1,NA,NA,NA,NA
14989,Solyc01g103200.3,tandem,Unmethylated,Solyc01g103185.1,0.0362308,0.0446406,0.811612,0.635655
14990,Solyc01g103245.1,tandem,gbM,Solyc01g103250.3,0.00770723,0.0173119,0.445199,0.122955
14991,Solyc01g103250.3,tandem,gbM,Solyc01g103245.1,0.00770723,0.0173119,0.445199,0.122955
14992,Solyc01g103300.2,tandem,TE-like,Solyc01g103310.3,0.17479,1.10149,0.158685,1.81251e-08
14993,Solyc01g103310.3,tandem,TE-like,Solyc01g103300.2,0.17479,1.10149,0.158685,1.81251e-08
14994,Solyc01g103340.3,tandem,Unclassified,Solyc01g103310.3,0.0238926,0.0275142,0.868373,0.88059
14995,Solyc01g103650.3,tandem,gbM,Solyc01g103660.3,0.101432,0.197904,0.512533,0.00102087
14996,Solyc01g103660.3,tandem,gbM,Solyc01g103670.3,0.147315,0.385679,0.381961,1.86509e-10
14997,Solyc01g103670.3,tandem,TE-like,Solyc01g103660.3,0.147315,0.385679,0.381961,1.86509e-10
14998,Solyc01g103785.1,tandem,TE-like,NA,NA,NA,NA,NA
14999,Solyc01g103790.3,tandem,TE-like,NA,NA,NA,NA,NA
15000,Solyc01g103810.1,tandem,TE-like,Solyc01g103820.1,0.0729705,0.208869,0.349361,0.00603286
15001,Solyc01g103820.1,tandem,TE-like,Solyc01g103810.1,0.0729705,0.208869,0.349361,0.00603286
15002,Solyc01g103970.3,tandem,gbM,Solyc01g103980.3,0.585371,3.62723,0.161382,7.06881e-13
15003,Solyc01g103980.3,tandem,Unclassified,Solyc01g103970.3,0.585371,3.62723,0.161382,7.06881e-13
15004,Solyc01g104050.3,tandem,gbM,Solyc01g104060.3,0.00493299,0.0396329,0.124467,0.0105389
15005,Solyc01g104055.1,tandem,TE-like,Solyc01g104060.3,0.123976,0.136613,0.907495,0.672666
15006,Solyc01g104060.3,tandem,TE-like,Solyc01g104055.1,0.123976,0.136613,0.907495,0.672666
15007,Solyc01g104100.3,tandem,TE-like,Solyc01g104110.3,0.0403005,0.214934,0.187502,9.95658e-12
15008,Solyc01g104110.3,tandem,TE-like,Solyc01g104100.3,0.0403005,0.214934,0.187502,9.95658e-12
15009,Solyc01g104380.3,tandem,TE-like,Solyc01g104390.2,0.216674,1.40821,0.153864,2.40586e-06
15010,Solyc01g104390.2,tandem,TE-like,Solyc01g104380.3,0.216674,1.40821,0.153864,2.40586e-06
15011,Solyc01g104400.3,tandem,TE-like,Solyc01g104390.2,0.547862,2.3454,0.23359,1.48763e-07
15012,Solyc01g104442.1,tandem,TE-like,NA,NA,NA,NA,NA
15013,Solyc01g104444.1,tandem,TE-like,NA,NA,NA,NA,NA
15014,Solyc01g104685.1,tandem,TE-like,Solyc01g104700.3,0.0660602,0.295309,0.223699,1.82658e-07
15015,Solyc01g104700.3,tandem,Unclassified,Solyc01g104685.1,0.0660602,0.295309,0.223699,1.82658e-07
15016,Solyc01g104710.3,tandem,Unmethylated,Solyc01g104720.3,0.130635,0.685243,0.19064,3.03761e-05
15017,Solyc01g104720.3,tandem,Unmethylated,Solyc01g104710.3,0.130635,0.685243,0.19064,3.03761e-05
15018,Solyc01g104810.2,tandem,Unclassified,Solyc01g104830.2,0.267475,0.737949,0.362457,5.47344e-06
15019,Solyc01g104820.3,tandem,gbM,Solyc01g104800.2,0.00217908,NA,NA,NA
15020,Solyc01g104830.2,tandem,Unclassified,Solyc01g104810.2,0.267475,0.737949,0.362457,5.47344e-06
15021,Solyc01g104920.3,tandem,TE-like,Solyc01g104930.2,0.126404,0.35526,0.355807,0.00145408
15022,Solyc01g104930.2,tandem,TE-like,Solyc01g104920.3,0.126404,0.35526,0.355807,0.00145408
15023,Solyc01g105030.3,tandem,Unclassified,Solyc01g105050.3,0.0444809,0.221495,0.200821,1.22198e-08
15024,Solyc01g105050.3,tandem,Unclassified,Solyc01g105030.3,0.0444809,0.221495,0.200821,1.22198e-08
15025,Solyc01g105300.3,tandem,Unclassified,Solyc01g105310.3,0.0792505,0.305848,0.259117,1.19989e-09
15026,Solyc01g105310.3,tandem,Unclassified,Solyc01g105300.3,0.0792505,0.305848,0.259117,1.19989e-09
15027,Solyc01g105320.3,tandem,gbM,Solyc01g105310.3,0.572618,4.00057,0.143134,1.83935e-30
15028,Solyc01g105390.3,tandem,Unmethylated,Solyc01g105420.3,0.0879875,0.0891116,0.987386,0.844937
15029,Solyc01g105420.3,tandem,Unclassified,Solyc01g105390.3,0.0879875,0.0891116,0.987386,0.844937
15030,Solyc01g105590.2,tandem,Unclassified,Solyc01g105580.1,0.183242,0.272839,0.67161,0.0183811
15031,Solyc01g105620.3,tandem,Unclassified,Solyc01g105610.1,NA,0.0113661,0,NA
15032,Solyc01g105650.3,tandem,Unclassified,Solyc01g105660.3,0.332261,2.30686,0.144032,2.1606e-34
15033,Solyc01g105660.3,tandem,Unclassified,Solyc01g105650.3,0.332261,2.30686,0.144032,2.1606e-34
15034,Solyc01g105760.1,tandem,TE-like,Solyc01g105770.2,0.166853,0.556606,0.299768,0.000261945
15035,Solyc01g105770.2,tandem,TE-like,Solyc01g105760.1,0.166853,0.556606,0.299768,0.000261945
15036,Solyc01g105860.3,tandem,TE-like,Solyc01g105870.3,0.158878,0.564503,0.281448,1.99346e-09
15037,Solyc01g105880.4,tandem,TE-like,Solyc01g105870.3,0.255962,0.781784,0.327407,4.10814e-18
15038,Solyc01g105890.3,tandem,TE-like,Solyc01g105880.4,0.159167,0.584982,0.272088,2.47562e-23
15039,Solyc01g105900.2,tandem,TE-like,Solyc01g105890.3,0.166644,0.364516,0.457165,4.2585e-08
15040,Solyc01g105930.1,tandem,TE-like,Solyc01g105920.3,0.30453,0.809595,0.376152,0.000754526
15041,Solyc01g106040.3,tandem,gbM,Solyc01g106030.3,0.499764,3.9215,0.127442,3.71596e-32
15042,Solyc01g106140.1,tandem,gbM,Solyc01g106130.1,0.0860935,0.13037,0.660378,0.0622993
15043,Solyc01g106230.3,tandem,NA,Solyc01g106250.3,0.00170296,NA,NA,NA
15044,Solyc01g106250.3,tandem,NA,Solyc01g106230.3,0.00170296,NA,NA,NA
15045,Solyc01g106330.3,tandem,TE-like,Solyc01g106340.3,0.191715,1.64271,0.116706,5.72914e-50
15046,Solyc01g106340.3,tandem,gbM,Solyc01g106330.3,0.191715,1.64271,0.116706,5.72914e-50
15047,Solyc01g106350.3,tandem,gbM,Solyc01g106360.3,0.0522945,0.249292,0.209772,4.99614e-21
15048,Solyc01g106360.3,tandem,TE-like,Solyc01g106350.3,0.0522945,0.249292,0.209772,4.99614e-21
15049,Solyc01g106510.2,tandem,gbM,Solyc01g106520.1,0.360221,1.20524,0.29888,2.57687e-18
15050,Solyc01g106520.1,tandem,gbM,Solyc01g106510.2,0.360221,1.20524,0.29888,2.57687e-18
15051,Solyc01g106700.3,tandem,Unmethylated,Solyc01g106710.1,0.566667,3.51633,0.161153,1.64279e-23
15052,Solyc01g106710.1,tandem,TE-like,Solyc01g106700.3,0.566667,3.51633,0.161153,1.64279e-23
15053,Solyc01g106720.1,tandem,Unclassified,Solyc01g106710.1,0.343935,3.43564,0.100108,0
15054,Solyc01g106730.1,tandem,TE-like,Solyc01g106720.1,0.45851,3.57227,0.128353,2.00497e-25
15055,Solyc01g106940.3,tandem,TE-like,Solyc01g106950.3,0.00110695,0.0114784,0.096438,0.0360148
15056,Solyc01g106943.1,tandem,Unclassified,Solyc01g106950.3,0.010306,0.0101207,1.01832,0.383633
15057,Solyc01g106950.3,tandem,TE-like,Solyc01g106943.1,0.010306,0.0101207,1.01832,0.383633
15058,Solyc01g106980.2,tandem,Unclassified,Solyc01g107000.2,0.0660004,0.282251,0.233836,2.07247e-30
15059,Solyc01g106990.2,tandem,Unclassified,Solyc01g107000.2,0.0135513,0.0181775,0.745501,0.333325
15060,Solyc01g107000.2,tandem,Unclassified,Solyc01g106990.2,0.0135513,0.0181775,0.745501,0.333325
15061,Solyc01g107080.3,tandem,Unclassified,Solyc01g107070.3,0.136347,0.470837,0.289583,2.47338e-11
15062,Solyc01g107090.2,tandem,Unmethylated,Solyc01g107100.3,0.157079,0.41807,0.375723,0.00409728
15063,Solyc01g107100.3,tandem,Unmethylated,Solyc01g107090.2,0.157079,0.41807,0.375723,0.00409728
15064,Solyc01g107415.1,tandem,gbM,Solyc01g107420.2,0.274329,0.275068,0.997316,1
15065,Solyc01g107420.2,tandem,Unclassified,Solyc01g107415.1,0.274329,0.275068,0.997316,1
15066,Solyc01g107680.3,tandem,TE-like,Solyc01g107695.1,0.318952,0.758534,0.420484,0.00895821
15067,Solyc01g107700.3,tandem,TE-like,Solyc01g107695.1,0.429964,3.37537,0.127383,6.80865e-35
15068,Solyc01g107710.2,tandem,Unclassified,Solyc01g107720.3,0.0806924,0.482908,0.167097,2.4524e-23
15069,Solyc01g107720.3,tandem,TE-like,Solyc01g107710.2,0.0806924,0.482908,0.167097,2.4524e-23
15070,Solyc01g107770.2,tandem,Unclassified,Solyc01g107780.3,0.324281,0.611957,0.529908,0.00185583
15071,Solyc01g107780.3,tandem,gbM,Solyc01g107770.2,0.324281,0.611957,0.529908,0.00185583
15072,Solyc01g107810.2,tandem,Unclassified,Solyc01g107820.2,0.147328,1.79726,0.081974,1.66974e-27
15073,Solyc01g107820.2,tandem,Unclassified,Solyc01g107810.2,0.147328,1.79726,0.081974,1.66974e-27
15074,Solyc01g107830.3,tandem,Unclassified,Solyc01g107820.2,0.270859,1.85133,0.146305,3.82032e-37
15075,Solyc01g107966.1,tandem,TE-like,Solyc01g107968.1,0.0405239,0.0979282,0.413812,0.143218
15076,Solyc01g107968.1,tandem,TE-like,Solyc01g107966.1,0.0405239,0.0979282,0.413812,0.143218
15077,Solyc01g108110.3,tandem,TE-like,Solyc01g108100.3,0.0436638,0.0717265,0.608754,0.159441
15078,Solyc01g108120.3,tandem,Unclassified,Solyc01g108130.3,0.60741,3.74763,0.162079,1.04511e-22
15079,Solyc01g108130.3,tandem,TE-like,Solyc01g108120.3,0.60741,3.74763,0.162079,1.04511e-22
15080,Solyc01g108360.3,tandem,Unmethylated,Solyc01g108350.3,0.0307901,0.15856,0.194186,0.000136297
15081,Solyc01g108380.2,tandem,TE-like,Solyc01g108390.3,0.316227,0.887678,0.35624,0.00707002
15082,Solyc01g108390.3,tandem,Unclassified,Solyc01g108380.2,0.316227,0.887678,0.35624,0.00707002
15083,Solyc01g108450.3,tandem,TE-like,Solyc01g108460.1,0.152923,0.636728,0.24017,1.30346e-24
15084,Solyc01g108460.1,tandem,TE-like,Solyc01g108470.2,0.032964,0.268888,0.122594,1.37363e-23
15085,Solyc01g108470.2,tandem,TE-like,Solyc01g108460.1,0.032964,0.268888,0.122594,1.37363e-23
15086,Solyc01g108480.1,tandem,TE-like,Solyc01g108470.2,0.0918695,0.554426,0.165702,6.35695e-28
15087,Solyc01g108530.3,tandem,Unclassified,Solyc01g108520.2,0.247683,3.89305,0.0636219,2.67761e-44
15088,Solyc01g108570.3,tandem,Unclassified,Solyc01g108580.3,0.0927011,0.198148,0.467839,0.00048794
15089,Solyc01g108580.3,tandem,Unmethylated,Solyc01g108570.3,0.0927011,0.198148,0.467839,0.00048794
15090,Solyc01g108700.3,tandem,Unclassified,Solyc01g108710.3,0.253764,0.702519,0.36122,0.0215851
15091,Solyc01g108710.3,tandem,Unclassified,Solyc01g108700.3,0.253764,0.702519,0.36122,0.0215851
15092,Solyc01g108730.2,tandem,Unclassified,Solyc01g108740.3,0.348783,0.503431,0.692811,0.211935
15093,Solyc01g108740.3,tandem,gbM,Solyc01g108730.2,0.348783,0.503431,0.692811,0.211935
15094,Solyc01g108745.1,tandem,gbM,Solyc01g108740.3,0.157611,0.444148,0.354861,1.79765e-07
15095,Solyc01g108790.2,tandem,Unclassified,Solyc01g108800.3,0.496262,1.00031,0.496111,0.000729295
15096,Solyc01g108800.3,tandem,gbM,Solyc01g108790.2,0.496262,1.00031,0.496111,0.000729295
15097,Solyc01g108820.1,tandem,Unclassified,Solyc01g108810.3,0.162443,0.36459,0.44555,0.000155908
15098,Solyc01g108840.3,tandem,gbM,Solyc01g108850.2,0.128665,0.448334,0.286983,1.61701e-15
15099,Solyc01g108850.2,tandem,Unclassified,Solyc01g108840.3,0.128665,0.448334,0.286983,1.61701e-15
15100,Solyc01g108860.3,tandem,TE-like,Solyc01g108870.3,0.395671,3.03235,0.130483,2.53349e-14
15101,Solyc01g108870.3,tandem,Unmethylated,Solyc01g108880.3,0.0769216,0.204018,0.377034,0.0274927
15102,Solyc01g108880.3,tandem,Unclassified,Solyc01g108870.3,0.0769216,0.204018,0.377034,0.0274927
15103,Solyc01g108935.1,tandem,TE-like,Solyc01g108950.2,0.143544,0.299379,0.479472,0.00546355
15104,Solyc01g108950.2,tandem,TE-like,Solyc01g108935.1,0.143544,0.299379,0.479472,0.00546355
15105,Solyc01g109090.2,tandem,Unmethylated,Solyc01g109100.2,0.170247,0.4796,0.354977,0.0129964
15106,Solyc01g109100.2,tandem,Unmethylated,Solyc01g109090.2,0.170247,0.4796,0.354977,0.0129964
15107,Solyc01g109150.4,tandem,TE-like,Solyc01g109140.3,0.319933,4.21412,0.0759194,4.41244e-71
15108,Solyc01g109160.4,tandem,Unclassified,Solyc01g109150.4,0.0921199,0.272187,0.338443,4.31507e-10
15109,Solyc01g109400.3,tandem,Unclassified,Solyc01g109410.3,0.0234788,0.222395,0.105573,9.3987e-12
15110,Solyc01g109410.3,tandem,gbM,Solyc01g109420.3,0.00515324,NA,NA,0.530692
15111,Solyc01g109420.3,tandem,TE-like,Solyc01g109410.3,0.00515324,NA,NA,0.530692
15112,Solyc01g109500.3,tandem,gbM,Solyc01g109495.1,0.177305,0.413992,0.428281,0.00913465
15113,Solyc01g109530.3,tandem,TE-like,Solyc01g109540.3,0.0961987,0.146255,0.657746,0.0314222
15114,Solyc01g109560.3,tandem,gbM,Solyc01g109570.3,0.00386621,0.00255423,1.51365,0.670432
15115,Solyc01g109655.1,tandem,Unclassified,Solyc01g109670.3,0.218146,0.304057,0.71745,0.385064
15116,Solyc01g109810.2,tandem,TE-like,Solyc01g109800.2,0.142674,0.458916,0.310893,2.01568e-07
15117,Solyc01g110060.3,tandem,Unclassified,Solyc01g110050.1,0.0523866,0.417884,0.125361,3.00082e-23
15118,Solyc01g110080.2,tandem,TE-like,Solyc01g110090.1,0.135626,0.342846,0.395589,0.000500366
15119,Solyc01g110090.1,tandem,TE-like,Solyc01g110080.2,0.135626,0.342846,0.395589,0.000500366
15120,Solyc01g110100.3,tandem,Unclassified,Solyc01g110090.1,0.325342,1.78379,0.182388,2.91885e-10
15121,Solyc01g110200.2,tandem,Unclassified,Solyc01g110210.2,0.368101,0.724152,0.50832,0.0172029
15122,Solyc01g110210.2,tandem,Unclassified,Solyc01g110220.1,0.358371,0.33306,1.076,0.655483
15123,Solyc01g110220.1,tandem,Unmethylated,Solyc01g110210.2,0.358371,0.33306,1.076,0.655483
15124,Solyc01g110230.1,tandem,Unmethylated,Solyc01g110220.1,0.452381,0.508717,0.88926,0.568755
15125,Solyc01g110240.1,tandem,Unmethylated,Solyc01g110230.1,0.296894,0.352581,0.842057,0.430649
15126,Solyc01g110255.1,tandem,Unmethylated,Solyc01g110260.2,0.265326,0.628538,0.422132,0.0429889
15127,Solyc01g110260.2,tandem,Unclassified,Solyc01g110255.1,0.265326,0.628538,0.422132,0.0429889
15128,Solyc01g110500.3,tandem,gbM,Solyc01g110510.3,0.0866737,0.252877,0.34275,1.09467e-05
15129,Solyc01g110510.3,tandem,Unclassified,Solyc01g110500.3,0.0866737,0.252877,0.34275,1.09467e-05
15130,Solyc01g110580.2,tandem,Unmethylated,Solyc01g110570.3,0.103135,1.00304,0.102823,3.1567e-13
15131,Solyc01g110590.3,tandem,TE-like,Solyc01g110570.3,0.0714225,0.138065,0.517311,0.143416
15132,Solyc01g110660.3,tandem,Unclassified,Solyc01g110670.3,0.0391063,0.401508,0.0973987,2.11783e-05
15133,Solyc01g110670.3,tandem,Unclassified,Solyc01g110680.3,0.0679816,0.208965,0.325326,0.0118807
15134,Solyc01g110710.3,tandem,Unclassified,Solyc01g110720.2,0.0167684,0.0307723,0.544921,0.412319
15135,Solyc01g110720.2,tandem,Unclassified,Solyc01g110710.3,0.0167684,0.0307723,0.544921,0.412319
15136,Solyc01g110730.3,tandem,Unclassified,Solyc01g110720.2,0.0531139,0.0575225,0.923359,0.989275
15137,Solyc01g110785.1,tandem,Unclassified,Solyc01g110780.1,0.297599,1.69547,0.175526,9.55035e-06
15138,Solyc01g110790.3,tandem,Unclassified,Solyc01g110800.3,0.0454864,0.599974,0.075814,1.51393e-09
15139,Solyc01g110800.3,tandem,Unclassified,Solyc01g110790.3,0.0454864,0.599974,0.075814,1.51393e-09
15140,Solyc01g110847.1,tandem,Unmethylated,Solyc01g110843.1,0.0715403,0.501863,0.14255,2.6038e-08
15141,Solyc01g110860.1,tandem,Unmethylated,Solyc01g110847.1,0.0733597,0.326032,0.225008,1.77675e-05
15142,Solyc01g110870.3,tandem,Unmethylated,Solyc01g110860.1,0.0650738,0.305219,0.213204,0.0016031
15143,Solyc01g110917.1,tandem,Unclassified,Solyc01g110920.3,0.0701772,0.409944,0.171187,1.69112e-05
15144,Solyc01g110920.3,tandem,Unmethylated,Solyc01g110917.1,0.0701772,0.409944,0.171187,1.69112e-05
15145,Solyc01g111000.3,tandem,Unclassified,Solyc01g111010.3,0.210057,1.49876,0.140153,4.06664e-15
15146,Solyc01g111010.3,tandem,gbM,Solyc01g111000.3,0.210057,1.49876,0.140153,4.06664e-15
15147,Solyc01g111210.3,tandem,gbM,Solyc01g111220.3,0.323515,4.43829,0.0728918,3.06204e-68
15148,Solyc01g111220.3,tandem,gbM,Solyc01g111210.3,0.323515,4.43829,0.0728918,3.06204e-68
15149,Solyc01g111260.2,tandem,Unmethylated,Solyc01g111250.3,0.0580796,0.21886,0.265373,1.187e-08
15150,Solyc01g111275.1,tandem,Unmethylated,Solyc01g111280.2,0.279214,0.302456,0.923158,0.461961
15151,Solyc01g111650.3,tandem,TE-like,Solyc01g111640.3,0.0885127,0.553186,0.160005,3.99055e-12
15152,Solyc01g111700.2,tandem,TE-like,Solyc01g111710.3,0.171877,2.04715,0.0839592,4.71866e-53
15153,Solyc01g111710.3,tandem,TE-like,Solyc01g111700.2,0.171877,2.04715,0.0839592,4.71866e-53
15154,Solyc01g112100.3,tandem,Unclassified,Solyc01g112120.3,0.0856248,0.551642,0.155218,4.29196e-16
15155,Solyc01g112120.3,tandem,TE-like,Solyc01g112100.3,0.0856248,0.551642,0.155218,4.29196e-16
15156,Solyc01g112130.3,tandem,Unclassified,Solyc01g112140.3,0.0989002,0.45812,0.215883,1.91437e-14
15157,Solyc01g112140.3,tandem,Unclassified,Solyc01g112130.3,0.0989002,0.45812,0.215883,1.91437e-14
15158,Solyc01g150000.2,tandem,TE-like,Solyc01g014537.1,0.528122,3.01806,0.174987,2.13654e-05
15159,Solyc02g005513.1,tandem,TE-like,Solyc02g005530.2,NA,0.00465045,-2.38735e-13,NA
15160,Solyc02g005530.2,tandem,TE-like,Solyc02g005513.1,NA,0.00465045,-2.38735e-13,NA
15161,Solyc02g005560.1,tandem,TE-like,Solyc02g005570.1,0.283534,0.279692,1.01374,0.863452
15162,Solyc02g005570.1,tandem,TE-like,Solyc02g005560.1,0.283534,0.279692,1.01374,0.863452
15163,Solyc02g011755.1,tandem,TE-like,Solyc02g011760.1,0.266789,0.612769,0.435383,0.0555995
15164,Solyc02g011760.1,tandem,TE-like,Solyc02g011755.1,0.266789,0.612769,0.435383,0.0555995
15165,Solyc02g011940.2,tandem,TE-like,Solyc02g011950.1,0.079334,0.0939076,0.844809,0.620818
15166,Solyc02g011950.1,tandem,TE-like,Solyc02g011940.2,0.079334,0.0939076,0.844809,0.620818
15167,Solyc02g014220.3,tandem,NA,Solyc02g014225.1,NA,NA,NA,NA
15168,Solyc02g014225.1,tandem,NA,Solyc02g014220.3,NA,NA,NA,NA
15169,Solyc02g014405.1,tandem,TE-like,Solyc02g014410.1,0.0563156,0.0794492,0.708825,0.463987
15170,Solyc02g014410.1,tandem,TE-like,Solyc02g014405.1,0.0563156,0.0794492,0.708825,0.463987
15171,Solyc02g014740.2,tandem,Unmethylated,Solyc02g014750.1,0.111571,0.19728,0.565545,0.0756619
15172,Solyc02g014750.1,tandem,NA,Solyc02g014740.2,0.111571,0.19728,0.565545,0.0756619
15173,Solyc02g021180.1,tandem,TE-like,Solyc02g021190.1,0.295119,0.388229,0.760166,0.288715
15174,Solyc02g021190.1,tandem,TE-like,Solyc02g021180.1,0.295119,0.388229,0.760166,0.288715
15175,Solyc02g021800.1,tandem,TE-like,Solyc02g021810.1,0.061048,0.142233,0.429211,0.131394
15176,Solyc02g021810.1,tandem,TE-like,Solyc02g021800.1,0.061048,0.142233,0.429211,0.131394
15177,Solyc02g030505.1,tandem,TE-like,Solyc02g030510.1,0.0875297,0.196324,0.445843,0.0105924
15178,Solyc02g030510.1,tandem,TE-like,Solyc02g030505.1,0.0875297,0.196324,0.445843,0.0105924
15179,Solyc02g030605.1,tandem,Unclassified,Solyc02g030610.2,0.208728,0.302662,0.689641,0.282562
15180,Solyc02g030610.2,tandem,TE-like,Solyc02g030605.1,0.208728,0.302662,0.689641,0.282562
15181,Solyc02g030620.1,tandem,TE-like,Solyc02g030630.1,0.0295729,0.0177763,1.66361,0.589279
15182,Solyc02g031950.3,tandem,TE-like,Solyc02g031940.2,0.026318,0.0522348,0.50384,0.29823
15183,Solyc02g032030.1,tandem,TE-like,Solyc02g032040.1,0.0732105,0.250338,0.292447,1.12783e-05
15184,Solyc02g032040.1,tandem,TE-like,Solyc02g032050.1,0.0494889,0.0889063,0.55664,0.133523
15185,Solyc02g032050.1,tandem,TE-like,Solyc02g032040.1,0.0494889,0.0889063,0.55664,0.133523
15186,Solyc02g032140.2,tandem,TE-like,Solyc02g032150.1,0.245456,0.469133,0.523212,0.0236823
15187,Solyc02g032150.1,tandem,TE-like,Solyc02g032155.1,0.205334,0.262899,0.781037,0.53307
15188,Solyc02g032155.1,tandem,TE-like,Solyc02g032150.1,0.205334,0.262899,0.781037,0.53307
15189,Solyc02g032280.1,tandem,TE-like,Solyc02g032270.1,0.0776537,0.154329,0.503169,0.0656951
15190,Solyc02g032290.1,tandem,TE-like,Solyc02g032280.1,0.0941669,0.21494,0.438109,0.213531
15191,Solyc02g032337.1,tandem,Unclassified,Solyc02g032340.1,0.0768585,0.115298,0.666607,0.230006
15192,Solyc02g032340.1,tandem,TE-like,Solyc02g032337.1,0.0768585,0.115298,0.666607,0.230006
15193,Solyc02g032565.1,tandem,Unclassified,Solyc02g032560.2,0.0578202,0.089789,0.643956,0.444708
15194,Solyc02g032740.1,tandem,TE-like,Solyc02g032760.1,0.0517478,0.119484,0.433093,0.19037
15195,Solyc02g032760.1,tandem,TE-like,Solyc02g032770.1,0.148709,0.147681,1.00697,0.827162
15196,Solyc02g032770.1,tandem,TE-like,Solyc02g032760.1,0.148709,0.147681,1.00697,0.827162
15197,Solyc02g032875.1,tandem,TE-like,Solyc02g032890.1,0.0546271,0.0434609,1.25693,0.985785
15198,Solyc02g032890.1,tandem,TE-like,Solyc02g032875.1,0.0546271,0.0434609,1.25693,0.985785
15199,Solyc02g033110.2,tandem,TE-like,Solyc02g033115.1,0.046567,0.0373376,1.24719,0.789337
15200,Solyc02g033120.2,tandem,TE-like,Solyc02g033115.1,0.045076,0.11104,0.405944,0.0268642
15201,Solyc02g036120.1,tandem,TE-like,Solyc02g033120.2,0.127057,0.24072,0.527822,0.0609273
15202,Solyc02g036220.1,tandem,Unclassified,Solyc02g036240.1,0.028165,0.0264079,1.06654,0.995433
15203,Solyc02g036240.1,tandem,Unclassified,Solyc02g036220.1,0.028165,0.0264079,1.06654,0.995433
15204,Solyc02g036270.3,tandem,TE-like,Solyc02g036280.3,0.00628004,0.00840521,0.74716,0.394902
15205,Solyc02g036280.3,tandem,TE-like,Solyc02g036270.3,0.00628004,0.00840521,0.74716,0.394902
15206,Solyc02g037495.1,tandem,Unclassified,Solyc02g037490.1,0.229935,3.28613,0.0699716,7.1107e-85
15207,Solyc02g038650.1,tandem,TE-like,Solyc02g038660.2,0.367217,0.497967,0.737432,0.197575
15208,Solyc02g038660.2,tandem,gbM,Solyc02g038670.2,0.316378,0.516341,0.612731,0.00830744
15209,Solyc02g038670.2,tandem,TE-like,Solyc02g038680.1,0.15622,0.136867,1.1414,0.457822
15210,Solyc02g038680.1,tandem,TE-like,Solyc02g038670.2,0.15622,0.136867,1.1414,0.457822
15211,Solyc02g038790.2,tandem,TE-like,Solyc00g007450.1,0.220047,0.301129,0.730739,0.263708
15212,Solyc02g043830.2,tandem,TE-like,Solyc02g043864.1,NA,NA,NA,NA
15213,Solyc02g043860.3,tandem,TE-like,Solyc02g043875.1,0.533722,2.2976,0.232295,5.71031e-08
15214,Solyc02g043864.1,tandem,TE-like,Solyc02g043830.2,NA,NA,NA,NA
15215,Solyc02g043875.1,tandem,TE-like,Solyc02g043860.3,0.533722,2.2976,0.232295,5.71031e-08
15216,Solyc02g044030.1,tandem,TE-like,Solyc02g044045.1,0.172081,0.185213,0.929101,0.859049
15217,Solyc02g044045.1,tandem,TE-like,Solyc02g044030.1,0.172081,0.185213,0.929101,0.859049
15218,Solyc02g060570.1,tandem,TE-like,Solyc02g060580.2,0.0761212,0.113291,0.671906,0.130932
15219,Solyc02g060580.2,tandem,TE-like,Solyc02g060570.1,0.0761212,0.113291,0.671906,0.130932
15220,Solyc02g061670.1,tandem,TE-like,Solyc02g061680.2,0.063286,0.0817403,0.774233,0.387345
15221,Solyc02g061750.1,tandem,Unclassified,NA,NA,NA,NA,NA
15222,Solyc02g062070.1,tandem,Unclassified,Solyc02g062080.1,0.234233,0.552975,0.423586,0.000418448
15223,Solyc02g062080.1,tandem,TE-like,Solyc02g062090.1,0.0989264,0.165887,0.596349,0.0966855
15224,Solyc02g062090.1,tandem,TE-like,Solyc02g062080.1,0.0989264,0.165887,0.596349,0.0966855
15225,Solyc02g062120.3,tandem,Unclassified,Solyc02g062110.3,0.167695,0.277886,0.603464,0.063253
15226,Solyc02g062300.3,tandem,Unclassified,Solyc02g062310.1,0.171674,1.22729,0.13988,6.70535e-11
15227,Solyc02g062310.1,tandem,Unclassified,Solyc02g062320.3,0.0317125,0.136384,0.232525,0.000893187
15228,Solyc02g062320.3,tandem,gbM,Solyc02g062310.1,0.0317125,0.136384,0.232525,0.000893187
15229,Solyc02g062463.1,tandem,Unclassified,NA,NA,NA,NA,NA
15230,Solyc02g062467.1,tandem,Unclassified,NA,NA,NA,NA,NA
15231,Solyc02g062490.3,tandem,TE-like,Solyc02g062500.3,0.0799022,0.244327,0.32703,0.000129355
15232,Solyc02g062580.3,tandem,gbM,Solyc02g062570.3,0.15056,0.416197,0.361751,2.66241e-06
15233,Solyc02g062810.3,tandem,TE-like,Solyc02g062830.2,0.263818,0.512677,0.51459,0.0133264
15234,Solyc02g062830.2,tandem,TE-like,Solyc02g062810.3,0.263818,0.512677,0.51459,0.0133264
15235,Solyc02g062840.1,tandem,TE-like,Solyc02g062830.2,0.156519,0.266305,0.587743,0.187422
15236,Solyc02g062850.2,tandem,Unclassified,Solyc02g062860.3,0.214324,0.599678,0.357398,9.04886e-05
15237,Solyc02g062860.3,tandem,NA,Solyc02g062870.3,0.000891177,NA,NA,NA
15238,Solyc02g062870.3,tandem,Unmethylated,Solyc02g062860.3,0.000891177,NA,NA,NA
15239,Solyc02g062890.2,tandem,gbM,Solyc02g062900.2,0.506281,1.6974,0.298269,9.09648e-05
15240,Solyc02g062900.2,tandem,Unclassified,Solyc02g062890.2,0.506281,1.6974,0.298269,9.09648e-05
15241,Solyc02g062990.1,tandem,TE-like,Solyc02g063000.3,0.0843392,0.336385,0.250722,9.17735e-08
15242,Solyc02g063270.3,tandem,gbM,Solyc02g063260.3,0.0619082,0.149003,0.415484,1.40124e-05
15243,Solyc02g063370.2,tandem,Unclassified,Solyc02g063360.3,0.0220748,0.0624572,0.353439,0.0294367
15244,Solyc02g063410.3,tandem,Unclassified,Solyc02g063420.3,0.163758,0.638164,0.256608,2.56398e-08
15245,Solyc02g063420.3,tandem,Unmethylated,Solyc02g063410.3,0.163758,0.638164,0.256608,2.56398e-08
15246,Solyc02g063541.1,tandem,NA,Solyc02g063540.2,NA,NA,NA,NA
15247,Solyc02g063548.1,tandem,Unclassified,Solyc02g064540.2,0.135018,0.19047,0.708867,0.53491
15248,Solyc02g064540.2,tandem,TE-like,Solyc02g063548.1,0.135018,0.19047,0.708867,0.53491
15249,Solyc02g064590.2,tandem,NA,Solyc02g064595.1,0.000862086,0.0064629,0.13339,0.00939325
15250,Solyc02g064595.1,tandem,TE-like,Solyc02g064590.2,0.000862086,0.0064629,0.13339,0.00939325
15251,Solyc02g064630.3,tandem,TE-like,Solyc02g064595.1,0.0216489,0.011924,1.81558,0.534727
15252,Solyc02g064650.3,tandem,TE-like,Solyc02g064640.3,0.00543702,0.0138935,0.391337,0.199018
15253,Solyc02g064765.1,tandem,Unclassified,Solyc02g064770.3,0.231479,2.72504,0.0849449,2.11933e-19
15254,Solyc02g064810.1,tandem,Unclassified,Solyc02g064804.1,0.3894,0.837309,0.465061,0.01283
15255,Solyc02g064870.1,tandem,Unclassified,Solyc02g064880.1,0.0774718,0.132372,0.585258,0.0808464
15256,Solyc02g064880.1,tandem,TE-like,Solyc02g064870.1,0.0774718,0.132372,0.585258,0.0808464
15257,Solyc02g064930.1,tandem,TE-like,Solyc02g064920.1,0.145301,0.229741,0.632453,0.0438178
15258,Solyc02g065100.1,tandem,Unclassified,Solyc02g065090.3,0.166943,0.933023,0.178927,6.17823e-27
15259,Solyc02g065190.3,tandem,TE-like,Solyc02g065220.3,0.113207,0.52368,0.216176,3.68974e-25
15260,Solyc02g065210.3,tandem,Unclassified,Solyc02g065220.3,0.0364051,0.0535306,0.68008,0.158649
15261,Solyc02g065220.3,tandem,Unclassified,Solyc02g065210.3,0.0364051,0.0535306,0.68008,0.158649
15262,Solyc02g065240.3,tandem,Unmethylated,Solyc02g065250.2,0.0749156,0.2926,0.256034,1.36044e-06
15263,Solyc02g065250.2,tandem,Unmethylated,Solyc02g065240.3,0.0749156,0.2926,0.256034,1.36044e-06
15264,Solyc02g065270.1,tandem,TE-like,NA,NA,NA,NA,NA
15265,Solyc02g065280.3,tandem,Unclassified,NA,NA,NA,NA,NA
15266,Solyc02g065315.1,tandem,TE-like,Solyc02g065330.1,0.223212,0.479821,0.465199,0.0169945
15267,Solyc02g065330.1,tandem,Unmethylated,Solyc02g065315.1,0.223212,0.479821,0.465199,0.0169945
15268,Solyc02g065360.3,tandem,gbM,Solyc02g065350.3,0.00648598,0.00569294,1.1393,0.713841
15269,Solyc02g065610.3,tandem,TE-like,Solyc02g065600.3,0.305235,4.05556,0.0752635,5.97015e-59
15270,Solyc02g065685.1,tandem,gbM,Solyc02g065690.3,NA,0.0115638,1.92017e-13,NA
15271,Solyc02g065690.3,tandem,gbM,Solyc02g065685.1,NA,0.0115638,1.92017e-13,NA
15272,Solyc02g066800.2,tandem,NA,Solyc02g065805.1,0.00350283,NA,NA,NA
15273,Solyc02g066860.2,tandem,TE-like,Solyc02g066870.1,0.364177,0.65566,0.555437,0.0957946
15274,Solyc02g066900.2,tandem,TE-like,Solyc02g066890.1,0.0344382,0.0373498,0.922044,0.839203
15275,Solyc02g067270.2,tandem,TE-like,Solyc02g067260.2,NA,NA,NA,NA
15276,Solyc02g067290.3,tandem,TE-like,Solyc02g067285.1,0.187157,0.197194,0.949102,0.999929
15277,Solyc02g067310.3,tandem,Unmethylated,Solyc02g067320.2,0.113945,0.575262,0.198075,2.54801e-20
15278,Solyc02g067330.1,tandem,TE-like,Solyc02g067320.2,0.121629,0.199137,0.610778,0.198456
15279,Solyc02g067600.1,tandem,Unclassified,Solyc02g067610.1,0.0128492,0.0766326,0.167673,0.0120309
15280,Solyc02g067610.1,tandem,Unclassified,Solyc02g067600.1,0.0128492,0.0766326,0.167673,0.0120309
15281,Solyc02g067630.3,tandem,TE-like,Solyc02g067640.3,0.0301364,0.16651,0.180988,4.73039e-10
15282,Solyc02g067640.3,tandem,TE-like,Solyc02g067630.3,0.0301364,0.16651,0.180988,4.73039e-10
15283,Solyc02g067650.3,tandem,TE-like,Solyc02g067640.3,0.0757064,0.272263,0.278063,7.89518e-10
15284,Solyc02g067730.2,tandem,TE-like,Solyc02g067720.1,0.147332,0.346846,0.424775,1.54521e-05
15285,Solyc02g068310.3,tandem,gbM,Solyc02g068320.2,0.0436741,0.105646,0.413401,0.00572317
15286,Solyc02g068320.2,tandem,gbM,Solyc02g068330.2,0.0355472,0.147209,0.241475,1.28657e-05
15287,Solyc02g068330.2,tandem,gbM,Solyc02g068320.2,0.0355472,0.147209,0.241475,1.28657e-05
15288,Solyc02g068400.3,tandem,TE-like,Solyc02g068410.2,0.437356,4.17846,0.104669,1.2584e-62
15289,Solyc02g068410.2,tandem,TE-like,Solyc02g068400.3,0.437356,4.17846,0.104669,1.2584e-62
15290,Solyc02g068460.1,tandem,Unmethylated,Solyc02g068470.1,0.48888,3.10883,0.157255,1.69496e-19
15291,Solyc02g068470.1,tandem,gbM,Solyc02g068460.1,0.48888,3.10883,0.157255,1.69496e-19
15292,Solyc02g068780.3,tandem,TE-like,Solyc02g068790.3,0.0274875,0.0459687,0.597962,0.223131
15293,Solyc02g068790.3,tandem,Unclassified,Solyc02g068780.3,0.0274875,0.0459687,0.597962,0.223131
15294,Solyc02g068873.1,tandem,Unclassified,Solyc02g068880.2,0.049601,0.0739241,0.670972,0.304518
15295,Solyc02g068880.2,tandem,gbM,Solyc02g068873.1,0.049601,0.0739241,0.670972,0.304518
15296,Solyc02g068960.1,tandem,TE-like,Solyc02g068970.2,0.168871,0.316156,0.534139,0.044965
15297,Solyc02g068970.2,tandem,TE-like,Solyc02g068980.1,0.00999914,0.0378908,0.263894,0.082391
15298,Solyc02g068980.1,tandem,TE-like,Solyc02g068990.3,0.314083,1.37145,0.229014,2.22418e-10
15299,Solyc02g068990.3,tandem,TE-like,Solyc02g068980.1,0.314083,1.37145,0.229014,2.22418e-10
15300,Solyc02g069025.1,tandem,TE-like,Solyc02g069030.3,0.757888,1.5249,0.497009,0.0217059
15301,Solyc02g069030.3,tandem,TE-like,Solyc02g069025.1,0.757888,1.5249,0.497009,0.0217059
15302,Solyc02g069060.3,tandem,TE-like,Solyc02g069045.1,0.0521493,0.100769,0.517512,0.11317
15303,Solyc02g069080.3,tandem,TE-like,Solyc02g069090.2,0.0264944,0.0186329,1.42191,0.626941
15304,Solyc02g069090.2,tandem,TE-like,Solyc02g069080.3,0.0264944,0.0186329,1.42191,0.626941
15305,Solyc02g069100.3,tandem,gbM,Solyc02g069110.3,0.134641,0.575418,0.233988,1.35599e-17
15306,Solyc02g069110.3,tandem,gbM,Solyc02g069100.3,0.134641,0.575418,0.233988,1.35599e-17
15307,Solyc02g069130.3,tandem,TE-like,Solyc02g069140.2,0.0546754,0.187138,0.292167,3.29036e-05
15308,Solyc02g069140.2,tandem,TE-like,Solyc02g069130.3,0.0546754,0.187138,0.292167,3.29036e-05
15309,Solyc02g069190.3,tandem,Unmethylated,Solyc02g069200.3,0.0485294,0.433861,0.111855,4.04462e-25
15310,Solyc02g069200.3,tandem,Unclassified,Solyc02g069210.3,0.111015,1.76223,0.0629968,8.33595e-56
15311,Solyc02g069210.3,tandem,Unclassified,Solyc02g069200.3,0.111015,1.76223,0.0629968,8.33595e-56
15312,Solyc02g069260.3,tandem,TE-like,Solyc02g069270.2,0.1121,0.212409,0.527757,8.40051e-07
15313,Solyc02g069270.2,tandem,gbM,Solyc02g069260.3,0.1121,0.212409,0.527757,8.40051e-07
15314,Solyc02g069515.1,tandem,gbM,Solyc02g069520.2,0.299203,0.32609,0.917545,0.897066
15315,Solyc02g069520.2,tandem,Unclassified,Solyc02g069515.1,0.299203,0.32609,0.917545,0.897066
15316,Solyc02g070170.1,tandem,TE-like,NA,NA,NA,NA,NA
15317,Solyc02g070180.2,tandem,TE-like,Solyc02g070110.1,0.110613,0.241183,0.458625,6.51849e-06
15318,Solyc02g070190.1,tandem,Unclassified,Solyc02g070200.2,0.0528733,0.0685907,0.770852,0.664281
15319,Solyc02g070200.2,tandem,TE-like,Solyc02g070190.1,0.0528733,0.0685907,0.770852,0.664281
15320,Solyc02g070270.2,tandem,gbM,Solyc02g070280.3,0.323643,4.60834,0.0702299,1.30983e-84
15321,Solyc02g070280.3,tandem,Unclassified,Solyc02g070270.2,0.323643,4.60834,0.0702299,1.30983e-84
15322,Solyc02g070330.3,tandem,gbM,Solyc02g070340.3,0.00163608,0.150695,0.0108569,1.78822e-15
15323,Solyc02g070340.3,tandem,gbM,Solyc02g070330.3,0.00163608,0.150695,0.0108569,1.78822e-15
15324,Solyc02g070650.2,tandem,gbM,Solyc02g070640.3,NA,0.152692,0,NA
15325,Solyc02g070760.3,tandem,TE-like,Solyc02g070770.3,0.099969,0.569423,0.175562,2.81291e-18
15326,Solyc02g070770.3,tandem,Unclassified,Solyc02g070760.3,0.099969,0.569423,0.175562,2.81291e-18
15327,Solyc02g070800.2,tandem,gbM,Solyc02g070810.3,NA,NA,NA,NA
15328,Solyc02g070810.3,tandem,TE-like,Solyc02g070800.2,NA,NA,NA,NA
15329,Solyc02g070855.1,tandem,gbM,Solyc02g070860.3,0.551599,0.791377,0.697011,0.240831
15330,Solyc02g070860.3,tandem,TE-like,Solyc02g070855.1,0.551599,0.791377,0.697011,0.240831
15331,Solyc02g070890.3,tandem,TE-like,Solyc02g070910.3,0.0869258,0.221483,0.392471,3.06634e-16
15332,Solyc02g070910.3,tandem,gbM,Solyc02g070890.3,0.0869258,0.221483,0.392471,3.06634e-16
15333,Solyc02g070940.1,tandem,Unclassified,Solyc02g070950.1,NA,0.275298,-8.0656e-15,NA
15334,Solyc02g070950.1,tandem,Unclassified,Solyc02g070940.1,NA,0.275298,-8.0656e-15,NA
15335,Solyc02g070970.1,tandem,Unclassified,Solyc02g070950.1,NA,0.330699,1.00716e-14,NA
15336,Solyc02g070980.1,tandem,Unclassified,Solyc02g070970.1,0.00340005,0.304529,0.011165,4.52882e-28
15337,Solyc02g071050.3,tandem,Unclassified,Solyc02g071060.3,0.366516,3.17573,0.115412,3.26919e-29
15338,Solyc02g071090.3,tandem,Unclassified,Solyc02g071100.3,0.06053,0.135504,0.446704,0.00046052
15339,Solyc02g071100.3,tandem,Unclassified,Solyc02g071110.3,0.437765,2.07818,0.210649,1.03875e-26
15340,Solyc02g071110.3,tandem,Unclassified,Solyc02g071100.3,0.437765,2.07818,0.210649,1.03875e-26
15341,Solyc02g071145.1,tandem,TE-like,Solyc02g071150.3,NA,NA,NA,NA
15342,Solyc02g071150.3,tandem,TE-like,Solyc02g071145.1,NA,NA,NA,NA
15343,Solyc02g071350.3,tandem,gbM,Solyc02g071340.2,0.101711,0.393694,0.258349,7.90121e-44
15344,Solyc02g071360.3,tandem,TE-like,Solyc02g071370.1,0.0522651,0.113741,0.459511,0.117719
15345,Solyc02g071365.1,tandem,Unclassified,Solyc02g071390.1,0.078912,0.198799,0.396943,0.0301592
15346,Solyc02g071370.1,tandem,TE-like,Solyc02g071360.3,0.0522651,0.113741,0.459511,0.117719
15347,Solyc02g071380.2,tandem,Unclassified,NA,NA,NA,NA,NA
15348,Solyc02g071390.1,tandem,Unclassified,Solyc02g071365.1,0.078912,0.198799,0.396943,0.0301592
15349,Solyc02g071450.3,tandem,gbM,Solyc02g071440.3,0.0949024,0.283651,0.334574,1.35242e-07
15350,Solyc02g071475.1,tandem,Unclassified,Solyc02g071480.3,0.148145,0.243842,0.607547,0.0106681
15351,Solyc02g071480.3,tandem,gbM,Solyc02g071475.1,0.148145,0.243842,0.607547,0.0106681
15352,Solyc02g071540.1,tandem,TE-like,Solyc02g071550.1,0.0233734,0.0457234,0.511191,0.278492
15353,Solyc02g071550.1,tandem,Unclassified,Solyc02g071540.1,0.0233734,0.0457234,0.511191,0.278492
15354,Solyc02g071620.3,tandem,TE-like,Solyc02g071610.3,0.120113,1.1231,0.106948,2.8401e-36
15355,Solyc02g071670.3,tandem,TE-like,Solyc02g071660.3,0.10247,0.361015,0.283839,1.48044e-05
15356,Solyc02g071685.1,tandem,Unclassified,Solyc02g071690.2,0.55326,3.39915,0.162765,1.74536e-11
15357,Solyc02g071700.3,tandem,Unclassified,Solyc02g071710.2,0.294248,3.89673,0.0755116,2.65785e-53
15358,Solyc02g071710.2,tandem,gbM,Solyc02g071700.3,0.294248,3.89673,0.0755116,2.65785e-53
15359,Solyc02g071720.2,tandem,Unclassified,Solyc02g071710.2,0.158774,0.782566,0.202888,1.15435e-21
15360,Solyc02g071770.3,tandem,Unclassified,Solyc02g071760.3,0.192636,2.06796,0.0931526,3.88066e-35
15361,Solyc02g071815.1,tandem,gbM,Solyc02g071820.3,0.192107,0.632754,0.303605,1.11681e-08
15362,Solyc02g071860.3,tandem,TE-like,Solyc02g071870.3,0.34258,4.30671,0.0795457,2.53816e-76
15363,Solyc02g071870.3,tandem,TE-like,Solyc02g071860.3,0.34258,4.30671,0.0795457,2.53816e-76
15364,Solyc02g071875.1,tandem,TE-like,Solyc02g071880.3,0.253028,1.35997,0.186054,1.68537e-24
15365,Solyc02g071920.3,tandem,Unclassified,Solyc02g071910.1,0.468364,1.70559,0.274605,2.01575e-10
15366,Solyc02g072050.1,tandem,Unclassified,Solyc02g072040.3,0.0418069,0.0975145,0.428725,0.000488762
15367,Solyc02g072220.1,tandem,Unmethylated,Solyc02g072210.1,0.133546,0.434997,0.307004,7.1734e-07
15368,Solyc02g072280.1,tandem,gbM,Solyc02g072290.1,0.163961,0.731875,0.224029,3.60884e-34
15369,Solyc02g072290.1,tandem,TE-like,Solyc02g072280.1,0.163961,0.731875,0.224029,3.60884e-34
15370,Solyc02g072350.1,tandem,Unclassified,Solyc02g072370.1,0.250598,1.78494,0.140396,1.9143e-44
15371,Solyc02g072420.1,tandem,Unclassified,Solyc02g072430.2,0.123385,0.134123,0.919943,0.738156
15372,Solyc02g072430.2,tandem,TE-like,Solyc02g072420.1,0.123385,0.134123,0.919943,0.738156
15373,Solyc02g072440.3,tandem,TE-like,Solyc02g072430.2,0.214275,0.442125,0.484649,7.16511e-05
15374,Solyc02g072480.3,tandem,TE-like,Solyc02g072470.3,0.368896,1.86641,0.19765,4.98191e-91
15375,Solyc02g072560.1,tandem,Unmethylated,Solyc02g072570.2,0.251875,0.389345,0.64692,0.0902757
15376,Solyc02g073570.1,tandem,TE-like,Solyc02g072570.2,0.508975,3.89351,0.130724,2.45924e-24
15377,Solyc02g073571.1,tandem,Unclassified,Solyc02g074590.3,0.0817883,0.0985753,0.829704,0.571281
15378,Solyc02g074590.3,tandem,Unclassified,Solyc02g073571.1,0.0817883,0.0985753,0.829704,0.571281
15379,Solyc02g076855.1,tandem,Unclassified,Solyc02g076860.3,0.438364,1.08175,0.405236,0.0001837
15380,Solyc02g076990.3,tandem,Unclassified,Solyc02g077000.3,0.0560892,0.232948,0.24078,5.80381e-11
15381,Solyc02g077000.3,tandem,Unmethylated,Solyc02g077010.1,0.0762299,0.51151,0.149029,3.09453e-24
15382,Solyc02g077010.1,tandem,Unclassified,Solyc02g077000.3,0.0762299,0.51151,0.149029,3.09453e-24
15383,Solyc02g077020.3,tandem,Unmethylated,Solyc02g077010.1,0.0757061,0.366123,0.206778,3.48028e-16
15384,Solyc02g077030.3,tandem,Unclassified,Solyc02g077020.3,0.08314,0.426914,0.194746,1.0929e-18
15385,Solyc02g077050.3,tandem,Unclassified,Solyc02g077040.4,0.344914,4.06152,0.0849224,8.26552e-40
15386,Solyc02g077160.3,tandem,Unmethylated,Solyc02g077150.1,0.269713,4.11566,0.0655334,3.33053e-61
15387,Solyc02g077360.1,tandem,Unclassified,Solyc02g077370.1,0.516491,3.20594,0.161104,6.64095e-23
15388,Solyc02g077370.1,tandem,Unclassified,Solyc02g077360.1,0.516491,3.20594,0.161104,6.64095e-23
15389,Solyc02g077420.3,tandem,Unclassified,Solyc02g077430.3,0.0829353,0.454838,0.18234,1.67397e-21
15390,Solyc02g077430.3,tandem,Unclassified,Solyc02g077420.3,0.0829353,0.454838,0.18234,1.67397e-21
15391,Solyc02g077510.3,tandem,Unclassified,Solyc02g077520.3,0.0598152,0.155332,0.38508,0.000386681
15392,Solyc02g077520.3,tandem,TE-like,Solyc02g077510.3,0.0598152,0.155332,0.38508,0.000386681
15393,Solyc02g077550.3,tandem,Unclassified,Solyc02g077540.3,0.220161,3.46617,0.0635172,3.28317e-29
15394,Solyc02g077820.1,tandem,Unclassified,Solyc02g077810.1,0.492661,1.67836,0.293538,8.24038e-07
15395,Solyc02g078040.3,tandem,Unmethylated,Solyc02g078050.3,0.582561,1.61001,0.361837,2.22549e-07
15396,Solyc02g078050.3,tandem,Unclassified,Solyc02g078060.1,0.375252,2.58735,0.145033,8.05967e-10
15397,Solyc02g078060.1,tandem,Unmethylated,Solyc02g078050.3,0.375252,2.58735,0.145033,8.05967e-10
15398,Solyc02g078160.3,tandem,TE-like,Solyc02g078150.3,0.159171,1.26775,0.125554,5.04011e-26
15399,Solyc02g078910.3,tandem,TE-like,Solyc02g078920.3,0.436276,3.87019,0.112727,9.61012e-52
15400,Solyc02g078920.3,tandem,Unclassified,Solyc02g078910.3,0.436276,3.87019,0.112727,9.61012e-52
15401,Solyc02g079080.2,tandem,Unclassified,Solyc02g079090.3,0.812505,2.23732,0.36316,2.04387e-10
15402,Solyc02g079090.3,tandem,Unclassified,Solyc02g079080.2,0.812505,2.23732,0.36316,2.04387e-10
15403,Solyc02g079450.1,tandem,Unclassified,Solyc02g079440.2,0.151882,0.7919,0.191794,1.06733e-29
15404,Solyc02g079460.1,tandem,gbM,Solyc02g079470.1,0.115088,0.426859,0.269617,5.28164e-17
15405,Solyc02g079470.1,tandem,gbM,Solyc02g079480.1,0.233437,1.3452,0.173533,2.63477e-49
15406,Solyc02g079480.1,tandem,gbM,Solyc02g079470.1,0.233437,1.3452,0.173533,2.63477e-49
15407,Solyc02g079510.3,tandem,TE-like,Solyc02g079500.4,0.0543654,0.346824,0.156752,9.65174e-18
15408,Solyc02g079550.2,tandem,TE-like,Solyc02g079570.3,0.502152,4.67945,0.10731,7.16866e-73
15409,Solyc02g079570.3,tandem,gbM,Solyc02g079550.2,0.502152,4.67945,0.10731,7.16866e-73
15410,Solyc02g079830.1,tandem,Unclassified,Solyc02g079820.3,0.302218,1.33302,0.226716,4.87028e-20
15411,Solyc02g079895.1,tandem,Unmethylated,Solyc02g079890.2,0.241164,0.599439,0.402316,0.00457381
15412,Solyc02g080000.1,tandem,Unmethylated,Solyc02g080010.2,0.162358,0.106151,1.5295,0.4592
15413,Solyc02g080020.1,tandem,Unclassified,Solyc02g080010.2,0.0309788,0.0815647,0.379807,0.0381755
15414,Solyc02g080060.1,tandem,Unclassified,Solyc02g080070.3,0.207602,0.46375,0.44766,6.70065e-06
15415,Solyc02g080080.3,tandem,Unclassified,Solyc02g080090.1,0.212518,0.529909,0.401045,2.58265e-09
15416,Solyc02g080090.1,tandem,gbM,Solyc02g080080.3,0.212518,0.529909,0.401045,2.58265e-09
15417,Solyc02g080165.1,tandem,Unclassified,Solyc02g080170.1,0.204246,0.222111,0.919566,0.726113
15418,Solyc02g080170.1,tandem,Unclassified,Solyc02g080165.1,0.204246,0.222111,0.919566,0.726113
15419,Solyc02g080210.3,tandem,Unclassified,Solyc02g080200.3,0.00488302,0.00746288,0.654308,0.620856
15420,Solyc02g080220.3,tandem,Unclassified,Solyc02g080210.3,0.0108641,0.079619,0.136451,5.69921e-11
15421,Solyc02g080250.2,tandem,NA,Solyc02g080240.1,0.117006,0.396857,0.294831,0.00507912
15422,Solyc02g080310.2,tandem,Unclassified,Solyc02g080300.3,0.045706,0.144489,0.316328,3.27546e-07
15423,Solyc02g080490.3,tandem,Unclassified,Solyc02g080480.3,0.235315,1.66343,0.141463,3.40886e-62
15424,Solyc02g080550.1,tandem,Unmethylated,Solyc02g080560.1,0.373485,1.65364,0.225856,2.41113e-08
15425,Solyc02g080560.1,tandem,Unmethylated,Solyc02g080550.1,0.373485,1.65364,0.225856,2.41113e-08
15426,Solyc02g080720.1,tandem,TE-like,Solyc02g080730.2,0.122876,0.204221,0.60168,0.0453073
15427,Solyc02g080730.2,tandem,TE-like,Solyc02g080740.2,0.0626571,0.113014,0.55442,0.0731515
15428,Solyc02g080740.2,tandem,TE-like,Solyc02g080730.2,0.0626571,0.113014,0.55442,0.0731515
15429,Solyc02g080790.3,tandem,Unmethylated,Solyc02g080800.3,0.0716289,0.436345,0.164156,3.56204e-13
15430,Solyc02g080800.3,tandem,TE-like,Solyc02g080790.3,0.0716289,0.436345,0.164156,3.56204e-13
15431,Solyc02g080850.1,tandem,Unclassified,Solyc02g080840.1,0.120956,0.676654,0.178756,1.2657e-26
15432,Solyc02g080930.2,tandem,Unclassified,Solyc02g080920.2,0.140393,0.166822,0.841573,1
15433,Solyc02g080940.3,tandem,TE-like,Solyc02g080950.2,NA,NA,NA,NA
15434,Solyc02g080950.2,tandem,TE-like,Solyc02g080940.3,NA,NA,NA,NA
15435,Solyc02g081050.3,tandem,gbM,Solyc02g081040.3,0.297661,4.38847,0.0678281,1.80548e-72
15436,Solyc02g081086.1,tandem,TE-like,Solyc02g081110.1,0.0082859,NA,NA,NA
15437,Solyc02g081110.1,tandem,TE-like,Solyc02g081086.1,0.0082859,NA,NA,NA
15438,Solyc02g081260.2,tandem,Unclassified,Solyc02g081250.2,0.231812,1.0076,0.230065,0.00019796
15439,Solyc02g081360.3,tandem,Unmethylated,Solyc02g081350.3,0.0258979,0.144673,0.179009,8.49258e-14
15440,Solyc02g081430.3,tandem,Unmethylated,Solyc02g081440.3,0.0700303,0.138567,0.50539,0.0732835
15441,Solyc02g081485.1,tandem,gbM,Solyc02g081500.3,0.0442998,0.108454,0.408466,0.00133583
15442,Solyc02g081740.2,tandem,TE-like,Solyc02g081745.1,0.031514,0.0551519,0.571403,0.0791875
15443,Solyc02g081745.1,tandem,TE-like,Solyc02g081740.2,0.031514,0.0551519,0.571403,0.0791875
15444,Solyc02g081760.2,tandem,TE-like,Solyc02g081745.1,0.0617637,0.135125,0.457085,0.00103139
15445,Solyc02g081820.3,tandem,Unclassified,Solyc02g081830.3,0.105241,0.195029,0.539615,0.0193195
15446,Solyc02g081830.3,tandem,gbM,Solyc02g081820.3,0.105241,0.195029,0.539615,0.0193195
15447,Solyc02g082520.2,tandem,Unclassified,Solyc02g082510.1,0.168195,0.647258,0.259858,3.1247e-20
15448,Solyc02g082880.2,tandem,gbM,Solyc02g082870.3,0.202963,3.0245,0.0671062,3.46235e-67
15449,Solyc02g082920.3,tandem,Unclassified,Solyc02g082930.3,0.160498,1.25694,0.127689,4.85757e-22
15450,Solyc02g082930.3,tandem,Unclassified,Solyc02g082920.3,0.160498,1.25694,0.127689,4.85757e-22
15451,Solyc02g082940.3,tandem,Unclassified,Solyc02g082950.3,0.124272,0.745194,0.166765,1.99024e-27
15452,Solyc02g082950.3,tandem,Unclassified,Solyc02g082940.3,0.124272,0.745194,0.166765,1.99024e-27
15453,Solyc02g082980.1,tandem,Unmethylated,Solyc02g082985.1,0.315064,3.20887,0.0981856,2.85595e-18
15454,Solyc02g082985.1,tandem,Unmethylated,Solyc02g082980.1,0.315064,3.20887,0.0981856,2.85595e-18
15455,Solyc02g083020.1,tandem,Unmethylated,Solyc02g083010.1,0.0473646,0.156714,0.302236,1.25013e-05
15456,Solyc02g083030.1,tandem,Unmethylated,Solyc02g083040.1,0.403102,1.85263,0.217583,5.0511e-12
15457,Solyc02g083040.1,tandem,gbM,Solyc02g083030.1,0.403102,1.85263,0.217583,5.0511e-12
15458,Solyc02g083050.1,tandem,TE-like,Solyc02g083040.1,0.0616414,0.151329,0.407332,0.000991392
15459,Solyc02g083100.2,tandem,Unclassified,Solyc02g083090.1,0.183608,0.502716,0.365233,7.01439e-05
15460,Solyc02g083190.1,tandem,Unclassified,Solyc02g083170.3,0.662612,3.98055,0.166462,2.59478e-26
15461,Solyc02g083450.3,tandem,gbM,Solyc02g083460.3,0.419898,4.32912,0.0969939,6.81677e-68
15462,Solyc02g083490.3,tandem,TE-like,Solyc02g083480.3,0.154517,1.65652,0.0932784,1.88871e-48
15463,Solyc02g083630.3,tandem,Unclassified,Solyc02g083620.3,0.411571,0.827917,0.497117,0.000183864
15464,Solyc02g083870.3,tandem,Unmethylated,Solyc02g083880.3,0.159599,1.0713,0.148976,1.74307e-06
15465,Solyc02g083880.3,tandem,Unclassified,Solyc02g083870.3,0.159599,1.0713,0.148976,1.74307e-06
15466,Solyc02g084010.1,tandem,Unmethylated,Solyc02g084005.1,NA,NA,NA,NA
15467,Solyc02g084160.2,tandem,TE-like,Solyc02g084170.2,0.309168,2.16755,0.142635,7.16923e-08
15468,Solyc02g084163.1,tandem,gbM,Solyc02g084170.2,0.178973,0.374513,0.477882,0.00752235
15469,Solyc02g084170.2,tandem,gbM,Solyc02g084160.2,0.309168,2.16755,0.142635,7.16923e-08
15470,Solyc02g084180.2,tandem,TE-like,Solyc02g084167.1,0.0454393,0.0853384,0.53246,0.168964
15471,Solyc02g084345.1,tandem,Unclassified,Solyc02g084350.3,0.00126049,NA,NA,NA
15472,Solyc02g084350.3,tandem,Unclassified,Solyc02g084345.1,0.00126049,NA,NA,NA
15473,Solyc02g084600.3,tandem,gbM,Solyc02g084610.1,0.80645,4.20306,0.191872,1.7539e-31
15474,Solyc02g084610.1,tandem,Unmethylated,Solyc02g084600.3,0.80645,4.20306,0.191872,1.7539e-31
15475,Solyc02g084790.3,tandem,Unclassified,Solyc02g084800.3,0.0111725,0.027947,0.399775,0.0497492
15476,Solyc02g084910.3,tandem,Unclassified,Solyc02g084900.2,0.397954,4.22686,0.0941489,6.08544e-79
15477,Solyc02g085005.1,tandem,Unmethylated,Solyc02g085010.1,0.14699,1.79198,0.0820263,1.81115e-13
15478,Solyc02g085010.1,tandem,Unmethylated,Solyc02g085005.1,0.14699,1.79198,0.0820263,1.81115e-13
15479,Solyc02g085120.3,tandem,Unclassified,Solyc02g085110.3,0.0219682,0.13117,0.167479,3.86859e-14
15480,Solyc02g085535.1,tandem,Unclassified,NA,NA,NA,NA,NA
15481,Solyc02g085710.3,tandem,gbM,Solyc02g085700.1,0.318854,4.11468,0.0774919,2.28521e-65
15482,Solyc02g085720.1,tandem,Unclassified,Solyc02g085710.3,0.0853217,0.260147,0.327975,1.77694e-08
15483,Solyc02g085750.3,tandem,Unclassified,Solyc02g085745.1,0.154233,0.237515,0.649361,0.0695895
15484,Solyc02g085880.2,tandem,TE-like,Solyc02g094860.2,0.0257104,0.148534,0.173095,9.37727e-13
15485,Solyc02g085990.1,tandem,Unclassified,Solyc02g085980.1,0.0336397,0.0211218,1.59265,0.708277
15486,Solyc02g086020.1,tandem,TE-like,Solyc02g086030.1,0.223489,1.09906,0.203346,0.008414
15487,Solyc02g086030.1,tandem,Unclassified,Solyc02g086020.1,0.223489,1.09906,0.203346,0.008414
15488,Solyc02g086190.2,tandem,TE-like,Solyc02g086180.3,0.0960895,0.296238,0.324366,1.77711e-06
15489,Solyc02g086280.3,tandem,Unclassified,Solyc02g086270.3,0.98635,4.37714,0.225341,5.41205e-23
15490,Solyc02g086290.1,tandem,Unmethylated,Solyc02g086280.3,0.529296,3.78585,0.139809,1.10707e-42
15491,Solyc02g086540.2,tandem,TE-like,Solyc02g086550.3,0.00587576,0.0314308,0.186943,0.00313875
15492,Solyc02g086550.3,tandem,gbM,Solyc02g086540.2,0.00587576,0.0314308,0.186943,0.00313875
15493,Solyc02g086690.3,tandem,TE-like,Solyc02g086683.1,NA,0.0207839,1.06835e-13,NA
15494,Solyc02g086730.2,tandem,Unmethylated,Solyc02g086740.1,0.0357355,0.192053,0.186071,1.68611e-07
15495,Solyc02g086740.1,tandem,Unmethylated,Solyc02g086730.2,0.0357355,0.192053,0.186071,1.68611e-07
15496,Solyc02g087060.3,tandem,gbM,Solyc02g087050.2,0.0455015,0.0762568,0.596688,0.0713039
15497,Solyc02g087070.3,tandem,Unclassified,Solyc02g087080.1,0.18286,0.208044,0.878951,0.807594
15498,Solyc02g087080.1,tandem,Unclassified,Solyc02g087090.3,0.196503,1.61261,0.121854,5.83316e-06
15499,Solyc02g087090.3,tandem,Unclassified,Solyc02g087100.1,0.07243,0.322155,0.224829,0.000408657
15500,Solyc02g087100.1,tandem,Unmethylated,Solyc02g087090.3,0.07243,0.322155,0.224829,0.000408657
15501,Solyc02g087110.3,tandem,Unclassified,Solyc02g087100.1,0.0841186,0.985757,0.085334,4.70507e-09
15502,Solyc02g087140.3,tandem,TE-like,Solyc02g087130.3,0.0470957,0.0828811,0.568232,0.0997924
15503,Solyc02g087370.1,tandem,TE-like,Solyc02g087360.3,0.0754513,0.202143,0.373258,0.000984061
15504,Solyc02g087380.1,tandem,TE-like,Solyc02g087370.1,0.0594717,0.093141,0.638513,0.37946
15505,Solyc02g087390.2,tandem,TE-like,Solyc02g087380.1,0.301435,1.34845,0.223541,3.08675e-07
15506,Solyc02g087530.1,tandem,Unclassified,Solyc02g087540.2,0.203147,0.557185,0.364596,6.76821e-11
15507,Solyc02g087540.2,tandem,Unclassified,Solyc02g087530.1,0.203147,0.557185,0.364596,6.76821e-11
15508,Solyc02g087780.3,tandem,gbM,Solyc02g087790.2,0.155469,0.594551,0.26149,1.61098e-14
15509,Solyc02g087790.2,tandem,TE-like,Solyc02g087780.3,0.155469,0.594551,0.26149,1.61098e-14
15510,Solyc02g087800.3,tandem,TE-like,Solyc02g087810.3,0.114675,0.98118,0.116875,1.48618e-23
15511,Solyc02g087810.3,tandem,TE-like,Solyc02g087800.3,0.114675,0.98118,0.116875,1.48618e-23
15512,Solyc02g088050.1,tandem,TE-like,Solyc02g088060.2,0.251475,0.250112,1.00545,0.999974
15513,Solyc02g088060.2,tandem,TE-like,Solyc02g088050.1,0.251475,0.250112,1.00545,0.999974
15514,Solyc02g088230.3,tandem,Unclassified,Solyc02g088220.3,0.146459,0.399988,0.366159,8.73839e-18
15515,Solyc02g088240.3,tandem,Unclassified,Solyc02g088230.3,0.119425,0.439312,0.271845,1.21758e-25
15516,Solyc02g088380.3,tandem,Unclassified,Solyc02g088390.3,0.729095,3.42882,0.212637,1.55321e-09
15517,Solyc02g088390.3,tandem,Unclassified,Solyc02g088380.3,0.729095,3.42882,0.212637,1.55321e-09
15518,Solyc02g088423.1,tandem,Unclassified,Solyc02g088430.1,0.0807958,0.216806,0.372664,0.0245403
15519,Solyc02g088430.1,tandem,gbM,Solyc02g088423.1,0.0807958,0.216806,0.372664,0.0245403
15520,Solyc02g088513.1,tandem,TE-like,Solyc02g088510.3,0.267319,0.470273,0.568434,0.00399527
15521,Solyc02g088770.3,tandem,TE-like,Solyc02g088780.3,0.0272182,0.0269194,1.0111,0.999566
15522,Solyc02g088780.3,tandem,TE-like,Solyc02g088770.3,0.0272182,0.0269194,1.0111,0.999566
15523,Solyc02g088850.3,tandem,gbM,Solyc02g088860.2,0.153843,0.313838,0.4902,0.000569219
15524,Solyc02g088860.2,tandem,Unclassified,Solyc02g088850.3,0.153843,0.313838,0.4902,0.000569219
15525,Solyc02g088870.1,tandem,Unclassified,Solyc02g088860.2,0.12015,0.315295,0.381071,1.53149e-05
15526,Solyc02g088880.1,tandem,Unclassified,Solyc02g088870.1,0.0144884,0.0728577,0.198859,3.48223e-05
15527,Solyc02g088956.1,tandem,TE-like,Solyc02g088958.1,0.291026,0.67133,0.433506,0.00149697
15528,Solyc02g088958.1,tandem,Unclassified,Solyc02g088956.1,0.291026,0.67133,0.433506,0.00149697
15529,Solyc02g088983.1,tandem,TE-like,Solyc02g088987.1,0.259719,0.193627,1.34134,0.208358
15530,Solyc02g088987.1,tandem,TE-like,Solyc02g088983.1,0.259719,0.193627,1.34134,0.208358
15531,Solyc02g089075.1,tandem,Unclassified,Solyc02g089080.2,NA,0.0284208,-3.90638e-14,NA
15532,Solyc02g089080.2,tandem,Unclassified,Solyc02g089075.1,NA,0.0284208,-3.90638e-14,NA
15533,Solyc02g089450.1,tandem,Unclassified,Solyc02g089460.1,0.470937,3.0698,0.15341,3.81997e-13
15534,Solyc02g089460.1,tandem,Unmethylated,Solyc02g089470.1,0.368668,1.33211,0.276755,2.83249e-05
15535,Solyc02g089470.1,tandem,Unmethylated,Solyc02g089460.1,0.368668,1.33211,0.276755,2.83249e-05
15536,Solyc02g089493.1,tandem,TE-like,Solyc02g089500.3,0.126557,0.131535,0.962154,1
15537,Solyc02g089500.3,tandem,TE-like,Solyc02g089493.1,0.126557,0.131535,0.962154,1
15538,Solyc02g089580.3,tandem,Unmethylated,Solyc02g089570.3,0.0432696,0.312456,0.138483,9.5173e-05
15539,Solyc02g089590.3,tandem,TE-like,Solyc02g089580.3,0.0598148,0.400639,0.149298,4.42851e-05
15540,Solyc02g089620.3,tandem,Unclassified,Solyc02g089630.3,0.138864,1.69865,0.0817494,1.22518e-54
15541,Solyc02g089630.3,tandem,TE-like,Solyc02g089620.3,0.138864,1.69865,0.0817494,1.22518e-54
15542,Solyc02g089680.3,tandem,Unclassified,Solyc02g089670.3,0.33593,4.1349,0.0812426,3.64945e-80
15543,Solyc02g089700.3,tandem,Unclassified,Solyc02g089710.3,0.09522,0.269333,0.353541,1.95163e-07
15544,Solyc02g089710.3,tandem,Unmethylated,Solyc02g089700.3,0.09522,0.269333,0.353541,1.95163e-07
15545,Solyc02g089730.1,tandem,Unmethylated,Solyc02g089720.2,0.301715,4.56035,0.0661605,1.83563e-85
15546,Solyc02g089790.3,tandem,gbM,Solyc02g089780.3,0.113985,0.56638,0.201252,3.44166e-07
15547,Solyc02g090267.1,tandem,gbM,Solyc02g090290.3,0.108893,0.293978,0.37041,5.96522e-06
15548,Solyc02g090300.3,tandem,Unclassified,Solyc02g090290.3,0.119935,0.638443,0.187856,6.82593e-28
15549,Solyc02g090315.1,tandem,Unclassified,Solyc02g090330.3,0.0120315,0.0159244,0.755534,0.290257
15550,Solyc02g090470.3,tandem,Unclassified,Solyc02g090450.3,0.0410329,0.133933,0.30637,2.27315e-05
15551,Solyc02g090630.3,tandem,Unclassified,Solyc02g090640.3,0.0501671,0.0903427,0.555298,0.123883
15552,Solyc02g090640.3,tandem,Unclassified,Solyc02g090630.3,0.0501671,0.0903427,0.555298,0.123883
15553,Solyc02g090800.1,tandem,Unclassified,Solyc02g090790.1,0.123174,0.25262,0.487588,0.0235011
15554,Solyc02g090920.2,tandem,TE-like,Solyc02g090930.3,0.420736,4.29071,0.0980574,1.86878e-49
15555,Solyc02g090930.3,tandem,Unclassified,Solyc02g090920.2,0.420736,4.29071,0.0980574,1.86878e-49
15556,Solyc02g090940.3,tandem,Unclassified,Solyc02g090930.3,0.100026,0.257449,0.388528,4.41609e-08
15557,Solyc02g090980.1,tandem,Unmethylated,Solyc02g090990.1,0.117504,0.559446,0.210036,4.38436e-19
15558,Solyc02g090990.1,tandem,Unmethylated,Solyc02g090980.1,0.117504,0.559446,0.210036,4.38436e-19
15559,Solyc02g091023.1,tandem,Unclassified,Solyc02g091020.2,0.25268,0.38231,0.66093,0.117341
15560,Solyc02g091080.2,tandem,gbM,Solyc02g091070.3,0.238836,1.2958,0.184316,6.45463e-37
15561,Solyc02g091220.1,tandem,gbM,Solyc02g091210.1,0.0318143,0.137135,0.231993,9.42221e-10
15562,Solyc02g091260.1,tandem,Unmethylated,Solyc02g091250.1,0.626532,1.72331,0.363564,4.55063e-05
15563,Solyc02g091525.1,tandem,gbM,Solyc02g091530.3,0.0568135,0.0656454,0.86546,0.611258
15564,Solyc02g091530.3,tandem,TE-like,Solyc02g091525.1,0.0568135,0.0656454,0.86546,0.611258
15565,Solyc02g091540.3,tandem,TE-like,Solyc02g091525.1,0.0069052,NA,NA,NA
15566,Solyc02g091737.1,tandem,TE-like,Solyc02g091760.1,0.0764404,0.0698177,1.09486,0.635455
15567,Solyc02g091760.1,tandem,Unclassified,Solyc02g091770.2,0.0981975,0.145394,0.675391,0.258373
15568,Solyc02g091770.2,tandem,TE-like,Solyc02g091760.1,0.0981975,0.145394,0.675391,0.258373
15569,Solyc02g091800.3,tandem,TE-like,Solyc02g091810.2,0.698934,3.846,0.18173,2.64321e-27
15570,Solyc02g091810.2,tandem,TE-like,Solyc02g091820.2,0.304106,2.17596,0.139757,9.70626e-21
15571,Solyc02g091820.2,tandem,TE-like,Solyc02g091810.2,0.304106,2.17596,0.139757,9.70626e-21
15572,Solyc02g092120.3,tandem,Unmethylated,Solyc02g092110.3,0.130006,0.725986,0.179075,4.87847e-06
15573,Solyc02g092145.1,tandem,Unclassified,Solyc02g092150.3,0.00216119,0.00180891,1.19475,0.560226
15574,Solyc02g092150.3,tandem,Unclassified,Solyc02g092145.1,0.00216119,0.00180891,1.19475,0.560226
15575,Solyc02g092180.1,tandem,Unclassified,Solyc02g092190.1,0.217539,0.808737,0.268986,1.66448e-07
15576,Solyc02g092215.1,tandem,Unmethylated,Solyc02g092210.1,0.321206,4.25589,0.0754732,2.29487e-67
15577,Solyc02g092680.1,tandem,Unclassified,Solyc02g092670.1,0.0884837,0.226862,0.390033,9.63347e-12
15578,Solyc02g092770.3,tandem,Unclassified,Solyc02g092760.3,0.179571,2.28473,0.078596,2.62553e-49
15579,Solyc02g093030.3,tandem,TE-like,Solyc02g093040.3,0.00937892,0.000385429,24.3337,0.191492
15580,Solyc02g093070.3,tandem,TE-like,Solyc02g093080.3,0.0874535,0.400074,0.218593,7.83826e-15
15581,Solyc02g093080.3,tandem,TE-like,Solyc02g093070.3,0.0874535,0.400074,0.218593,7.83826e-15
15582,Solyc02g093240.2,tandem,Unmethylated,Solyc02g093250.3,0.0937439,0.355659,0.263578,0.000182168
15583,Solyc02g093250.3,tandem,Unmethylated,Solyc02g093240.2,0.0937439,0.355659,0.263578,0.000182168
15584,Solyc02g093330.3,tandem,gbM,Solyc02g093335.1,0.331732,0.80508,0.412049,1.50259e-05
15585,Solyc02g093335.1,tandem,gbM,Solyc02g093330.3,0.331732,0.80508,0.412049,1.50259e-05
15586,Solyc02g093470.3,tandem,gbM,Solyc02g093480.3,0.121619,0.872477,0.139395,1.66177e-27
15587,Solyc02g093480.3,tandem,TE-like,Solyc02g093470.3,0.121619,0.872477,0.139395,1.66177e-27
15588,Solyc02g093870.3,tandem,Unclassified,Solyc02g093860.3,0.128049,0.692063,0.185026,1.11609e-27
15589,Solyc02g094220.2,tandem,Unmethylated,Solyc02g094210.1,0.355595,2.67327,0.133018,4.41232e-09
15590,Solyc02g094240.1,tandem,Unmethylated,Solyc02g094230.1,0.215756,1.49413,0.144403,1.71535e-10
15591,Solyc02g094445.1,tandem,gbM,Solyc02g094450.2,0.0595044,0.109638,0.542734,0.199899
15592,Solyc02g094450.2,tandem,Unclassified,Solyc02g094445.1,0.0595044,0.109638,0.542734,0.199899
15593,Solyc02g094860.2,tandem,TE-like,Solyc02g085880.2,0.0257104,0.148534,0.173095,9.37727e-13
15594,Solyc03g005150.3,tandem,TE-like,Solyc03g005140.2,0.144802,0.479125,0.302222,4.33411e-17
15595,Solyc03g005250.3,tandem,TE-like,Solyc03g005260.3,0.0714387,0.35753,0.199812,1.46507e-19
15596,Solyc03g005260.3,tandem,gbM,Solyc03g005250.3,0.0714387,0.35753,0.199812,1.46507e-19
15597,Solyc03g005510.2,tandem,Unclassified,Solyc03g005500.1,0.3192,3.1657,0.100831,2.39076e-23
15598,Solyc03g005533.1,tandem,TE-like,Solyc03g005550.3,0.00785456,0.00523655,1.49995,0.589956
15599,Solyc03g005550.3,tandem,TE-like,Solyc03g005533.1,0.00785456,0.00523655,1.49995,0.589956
15600,Solyc03g005770.3,tandem,Unmethylated,Solyc03g005780.3,0.0118079,0.404576,0.0291859,3.59395e-28
15601,Solyc03g005775.1,tandem,Unmethylated,Solyc03g005790.2,0.0901353,0.0377305,2.38893,0.203438
15602,Solyc03g005780.3,tandem,Unclassified,Solyc03g005770.3,0.0118079,0.404576,0.0291859,3.59395e-28
15603,Solyc03g005790.2,tandem,Unmethylated,Solyc03g005775.1,0.0901353,0.0377305,2.38893,0.203438
15604,Solyc03g006250.2,tandem,TE-like,Solyc03g006240.3,0.392417,3.93276,0.0997817,1.17135e-47
15605,Solyc03g006450.1,tandem,TE-like,Solyc03g006440.2,0.084639,0.0883237,0.958282,0.999994
15606,Solyc03g006560.3,tandem,TE-like,Solyc03g006565.1,0.357579,1.26399,0.282896,0.000487822
15607,Solyc03g006565.1,tandem,TE-like,Solyc03g006560.3,0.357579,1.26399,0.282896,0.000487822
15608,Solyc03g006713.1,tandem,Unclassified,Solyc03g006715.1,0.0843495,0.0662726,1.27277,0.596845
15609,Solyc03g006715.1,tandem,NA,Solyc03g006717.1,0.263186,0.393733,0.668439,0.0706377
15610,Solyc03g006717.1,tandem,TE-like,Solyc03g006715.1,0.263186,0.393733,0.668439,0.0706377
15611,Solyc03g006750.1,tandem,gbM,Solyc03g006760.3,0.16063,0.235322,0.682598,0.164685
15612,Solyc03g006760.3,tandem,gbM,Solyc03g006750.1,0.16063,0.235322,0.682598,0.164685
15613,Solyc03g006780.2,tandem,TE-like,Solyc03g006770.3,0.477136,4.35176,0.109642,1.2806e-51
15614,Solyc03g006930.2,tandem,Unclassified,Solyc03g006940.2,0.404283,1.86665,0.216583,8.57873e-24
15615,Solyc03g006940.2,tandem,TE-like,Solyc03g006950.2,0.0590657,0.0860438,0.686461,0.287167
15616,Solyc03g006950.2,tandem,TE-like,Solyc03g006960.3,0.273322,1.29656,0.210805,5.17036e-24
15617,Solyc03g006960.3,tandem,gbM,Solyc03g006950.2,0.273322,1.29656,0.210805,5.17036e-24
15618,Solyc03g007310.3,tandem,gbM,Solyc03g007320.3,0.0608886,0.0683965,0.890229,0.662839
15619,Solyc03g007700.1,tandem,Unmethylated,Solyc03g007710.3,0.288795,0.983886,0.293525,9.48225e-12
15620,Solyc03g007720.3,tandem,Unmethylated,Solyc03g007710.3,0.404002,3.47779,0.116166,9.55605e-10
15621,Solyc03g013270.1,tandem,TE-like,Solyc03g013304.1,0.0628034,0.0675423,0.929837,0.835427
15622,Solyc03g013304.1,tandem,TE-like,Solyc03g013270.1,0.0628034,0.0675423,0.929837,0.835427
15623,Solyc03g019630.1,tandem,Unclassified,Solyc03g019640.1,0.271959,0.615875,0.441581,0.0246123
15624,Solyc03g019640.1,tandem,TE-like,Solyc03g019630.1,0.271959,0.615875,0.441581,0.0246123
15625,Solyc03g020030.3,tandem,TE-like,Solyc03g020040.3,0.00756756,0.0604307,0.125227,0.00415952
15626,Solyc03g020040.3,tandem,TE-like,Solyc03g020050.3,0.206064,1.58386,0.130103,7.07538e-16
15627,Solyc03g020050.3,tandem,TE-like,Solyc03g020060.3,0.0975419,0.584904,0.166766,1.8659e-13
15628,Solyc03g020060.3,tandem,TE-like,Solyc03g020070.3,0.378837,1.06253,0.356542,3.57736e-05
15629,Solyc03g020070.3,tandem,TE-like,Solyc03g020060.3,0.378837,1.06253,0.356542,3.57736e-05
15630,Solyc03g025200.3,tandem,TE-like,Solyc03g025210.3,0.129816,0.399153,0.325229,5.64192e-14
15631,Solyc03g025210.3,tandem,Unclassified,Solyc03g025220.3,0.0751356,0.209872,0.358008,9.41007e-09
15632,Solyc03g025220.3,tandem,TE-like,Solyc03g025210.3,0.0751356,0.209872,0.358008,9.41007e-09
15633,Solyc03g025230.3,tandem,gbM,Solyc03g025220.3,0.181699,0.725413,0.250477,3.35777e-25
15634,Solyc03g025370.3,tandem,gbM,Solyc03g025410.3,0.192735,3.98076,0.0484168,1.62401e-58
15635,Solyc03g025390.3,tandem,gbM,Solyc03g025400.3,0.123342,0.566724,0.21764,1.11074e-13
15636,Solyc03g025400.3,tandem,TE-like,Solyc03g025390.3,0.123342,0.566724,0.21764,1.11074e-13
15637,Solyc03g025410.3,tandem,gbM,Solyc03g025370.3,0.192735,3.98076,0.0484168,1.62401e-58
15638,Solyc03g025670.3,tandem,TE-like,Solyc03g025680.3,0.0223786,0.0885887,0.252612,0.00278559
15639,Solyc03g025680.3,tandem,Unclassified,Solyc03g025670.3,0.0223786,0.0885887,0.252612,0.00278559
15640,Solyc03g025780.3,tandem,TE-like,Solyc03g025770.3,0.310683,4.28092,0.0725738,4.34867e-61
15641,Solyc03g025795.1,tandem,Unmethylated,Solyc03g025800.3,NA,NA,NA,NA
15642,Solyc03g025800.3,tandem,Unmethylated,Solyc03g025795.1,NA,NA,NA,NA
15643,Solyc03g025933.1,tandem,Unclassified,Solyc03g025930.3,0.298214,0.853039,0.349591,0.00946091
15644,Solyc03g026140.3,tandem,Unclassified,Solyc03g026130.3,0.073856,0.191884,0.384899,7.52775e-08
15645,Solyc03g026270.3,tandem,TE-like,Solyc03g026280.3,0.195682,0.724546,0.270075,1.23646e-09
15646,Solyc03g026300.3,tandem,gbM,Solyc03g026290.3,0.0357669,0.126335,0.28311,3.23987e-06
15647,Solyc03g026360.1,tandem,Unclassified,Solyc03g026370.1,0.298104,3.08822,0.0965294,7.00065e-16
15648,Solyc03g026370.1,tandem,Unclassified,Solyc03g026360.1,0.298104,3.08822,0.0965294,7.00065e-16
15649,Solyc03g026400.2,tandem,TE-like,Solyc03g026410.2,0.132911,0.125458,1.05941,0.821591
15650,Solyc03g026410.2,tandem,TE-like,Solyc03g026413.1,0.108343,0.224468,0.482664,0.118945
15651,Solyc03g026413.1,tandem,TE-like,Solyc03g026410.2,0.108343,0.224468,0.482664,0.118945
15652,Solyc03g031430.1,tandem,gbM,Solyc03g031440.3,0.0178979,0.0304597,0.587595,0.403864
15653,Solyc03g031480.3,tandem,Unclassified,Solyc03g031490.3,0.18488,0.74829,0.24707,0.00137015
15654,Solyc03g031490.3,tandem,TE-like,Solyc03g031480.3,0.18488,0.74829,0.24707,0.00137015
15655,Solyc03g031500.1,tandem,TE-like,Solyc03g031510.3,0.24033,0.242345,0.991684,0.99942
15656,Solyc03g031510.3,tandem,TE-like,Solyc03g031500.1,0.24033,0.242345,0.991684,0.99942
15657,Solyc03g031520.3,tandem,TE-like,Solyc03g031510.3,0.153857,0.605142,0.254249,0.0459914
15658,Solyc03g031540.2,tandem,TE-like,Solyc03g031535.1,0.234865,0.316565,0.741916,0.372833
15659,Solyc03g031740.2,tandem,TE-like,Solyc03g031720.3,0.0470635,0.0852394,0.552133,0.0490629
15660,Solyc03g031810.3,tandem,TE-like,Solyc03g031820.3,NA,NA,NA,NA
15661,Solyc03g031820.3,tandem,TE-like,Solyc03g031810.3,NA,NA,NA,NA
15662,Solyc03g031910.3,tandem,gbM,Solyc03g031900.2,0.169815,0.646926,0.262496,1.39636e-38
15663,Solyc03g032020.3,tandem,Unclassified,Solyc03g032010.3,0.0095432,0.0392431,0.243182,0.00016151
15664,Solyc03g032120.3,tandem,TE-like,Solyc03g032110.2,0.038546,0.133432,0.288881,0.000338106
15665,Solyc03g033290.1,tandem,TE-like,Solyc03g033280.1,0.125856,0.295819,0.425447,0.068578
15666,Solyc03g033470.3,tandem,TE-like,Solyc03g033480.3,0.0216422,0.0870645,0.248576,0.000246566
15667,Solyc03g033480.3,tandem,TE-like,Solyc03g033470.3,0.0216422,0.0870645,0.248576,0.000246566
15668,Solyc03g033695.1,tandem,TE-like,Solyc03g033690.2,0.197835,0.620136,0.319019,0.00229816
15669,Solyc03g033710.3,tandem,TE-like,Solyc03g033700.1,0.196756,0.630801,0.311914,8.25694e-05
15670,Solyc03g033790.3,tandem,TE-like,Solyc03g033770.1,0.384698,0.373271,1.03062,0.453036
15671,Solyc03g033817.1,tandem,TE-like,Solyc03g033820.1,0.140766,0.261337,0.538637,0.0484282
15672,Solyc03g033835.1,tandem,TE-like,Solyc03g033840.3,0.517765,0.755644,0.685196,0.146585
15673,Solyc03g033880.1,tandem,TE-like,Solyc03g033890.1,0.060011,0.0473632,1.26704,0.792984
15674,Solyc03g033890.1,tandem,TE-like,Solyc03g033900.1,0.0589827,0.0798807,0.738385,0.601503
15675,Solyc03g033900.1,tandem,TE-like,Solyc03g033905.1,0.0200555,NA,NA,NA
15676,Solyc03g033905.1,tandem,TE-like,Solyc03g033940.1,0.00668045,0.0296474,0.22533,0.312509
15677,Solyc03g033940.1,tandem,TE-like,Solyc03g033905.1,0.00668045,0.0296474,0.22533,0.312509
15678,Solyc03g034020.3,tandem,gbM,Solyc03g034010.3,0.11706,0.235851,0.496331,0.00386987
15679,Solyc03g034110.3,tandem,TE-like,Solyc03g034120.3,0.106234,0.440475,0.241182,0.000315338
15680,Solyc03g034130.3,tandem,TE-like,Solyc03g034120.3,0.137976,0.357877,0.38554,0.000111538
15681,Solyc03g034263.1,tandem,TE-like,Solyc03g034267.1,0.120323,0.183276,0.656512,0.430855
15682,Solyc03g034267.1,tandem,Unclassified,Solyc03g034263.1,0.120323,0.183276,0.656512,0.430855
15683,Solyc03g034390.1,tandem,TE-like,Solyc03g034380.1,0.361811,0.748365,0.483469,0.0221643
15684,Solyc03g034440.2,tandem,gbM,Solyc03g034430.1,0.0179083,0.126734,0.141306,2.41727e-11
15685,Solyc03g036470.2,tandem,TE-like,Solyc03g036480.2,0.0528817,0.0498014,1.06185,0.987526
15686,Solyc03g036480.2,tandem,NA,Solyc03g036470.2,0.0528817,0.0498014,1.06185,0.987526
15687,Solyc03g042528.1,tandem,TE-like,Solyc03g036460.2,0.0969589,0.1342,0.722496,0.218818
15688,Solyc03g043573.1,tandem,NA,Solyc03g043577.1,0.0320416,0.0160188,2.00025,0.560996
15689,Solyc03g043577.1,tandem,Unclassified,Solyc03g043573.1,0.0320416,0.0160188,2.00025,0.560996
15690,Solyc03g043715.1,tandem,Unmethylated,Solyc03g043720.3,NA,NA,NA,NA
15691,Solyc03g043720.3,tandem,Unmethylated,Solyc03g043715.1,NA,NA,NA,NA
15692,Solyc03g043810.1,tandem,TE-like,Solyc03g043820.1,0.269717,0.642911,0.419525,0.00110874
15693,Solyc03g043820.1,tandem,TE-like,Solyc03g043830.1,0.151939,0.236376,0.642787,0.325537
15694,Solyc03g043830.1,tandem,TE-like,Solyc03g043820.1,0.151939,0.236376,0.642787,0.325537
15695,Solyc03g043840.2,tandem,TE-like,Solyc03g043830.1,0.0309183,0.00957959,3.22752,0.131073
15696,Solyc03g043855.1,tandem,Unclassified,Solyc03g043860.2,NA,NA,NA,NA
15697,Solyc03g043860.2,tandem,Unclassified,Solyc03g043855.1,NA,NA,NA,NA
15698,Solyc03g044022.1,tandem,TE-like,Solyc03g044030.1,0.352442,0.604038,0.583477,0.0623762
15699,Solyc03g044030.1,tandem,TE-like,Solyc03g044022.1,0.352442,0.604038,0.583477,0.0623762
15700,Solyc03g044097.1,tandem,TE-like,Solyc03g044100.3,NA,NA,NA,NA
15701,Solyc03g044240.2,tandem,TE-like,Solyc03g044230.1,0.210844,0.4197,0.502369,0.00736752
15702,Solyc03g044273.1,tandem,TE-like,Solyc03g044277.1,0.0484318,0.222656,0.217518,0.000982199
15703,Solyc03g044277.1,tandem,TE-like,Solyc03g044273.1,0.0484318,0.222656,0.217518,0.000982199
15704,Solyc03g044800.2,tandem,Unclassified,Solyc03g044790.3,0.0986993,0.258481,0.381844,0.0164571
15705,Solyc03g044960.2,tandem,TE-like,Solyc03g044950.2,0.181328,0.477248,0.379945,1.26066e-07
15706,Solyc03g045140.3,tandem,TE-like,Solyc03g045150.1,0.151467,0.119368,1.26891,0.667216
15707,Solyc03g045150.1,tandem,Unmethylated,Solyc03g045140.3,0.151467,0.119368,1.26891,0.667216
15708,Solyc03g046205.1,tandem,TE-like,Solyc03g046230.1,0.124193,0.192109,0.64647,0.162581
15709,Solyc03g046230.1,tandem,TE-like,Solyc03g046205.1,0.124193,0.192109,0.64647,0.162581
15710,Solyc03g046310.1,tandem,TE-like,Solyc03g046300.2,0.121076,0.205263,0.589856,0.252898
15711,Solyc03g046365.1,tandem,TE-like,Solyc03g046370.2,0.0600149,0.0773625,0.775762,0.735523
15712,Solyc03g046420.1,tandem,TE-like,Solyc03g046430.1,0.154664,0.127191,1.216,0.6232
15713,Solyc03g046430.1,tandem,TE-like,Solyc03g046420.1,0.154664,0.127191,1.216,0.6232
15714,Solyc03g051640.2,tandem,TE-like,Solyc03g051650.1,0.105252,0.105642,0.996303,0.725575
15715,Solyc03g051650.1,tandem,TE-like,Solyc03g051640.2,0.105252,0.105642,0.996303,0.725575
15716,Solyc03g051930.3,tandem,TE-like,Solyc03g051950.3,0.105779,0.107787,0.981372,1
15717,Solyc03g051950.3,tandem,TE-like,Solyc03g051930.3,0.105779,0.107787,0.981372,1
15718,Solyc03g058243.1,tandem,TE-like,Solyc03g058250.1,0.359179,0.72551,0.495071,0.018839
15719,Solyc03g058250.1,tandem,TE-like,Solyc03g058243.1,0.359179,0.72551,0.495071,0.018839
15720,Solyc03g058930.3,tandem,gbM,Solyc03g058940.3,0.1703,0.705405,0.241422,1.31854e-05
15721,Solyc03g058940.3,tandem,Unclassified,Solyc03g058930.3,0.1703,0.705405,0.241422,1.31854e-05
15722,Solyc03g059140.3,tandem,TE-like,Solyc03g059150.3,0.00963805,0.0842015,0.114464,0.0576112
15723,Solyc03g059150.3,tandem,TE-like,Solyc03g059160.2,0.0325268,0.0341502,0.952462,0.804848
15724,Solyc03g059160.2,tandem,gbM,Solyc03g059150.3,0.0325268,0.0341502,0.952462,0.804848
15725,Solyc03g059435.1,tandem,TE-like,Solyc03g059460.1,0.113302,0.272069,0.416443,0.00131351
15726,Solyc03g059460.1,tandem,TE-like,Solyc03g059435.1,0.113302,0.272069,0.416443,0.00131351
15727,Solyc03g062710.3,tandem,gbM,Solyc03g062720.3,0.732091,3.98525,0.1837,1.06983e-33
15728,Solyc03g062720.3,tandem,Unclassified,Solyc03g062710.3,0.732091,3.98525,0.1837,1.06983e-33
15729,Solyc03g063053.1,tandem,TE-like,Solyc03g063060.3,0.326013,0.584115,0.558131,0.0295325
15730,Solyc03g063057.1,tandem,TE-like,Solyc03g063060.3,0.0308425,0.0289347,1.06593,0.723631
15731,Solyc03g063060.3,tandem,TE-like,Solyc03g063057.1,0.0308425,0.0289347,1.06593,0.723631
15732,Solyc03g063300.1,tandem,TE-like,Solyc03g063310.1,0.133883,0.15111,0.885998,0.838683
15733,Solyc03g063310.1,tandem,TE-like,Solyc03g063300.1,0.133883,0.15111,0.885998,0.838683
15734,Solyc03g063370.3,tandem,Unclassified,Solyc03g063380.2,0.0361625,0.0508928,0.710564,0.639134
15735,Solyc03g063380.2,tandem,gbM,Solyc03g063370.3,0.0361625,0.0508928,0.710564,0.639134
15736,Solyc03g063495.1,tandem,TE-like,Solyc03g063500.1,0.274844,0.649883,0.422913,0.00118823
15737,Solyc03g063500.1,tandem,TE-like,Solyc03g063495.1,0.274844,0.649883,0.422913,0.00118823
15738,Solyc03g063805.1,tandem,TE-like,Solyc03g063810.1,0.221028,0.26824,0.823994,0.589563
15739,Solyc03g063810.1,tandem,TE-like,Solyc03g063805.1,0.221028,0.26824,0.823994,0.589563
15740,Solyc03g064043.1,tandem,TE-like,Solyc03g064047.1,0.116505,0.235945,0.493781,0.0970724
15741,Solyc03g064047.1,tandem,TE-like,Solyc03g064043.1,0.116505,0.235945,0.493781,0.0970724
15742,Solyc03g070450.1,tandem,Unclassified,Solyc03g070440.3,0.42151,1.62821,0.25888,1.70863e-10
15743,Solyc03g070457.1,tandem,gbM,Solyc03g070470.1,NA,0.00215802,-5.14465e-13,NA
15744,Solyc03g070470.1,tandem,TE-like,Solyc03g070457.1,NA,0.00215802,-5.14465e-13,NA
15745,Solyc03g077925.1,tandem,TE-like,Solyc03g077930.3,0.310527,0.436878,0.710787,0.675624
15746,Solyc03g077930.3,tandem,TE-like,Solyc03g077925.1,0.310527,0.436878,0.710787,0.675624
15747,Solyc03g078090.3,tandem,Unclassified,Solyc03g078100.3,0.239806,1.8993,0.12626,1.22618e-47
15748,Solyc03g078100.3,tandem,Unclassified,Solyc03g078090.3,0.239806,1.8993,0.12626,1.22618e-47
15749,Solyc03g078360.1,tandem,Unclassified,Solyc03g078370.1,0.496608,2.55551,0.194328,9.41831e-51
15750,Solyc03g078370.1,tandem,gbM,Solyc03g078360.1,0.496608,2.55551,0.194328,9.41831e-51
15751,Solyc03g078470.3,tandem,gbM,Solyc03g078480.2,0.235298,0.352707,0.66712,0.24749
15752,Solyc03g078480.2,tandem,gbM,Solyc03g078470.3,0.235298,0.352707,0.66712,0.24749
15753,Solyc03g078490.3,tandem,Unclassified,Solyc03g078500.3,0.293175,4.29659,0.0682344,7.71023e-65
15754,Solyc03g078500.3,tandem,TE-like,Solyc03g078490.3,0.293175,4.29659,0.0682344,7.71023e-65
15755,Solyc03g078730.2,tandem,Unclassified,Solyc03g078770.3,0.0347587,0.122328,0.284144,0.00606329
15756,Solyc03g078770.3,tandem,Unclassified,Solyc03g078730.2,0.0347587,0.122328,0.284144,0.00606329
15757,Solyc03g078813.1,tandem,TE-like,Solyc03g078820.2,0.197575,0.292145,0.676292,0.205047
15758,Solyc03g078820.2,tandem,TE-like,Solyc03g078813.1,0.197575,0.292145,0.676292,0.205047
15759,Solyc03g078830.1,tandem,Unclassified,Solyc03g078840.1,0.198655,0.463895,0.428233,0.0427516
15760,Solyc03g078840.1,tandem,Unclassified,Solyc03g078830.1,0.198655,0.463895,0.428233,0.0427516
15761,Solyc03g079980.2,tandem,Unclassified,Solyc03g080000.1,0.130876,0.813452,0.16089,1.80442e-14
15762,Solyc03g080000.1,tandem,Unclassified,Solyc03g079980.2,0.130876,0.813452,0.16089,1.80442e-14
15763,Solyc03g081270.2,tandem,Unclassified,Solyc03g081260.3,0.0036404,0.0176803,0.205901,0.0897427
15764,Solyc03g082395.1,tandem,TE-like,Solyc03g082400.3,0.0832095,0.354442,0.234762,2.11162e-14
15765,Solyc03g082400.3,tandem,TE-like,Solyc03g082395.1,0.0832095,0.354442,0.234762,2.11162e-14
15766,Solyc03g082520.1,tandem,Unmethylated,Solyc03g082510.1,0.266917,1.62178,0.164583,3.3748e-12
15767,Solyc03g082530.1,tandem,Unmethylated,Solyc03g082520.1,0.26248,0.966741,0.27151,1.09556e-05
15768,Solyc03g082670.3,tandem,Unclassified,Solyc03g082680.3,0.19069,0.814378,0.234154,1.19002e-09
15769,Solyc03g082680.3,tandem,gbM,Solyc03g082670.3,0.19069,0.814378,0.234154,1.19002e-09
15770,Solyc03g082710.3,tandem,TE-like,Solyc03g082700.3,0.0195622,0.0514459,0.380247,0.0551125
15771,Solyc03g082750.1,tandem,Unclassified,Solyc03g082760.1,0.367364,0.523596,0.701617,0.148733
15772,Solyc03g082760.1,tandem,Unmethylated,Solyc03g082750.1,0.367364,0.523596,0.701617,0.148733
15773,Solyc03g083180.1,tandem,TE-like,Solyc03g083170.3,0.295283,0.373595,0.790383,0.429986
15774,Solyc03g083213.1,tandem,TE-like,Solyc03g083230.1,0.0371232,0.0324871,1.14271,0.979076
15775,Solyc03g083230.1,tandem,TE-like,Solyc03g083213.1,0.0371232,0.0324871,1.14271,0.979076
15776,Solyc03g083500.3,tandem,gbM,Solyc03g083490.3,0.348468,1.36549,0.255196,2.02061e-15
15777,Solyc03g083665.1,tandem,TE-like,Solyc03g083670.2,0.341952,0.61884,0.55257,0.023732
15778,Solyc03g083670.2,tandem,TE-like,Solyc03g083665.1,0.341952,0.61884,0.55257,0.023732
15779,Solyc03g083710.1,tandem,Unclassified,Solyc03g083720.1,0.615243,3.11113,0.197755,2.6728e-11
15780,Solyc03g083730.1,tandem,Unclassified,Solyc03g083770.1,0.100626,0.461318,0.218128,1.68766e-10
15781,Solyc03g083770.1,tandem,Unclassified,Solyc03g083730.1,0.100626,0.461318,0.218128,1.68766e-10
15782,Solyc03g090990.1,tandem,TE-like,Solyc03g091000.1,0.040855,0.0699811,0.583801,0.360249
15783,Solyc03g091010.1,tandem,TE-like,Solyc03g091020.1,0.00413565,0.0501327,0.082494,0.0158014
15784,Solyc03g091020.1,tandem,Unclassified,Solyc03g091010.1,0.00413565,0.0501327,0.082494,0.0158014
15785,Solyc03g091030.1,tandem,NA,Solyc03g091020.1,0.0400755,0.0575659,0.696167,0.512381
15786,Solyc03g093050.1,tandem,TE-like,Solyc03g093060.1,0.0320468,0.0421192,0.76086,0.435504
15787,Solyc03g093070.1,tandem,TE-like,Solyc03g093060.1,0.0422767,0.024811,1.70395,0.709829
15788,Solyc03g093080.3,tandem,Unmethylated,Solyc03g093110.3,0.0133527,0.0806256,0.165614,5.58237e-05
15789,Solyc03g093110.3,tandem,Unmethylated,Solyc03g093080.3,0.0133527,0.0806256,0.165614,5.58237e-05
15790,Solyc03g093120.4,tandem,Unmethylated,Solyc03g093130.3,0.0100114,0.0414187,0.241712,0.00428144
15791,Solyc03g093130.3,tandem,Unmethylated,Solyc03g093120.4,0.0100114,0.0414187,0.241712,0.00428144
15792,Solyc03g093270.3,tandem,TE-like,Solyc03g093280.2,0.065354,0.673582,0.0970247,2.51771e-28
15793,Solyc03g093280.2,tandem,Unclassified,Solyc03g093290.2,0.00873431,0.0884588,0.0987387,6.01328e-07
15794,Solyc03g093290.2,tandem,Unclassified,Solyc03g093280.2,0.00873431,0.0884588,0.0987387,6.01328e-07
15795,Solyc03g093400.2,tandem,TE-like,Solyc03g093410.3,0.18685,1.5795,0.118297,5.83888e-73
15796,Solyc03g093410.3,tandem,gbM,Solyc03g093400.2,0.18685,1.5795,0.118297,5.83888e-73
15797,Solyc03g093550.1,tandem,Unmethylated,Solyc03g093560.1,0.057428,0.22677,0.253243,1.20547e-06
15798,Solyc03g093560.1,tandem,Unmethylated,Solyc03g093550.1,0.057428,0.22677,0.253243,1.20547e-06
15799,Solyc03g093700.2,tandem,TE-like,Solyc03g093710.1,0.0845456,0.200037,0.42265,4.73245e-09
15800,Solyc03g093710.1,tandem,TE-like,Solyc03g093715.1,0.145892,0.14345,1.01703,0.863788
15801,Solyc03g093715.1,tandem,TE-like,Solyc03g093710.1,0.145892,0.14345,1.01703,0.863788
15802,Solyc03g093770.1,tandem,TE-like,Solyc03g093760.1,0.352998,1.00879,0.349921,5.80049e-12
15803,Solyc03g093940.2,tandem,TE-like,Solyc03g093930.3,0.26823,1.72427,0.155561,1.01307e-19
15804,Solyc03g094110.3,tandem,Unclassified,Solyc03g094120.3,0.232944,2.12411,0.109666,1.30981e-44
15805,Solyc03g094120.3,tandem,Unclassified,Solyc03g094110.3,0.232944,2.12411,0.109666,1.30981e-44
15806,Solyc03g094130.1,tandem,TE-like,Solyc03g094140.1,0.10266,0.1939,0.529449,0.0684859
15807,Solyc03g094140.1,tandem,TE-like,Solyc03g094130.1,0.10266,0.1939,0.529449,0.0684859
15808,Solyc03g095313.1,tandem,TE-like,Solyc03g095350.2,0.165152,0.444617,0.371448,0.00239949
15809,Solyc03g095315.1,tandem,TE-like,Solyc03g095317.1,0.191728,0.481634,0.398077,0.0627835
15810,Solyc03g095317.1,tandem,TE-like,Solyc03g095315.1,0.191728,0.481634,0.398077,0.0627835
15811,Solyc03g095350.2,tandem,Unmethylated,Solyc03g095313.1,0.165152,0.444617,0.371448,0.00239949
15812,Solyc03g095360.3,tandem,TE-like,Solyc03g095317.1,0.279058,0.64825,0.43048,0.0042412
15813,Solyc03g095900.3,tandem,gbM,Solyc03g095910.2,0.191527,0.548811,0.348985,0.000404809
15814,Solyc03g095910.2,tandem,TE-like,Solyc03g095900.3,0.191527,0.548811,0.348985,0.000404809
15815,Solyc03g096097.1,tandem,TE-like,Solyc03g096110.2,0.0492513,NA,NA,NA
15816,Solyc03g096110.2,tandem,TE-like,Solyc03g096097.1,0.0492513,NA,NA,NA
15817,Solyc03g096160.2,tandem,NA,Solyc03g096150.2,0.0120489,0.0491153,0.245318,0.180406
15818,Solyc03g096250.3,tandem,TE-like,Solyc03g096260.2,0.0342012,0.0884046,0.386871,0.0625612
15819,Solyc03g096260.2,tandem,TE-like,Solyc03g096250.3,0.0342012,0.0884046,0.386871,0.0625612
15820,Solyc03g096380.3,tandem,gbM,Solyc03g096390.3,0.220746,1.26895,0.17396,6.78359e-32
15821,Solyc03g096390.3,tandem,gbM,Solyc03g096380.3,0.220746,1.26895,0.17396,6.78359e-32
15822,Solyc03g096410.1,tandem,Unmethylated,Solyc03g096420.1,0.0365864,0.0714418,0.512115,0.429574
15823,Solyc03g096420.1,tandem,Unmethylated,Solyc03g096410.1,0.0365864,0.0714418,0.512115,0.429574
15824,Solyc03g096550.3,tandem,Unclassified,Solyc03g096540.3,0.229812,1.41689,0.162195,1.2661e-13
15825,Solyc03g096770.1,tandem,Unmethylated,Solyc03g096760.1,0.161684,0.960141,0.168397,3.98952e-09
15826,Solyc03g096780.1,tandem,Unmethylated,Solyc03g096770.1,0.0866254,0.622998,0.139046,6.4221e-11
15827,Solyc03g096965.1,tandem,Unclassified,Solyc03g096980.1,0.134286,0.524842,0.255859,2.93853e-18
15828,Solyc03g096980.1,tandem,Unmethylated,Solyc03g096965.1,0.134286,0.524842,0.255859,2.93853e-18
15829,Solyc03g096990.3,tandem,Unclassified,Solyc03g096980.1,0.108714,0.395157,0.275116,1.45236e-14
15830,Solyc03g097330.1,tandem,Unclassified,Solyc03g097320.3,0.286568,0.456535,0.627701,0.0658973
15831,Solyc03g097560.3,tandem,Unclassified,Solyc03g097580.3,0.306625,1.69574,0.180821,4.23532e-20
15832,Solyc03g097570.3,tandem,TE-like,Solyc03g097580.3,0.144663,0.663619,0.217992,3.30998e-15
15833,Solyc03g097580.3,tandem,Unclassified,Solyc03g097570.3,0.144663,0.663619,0.217992,3.30998e-15
15834,Solyc03g097585.1,tandem,Unclassified,Solyc03g097590.3,0.0478823,0.146672,0.326459,0.000115119
15835,Solyc03g097600.3,tandem,gbM,Solyc03g097610.3,0.149917,0.750372,0.199791,2.41895e-15
15836,Solyc03g097610.3,tandem,Unclassified,Solyc03g097620.1,0.371699,3.87042,0.0960359,3.45924e-30
15837,Solyc03g097620.1,tandem,Unmethylated,Solyc03g097610.3,0.371699,3.87042,0.0960359,3.45924e-30
15838,Solyc03g097730.2,tandem,Unclassified,Solyc03g097720.3,0.363183,2.68454,0.135287,2.95192e-11
15839,Solyc03g097882.1,tandem,TE-like,Solyc03g097884.1,0.0701545,0.0905079,0.77512,0.640379
15840,Solyc03g097884.1,tandem,TE-like,Solyc03g097882.1,0.0701545,0.0905079,0.77512,0.640379
15841,Solyc03g098090.2,tandem,Unclassified,Solyc03g098080.1,0.292046,1.06276,0.274799,0.000622283
15842,Solyc03g098190.3,tandem,Unclassified,Solyc03g098200.3,NA,NA,NA,NA
15843,Solyc03g098200.3,tandem,Unclassified,Solyc03g098190.3,NA,NA,NA,NA
15844,Solyc03g098300.1,tandem,Unclassified,Solyc03g098310.1,0.0565764,0.265161,0.213366,1.48497e-13
15845,Solyc03g098310.1,tandem,Unclassified,Solyc03g098300.1,0.0565764,0.265161,0.213366,1.48497e-13
15846,Solyc03g098380.1,tandem,TE-like,Solyc03g098390.1,0.0442558,0.059774,0.740385,0.519442
15847,Solyc03g098390.1,tandem,TE-like,Solyc03g098380.1,0.0442558,0.059774,0.740385,0.519442
15848,Solyc03g098480.1,tandem,Unclassified,Solyc03g098490.1,0.224339,0.897039,0.250088,4.53564e-12
15849,Solyc03g098490.1,tandem,Unclassified,Solyc03g098480.1,0.224339,0.897039,0.250088,4.53564e-12
15850,Solyc03g098520.1,tandem,TE-like,Solyc03g098530.1,0.208328,0.194835,1.06925,0.767039
15851,Solyc03g098530.1,tandem,Unclassified,Solyc03g098540.2,0.184139,0.23368,0.787995,0.310141
15852,Solyc03g098540.2,tandem,Unclassified,Solyc03g098560.2,0.0575339,0.0788332,0.729819,0.435393
15853,Solyc03g098560.2,tandem,Unmethylated,Solyc03g098540.2,0.0575339,0.0788332,0.729819,0.435393
15854,Solyc03g098570.1,tandem,TE-like,Solyc03g098580.1,0.0156658,0.0166374,0.941603,0.449134
15855,Solyc03g098580.1,tandem,gbM,Solyc03g098570.1,0.0156658,0.0166374,0.941603,0.449134
15856,Solyc03g098730.1,tandem,Unclassified,Solyc03g098740.1,0.682692,3.62949,0.188096,7.13247e-19
15857,Solyc03g098790.3,tandem,Unmethylated,Solyc03g098780.2,0.215619,0.326906,0.659573,0.0845851
15858,Solyc03g110840.2,tandem,TE-like,Solyc03g110850.1,0.209896,0.607474,0.345523,0.000742464
15859,Solyc03g111010.3,tandem,Unclassified,Solyc03g111000.3,0.278286,0.427549,0.650886,0.126677
15860,Solyc03g111055.1,tandem,Unclassified,Solyc03g111060.3,0.187494,0.326142,0.574885,0.133787
15861,Solyc03g111120.3,tandem,TE-like,Solyc03g111130.1,0.0545196,0.217099,0.251128,2.52156e-15
15862,Solyc03g111130.1,tandem,gbM,Solyc03g111140.3,0.0139239,0.12996,0.107139,4.14769e-18
15863,Solyc03g111140.3,tandem,gbM,Solyc03g111130.1,0.0139239,0.12996,0.107139,4.14769e-18
15864,Solyc03g111280.1,tandem,Unclassified,Solyc03g111290.1,0.0242573,0.115521,0.209982,1.25094e-09
15865,Solyc03g111290.1,tandem,Unclassified,Solyc03g111300.1,0.0288076,0.212774,0.135391,1.38928e-20
15866,Solyc03g111300.1,tandem,gbM,Solyc03g111290.1,0.0288076,0.212774,0.135391,1.38928e-20
15867,Solyc03g111385.1,tandem,TE-like,Solyc03g111390.3,0.0175583,0.0550034,0.319222,0.0140471
15868,Solyc03g111390.3,tandem,TE-like,Solyc03g111385.1,0.0175583,0.0550034,0.319222,0.0140471
15869,Solyc03g111420.2,tandem,TE-like,Solyc03g111430.2,0.480658,0.673441,0.713735,0.238984
15870,Solyc03g111430.2,tandem,TE-like,Solyc03g111420.2,0.480658,0.673441,0.713735,0.238984
15871,Solyc03g111470.2,tandem,TE-like,Solyc03g111460.2,0.0742668,0.0560068,1.32603,0.633276
15872,Solyc03g111520.2,tandem,Unmethylated,Solyc03g111530.3,0.277191,0.298055,0.93,0.870689
15873,Solyc03g111530.3,tandem,Unclassified,Solyc03g111540.2,0.374606,3.29992,0.11352,6.99437e-18
15874,Solyc03g111540.2,tandem,TE-like,Solyc03g111530.3,0.374606,3.29992,0.11352,6.99437e-18
15875,Solyc03g111580.3,tandem,gbM,Solyc03g111590.3,0.108258,0.240974,0.449253,6.85925e-06
15876,Solyc03g111590.3,tandem,gbM,Solyc03g111580.3,0.108258,0.240974,0.449253,6.85925e-06
15877,Solyc03g111630.3,tandem,TE-like,Solyc03g111640.3,0.0656752,0.444398,0.147785,4.22258e-43
15878,Solyc03g111640.3,tandem,gbM,Solyc03g111630.3,0.0656752,0.444398,0.147785,4.22258e-43
15879,Solyc03g111740.3,tandem,gbM,Solyc03g111750.2,0.1229,0.334102,0.367852,0.00173724
15880,Solyc03g111750.2,tandem,Unmethylated,Solyc03g111740.3,0.1229,0.334102,0.367852,0.00173724
15881,Solyc03g111820.3,tandem,Unclassified,Solyc03g111797.1,0.0521833,0.0865302,0.603065,0.00860454
15882,Solyc03g111883.1,tandem,TE-like,Solyc03g111887.1,0.219955,1.05089,0.209303,7.56524e-07
15883,Solyc03g111887.1,tandem,TE-like,Solyc03g111883.1,0.219955,1.05089,0.209303,7.56524e-07
15884,Solyc03g111920.2,tandem,Unclassified,Solyc03g111930.3,0.0925498,0.210164,0.44037,3.711e-06
15885,Solyc03g111930.3,tandem,TE-like,Solyc03g111935.1,0.0934745,0.207084,0.451383,7.65439e-06
15886,Solyc03g111950.3,tandem,Unclassified,Solyc03g111970.3,0.264162,0.732881,0.360443,0.00104898
15887,Solyc03g111970.3,tandem,TE-like,Solyc03g111973.1,0.211636,0.40712,0.519836,0.0517982
15888,Solyc03g111973.1,tandem,TE-like,Solyc03g111975.1,0.295849,0.544088,0.543752,0.0309298
15889,Solyc03g111975.1,tandem,Unclassified,Solyc03g111973.1,0.295849,0.544088,0.543752,0.0309298
15890,Solyc03g111995.1,tandem,gbM,Solyc03g112010.3,0.206693,0.321463,0.642977,0.084361
15891,Solyc03g112030.2,tandem,Unclassified,Solyc03g112040.1,0.032351,0.124979,0.258852,1.29206e-09
15892,Solyc03g112040.1,tandem,Unclassified,Solyc03g112030.2,0.032351,0.124979,0.258852,1.29206e-09
15893,Solyc03g112210.1,tandem,Unmethylated,Solyc03g112220.1,0.222851,0.915441,0.243436,0.000144386
15894,Solyc03g112220.1,tandem,Unclassified,Solyc03g112210.1,0.222851,0.915441,0.243436,0.000144386
15895,Solyc03g112250.1,tandem,Unclassified,Solyc03g112260.2,0.14325,0.561411,0.255161,1.91491e-18
15896,Solyc03g112260.2,tandem,gbM,Solyc03g112250.1,0.14325,0.561411,0.255161,1.91491e-18
15897,Solyc03g112297.1,tandem,Unmethylated,Solyc03g112300.3,0.114343,0.265609,0.430494,0.0691733
15898,Solyc03g112960.1,tandem,Unmethylated,Solyc03g112970.1,0.210973,0.288926,0.7302,0.155242
15899,Solyc03g112970.1,tandem,Unclassified,Solyc03g112960.1,0.210973,0.288926,0.7302,0.155242
15900,Solyc03g113170.2,tandem,Unclassified,Solyc03g113180.3,0.15585,0.405367,0.384466,2.19138e-05
15901,Solyc03g113180.3,tandem,Unmethylated,Solyc03g113170.2,0.15585,0.405367,0.384466,2.19138e-05
15902,Solyc03g113330.3,tandem,gbM,Solyc03g113340.3,0.326111,1.71174,0.190514,7.3383e-51
15903,Solyc03g113340.3,tandem,Unclassified,Solyc03g113330.3,0.326111,1.71174,0.190514,7.3383e-51
15904,Solyc03g113430.3,tandem,gbM,Solyc03g113440.3,0.533398,4.47082,0.119307,3.00269e-51
15905,Solyc03g113440.3,tandem,gbM,Solyc03g113430.3,0.533398,4.47082,0.119307,3.00269e-51
15906,Solyc03g113570.1,tandem,Unclassified,Solyc03g113580.1,0.0780999,0.309497,0.252345,8.38373e-08
15907,Solyc03g113580.1,tandem,Unclassified,Solyc03g113570.1,0.0780999,0.309497,0.252345,8.38373e-08
15908,Solyc03g113770.3,tandem,gbM,Solyc03g113780.3,0.219239,2.3052,0.0951062,3.03799e-41
15909,Solyc03g113780.3,tandem,TE-like,Solyc03g113770.3,0.219239,2.3052,0.0951062,3.03799e-41
15910,Solyc03g113950.3,tandem,Unmethylated,Solyc03g113940.3,0.314996,1.58763,0.198406,3.60289e-08
15911,Solyc03g113960.3,tandem,Unclassified,Solyc03g113970.3,0.156715,0.258007,0.607405,0.0106288
15912,Solyc03g113970.3,tandem,Unclassified,Solyc03g113960.3,0.156715,0.258007,0.607405,0.0106288
15913,Solyc03g113980.3,tandem,Unclassified,Solyc03g113970.3,0.0624076,0.12112,0.515254,0.00303611
15914,Solyc03g114165.1,tandem,Unmethylated,Solyc03g114170.3,0.400063,0.372896,1.07285,0.70839
15915,Solyc03g114230.2,tandem,Unmethylated,Solyc03g114235.1,0.186571,0.746403,0.24996,1.97896e-06
15916,Solyc03g114235.1,tandem,Unclassified,Solyc03g114230.2,0.186571,0.746403,0.24996,1.97896e-06
15917,Solyc03g114540.2,tandem,Unclassified,Solyc03g114550.2,0.108503,0.271828,0.399159,1.6244e-05
15918,Solyc03g114550.2,tandem,TE-like,Solyc03g114560.2,0.0956401,0.36235,0.263944,3.79145e-10
15919,Solyc03g114560.2,tandem,gbM,Solyc03g114550.2,0.0956401,0.36235,0.263944,3.79145e-10
15920,Solyc03g115075.1,tandem,gbM,Solyc03g115080.2,0.0846187,0.105483,0.802205,0.609983
15921,Solyc03g115080.2,tandem,gbM,Solyc03g115075.1,0.0846187,0.105483,0.802205,0.609983
15922,Solyc03g115163.1,tandem,Unclassified,Solyc03g115170.1,0.411769,0.968641,0.4251,0.0194919
15923,Solyc03g115170.1,tandem,Unmethylated,Solyc03g115163.1,0.411769,0.968641,0.4251,0.0194919
15924,Solyc03g115200.3,tandem,Unclassified,Solyc03g115220.3,0.267019,1.01239,0.263751,1.40342e-07
15925,Solyc03g115310.1,tandem,Unclassified,Solyc03g115320.2,0.0934772,0.294405,0.317512,4.77408e-06
15926,Solyc03g115320.2,tandem,Unclassified,Solyc03g115310.1,0.0934772,0.294405,0.317512,4.77408e-06
15927,Solyc03g116120.2,tandem,Unclassified,Solyc03g116130.2,0.308576,1.53789,0.200649,1.00254e-19
15928,Solyc03g116130.2,tandem,TE-like,Solyc03g116120.2,0.308576,1.53789,0.200649,1.00254e-19
15929,Solyc03g116270.3,tandem,Unclassified,Solyc03g116260.3,0.151693,0.333219,0.455234,4.78517e-05
15930,Solyc03g116280.3,tandem,Unmethylated,Solyc03g116290.2,0.40882,3.20504,0.127555,5.03222e-28
15931,Solyc03g116290.2,tandem,Unclassified,Solyc03g116280.3,0.40882,3.20504,0.127555,5.03222e-28
15932,Solyc03g116400.3,tandem,Unclassified,Solyc03g116410.2,0.378936,0.671695,0.564148,0.038668
15933,Solyc03g116410.2,tandem,Unclassified,Solyc03g116420.1,0.445491,0.478613,0.930796,0.738015
15934,Solyc03g116420.1,tandem,Unclassified,Solyc03g116410.2,0.445491,0.478613,0.930796,0.738015
15935,Solyc03g116510.1,tandem,Unmethylated,Solyc03g116520.1,0.0842313,0.404861,0.20805,7.00404e-05
15936,Solyc03g116520.1,tandem,Unmethylated,Solyc03g116510.1,0.0842313,0.404861,0.20805,7.00404e-05
15937,Solyc03g116590.3,tandem,Unmethylated,Solyc03g116580.3,0.00461971,0.00618715,0.746663,0.595288
15938,Solyc03g116700.3,tandem,Unclassified,Solyc03g116690.3,0.171664,0.542511,0.316425,1.40873e-07
15939,Solyc03g116790.3,tandem,TE-like,Solyc03g116780.3,0.0514484,0.0982864,0.523454,0.054592
15940,Solyc03g116950.2,tandem,TE-like,Solyc03g116940.2,0.271944,0.455217,0.597394,0.02181
15941,Solyc03g117380.3,tandem,Unmethylated,Solyc03g117390.2,0.443148,0.492452,0.899882,0.719165
15942,Solyc03g117390.2,tandem,Unmethylated,Solyc03g117380.3,0.443148,0.492452,0.899882,0.719165
15943,Solyc03g117450.1,tandem,Unclassified,Solyc03g117460.1,0.0156413,0.0908436,0.172179,0.00046714
15944,Solyc03g117460.1,tandem,Unclassified,Solyc03g117450.1,0.0156413,0.0908436,0.172179,0.00046714
15945,Solyc03g117470.3,tandem,TE-like,Solyc03g117480.3,0.0544674,0.0656463,0.829711,0.598813
15946,Solyc03g117620.3,tandem,Unclassified,Solyc03g117630.1,0.432287,0.815863,0.529852,0.0622217
15947,Solyc03g117920.1,tandem,gbM,Solyc03g117930.3,0.347278,0.491522,0.706535,0.175551
15948,Solyc03g118010.3,tandem,gbM,Solyc03g118020.3,0.0213843,0.204623,0.104506,9.30501e-42
15949,Solyc03g118020.3,tandem,TE-like,Solyc03g118010.3,0.0213843,0.204623,0.104506,9.30501e-42
15950,Solyc03g118050.3,tandem,Unclassified,Solyc03g118060.3,0.46629,1.62265,0.287363,5.2911e-09
15951,Solyc03g118060.3,tandem,TE-like,Solyc03g118050.3,0.46629,1.62265,0.287363,5.2911e-09
15952,Solyc03g118175.1,tandem,TE-like,Solyc03g118180.3,0.310874,0.932181,0.333491,0.0210032
15953,Solyc03g118180.3,tandem,TE-like,Solyc03g118175.1,0.310874,0.932181,0.333491,0.0210032
15954,Solyc03g118220.2,tandem,TE-like,Solyc03g118210.3,0.054673,0.132823,0.411623,0.0366092
15955,Solyc03g118480.3,tandem,Unclassified,Solyc03g118490.3,0.190555,0.498812,0.382018,7.33484e-06
15956,Solyc03g118490.3,tandem,Unclassified,Solyc03g118480.3,0.190555,0.498812,0.382018,7.33484e-06
15957,Solyc03g118550.3,tandem,gbM,Solyc03g118560.1,0.0935658,0.287335,0.325633,0.000351753
15958,Solyc03g118560.1,tandem,Unmethylated,Solyc03g118550.3,0.0935658,0.287335,0.325633,0.000351753
15959,Solyc03g118720.3,tandem,Unclassified,Solyc03g118710.3,0.0574683,0.374284,0.153542,3.24908e-09
15960,Solyc03g118930.2,tandem,gbM,Solyc03g118940.3,0.374155,4.07162,0.0918933,2.88056e-41
15961,Solyc03g118940.3,tandem,TE-like,Solyc03g118930.2,0.374155,4.07162,0.0918933,2.88056e-41
15962,Solyc03g118943.1,tandem,Unclassified,Solyc03g118950.2,0.0343641,0.0771585,0.445371,0.043036
15963,Solyc03g118950.2,tandem,Unclassified,Solyc03g118943.1,0.0343641,0.0771585,0.445371,0.043036
15964,Solyc03g118960.2,tandem,Unclassified,Solyc03g118970.3,0.133661,0.44513,0.300275,3.37085e-07
15965,Solyc03g119140.3,tandem,TE-like,Solyc03g119150.3,0.0932705,0.222708,0.418801,0.000347499
15966,Solyc03g119150.3,tandem,Unmethylated,Solyc03g119140.3,0.0932705,0.222708,0.418801,0.000347499
15967,Solyc03g119590.1,tandem,Unmethylated,Solyc03g119600.1,0.265868,0.948339,0.280352,0.000112907
15968,Solyc03g119600.1,tandem,Unmethylated,Solyc03g119590.1,0.265868,0.948339,0.280352,0.000112907
15969,Solyc03g120000.3,tandem,TE-like,Solyc03g120010.3,0.0641782,0.0757531,0.847203,0.443718
15970,Solyc03g120010.3,tandem,TE-like,Solyc03g120000.3,0.0641782,0.0757531,0.847203,0.443718
15971,Solyc03g120160.1,tandem,Unmethylated,Solyc03g120175.1,0.308918,0.978742,0.315627,0.00469705
15972,Solyc03g120270.3,tandem,TE-like,Solyc03g120260.3,0.24007,2.36332,0.101582,3.14466e-41
15973,Solyc03g120330.1,tandem,Unmethylated,Solyc03g120320.1,0.37845,3.58683,0.105511,8.62362e-38
15974,Solyc03g120560.3,tandem,gbM,Solyc03g120570.3,0.0500751,0.146286,0.34231,1.35169e-06
15975,Solyc03g120570.3,tandem,gbM,Solyc03g120560.3,0.0500751,0.146286,0.34231,1.35169e-06
15976,Solyc03g120670.3,tandem,Unclassified,Solyc03g120680.3,0.230464,1.59781,0.144237,1.01939e-32
15977,Solyc03g120680.3,tandem,Unclassified,Solyc03g120670.3,0.230464,1.59781,0.144237,1.01939e-32
15978,Solyc03g120830.3,tandem,gbM,Solyc03g120820.3,0.00677626,NA,NA,0.254216
15979,Solyc03g120955.1,tandem,Unclassified,Solyc03g120960.1,0.201557,0.353168,0.570711,0.0682477
15980,Solyc03g120960.1,tandem,Unclassified,Solyc03g120955.1,0.201557,0.353168,0.570711,0.0682477
15981,Solyc03g121010.3,tandem,TE-like,Solyc03g121020.3,0.0341093,0.0539673,0.632036,0.108642
15982,Solyc03g121020.3,tandem,TE-like,Solyc03g121010.3,0.0341093,0.0539673,0.632036,0.108642
15983,Solyc03g121130.3,tandem,gbM,Solyc03g121140.3,0.002197,0.022117,0.0993353,0.0380701
15984,Solyc03g121170.3,tandem,Unclassified,Solyc03g121180.3,0.0142156,0.0406016,0.350125,0.00960926
15985,Solyc03g121180.3,tandem,Unclassified,Solyc03g121170.3,0.0142156,0.0406016,0.350125,0.00960926
15986,Solyc03g121430.2,tandem,Unclassified,Solyc03g121420.3,0.14032,0.694272,0.202111,2.76828e-06
15987,Solyc03g122130.3,tandem,gbM,Solyc03g122140.3,0.0880267,0.360107,0.244446,1.66431e-14
15988,Solyc03g122140.3,tandem,gbM,Solyc03g122130.3,0.0880267,0.360107,0.244446,1.66431e-14
15989,Solyc03g122150.3,tandem,Unclassified,Solyc03g122140.3,0.216075,0.497853,0.434015,0.00277877
15990,Solyc03g122155.1,tandem,Unmethylated,Solyc03g122170.3,0.157063,0.925764,0.169657,6.99222e-07
15991,Solyc03g122170.3,tandem,gbM,Solyc03g122155.1,0.157063,0.925764,0.169657,6.99222e-07
15992,Solyc03g122330.1,tandem,Unclassified,Solyc03g122320.1,0.29508,0.284793,1.03612,0.883971
15993,Solyc03g122350.3,tandem,Unclassified,Solyc03g122360.3,0.0297233,0.199616,0.148902,3.46799e-18
15994,Solyc03g122360.3,tandem,Unclassified,Solyc03g122350.3,0.0297233,0.199616,0.148902,3.46799e-18
15995,Solyc03g123610.3,tandem,TE-like,Solyc03g123600.3,0.0548887,0.288109,0.190514,9.15094e-18
15996,Solyc03g123620.4,tandem,Unclassified,Solyc03g123630.3,0.549545,3.42007,0.160683,2.93395e-37
15997,Solyc03g123630.3,tandem,Unclassified,Solyc03g123620.4,0.549545,3.42007,0.160683,2.93395e-37
15998,Solyc03g124110.2,tandem,TE-like,Solyc03g026280.3,0.0846859,0.224241,0.377656,0.000212715
15999,Solyc04g005020.3,tandem,gbM,Solyc04g005030.3,0.284688,0.974096,0.292258,2.61595e-15
16000,Solyc04g005030.3,tandem,gbM,Solyc04g005020.3,0.284688,0.974096,0.292258,2.61595e-15
16001,Solyc04g005040.1,tandem,Unclassified,Solyc04g005050.1,0.134855,0.667521,0.202023,4.00138e-21
16002,Solyc04g005050.1,tandem,Unmethylated,Solyc04g005040.1,0.134855,0.667521,0.202023,4.00138e-21
16003,Solyc04g005205.1,tandem,TE-like,Solyc04g005210.2,0.364928,0.540171,0.675579,0.00146494
16004,Solyc04g005210.2,tandem,TE-like,Solyc04g005205.1,0.364928,0.540171,0.675579,0.00146494
16005,Solyc04g005240.2,tandem,Unclassified,Solyc04g005250.3,0.156088,0.59164,0.263823,8.27296e-05
16006,Solyc04g005250.3,tandem,TE-like,Solyc04g005240.2,0.156088,0.59164,0.263823,8.27296e-05
16007,Solyc04g005360.1,tandem,TE-like,Solyc04g005370.2,0.0614579,0.201496,0.305008,9.8174e-10
16008,Solyc04g005370.2,tandem,Unclassified,Solyc04g005360.1,0.0614579,0.201496,0.305008,9.8174e-10
16009,Solyc04g005540.3,tandem,TE-like,Solyc04g005550.2,0.15293,0.283599,0.539248,2.14734e-09
16010,Solyc04g005550.2,tandem,TE-like,Solyc04g005540.3,0.15293,0.283599,0.539248,2.14734e-09
16011,Solyc04g005900.3,tandem,TE-like,Solyc04g005890.2,0.666712,4.21885,0.158032,1.70879e-24
16012,Solyc04g006983.1,tandem,NA,Solyc04g006987.1,0.420601,0.312268,1.34692,0.369128
16013,Solyc04g006987.1,tandem,TE-like,Solyc04g006983.1,0.420601,0.312268,1.34692,0.369128
16014,Solyc04g007070.3,tandem,TE-like,Solyc04g007060.3,0.188162,0.539077,0.349045,9.34154e-22
16015,Solyc04g007075.1,tandem,TE-like,Solyc04g007090.1,0.0739886,0.0637609,1.16041,0.65362
16016,Solyc04g007090.1,tandem,TE-like,Solyc04g007075.1,0.0739886,0.0637609,1.16041,0.65362
16017,Solyc04g007190.3,tandem,TE-like,Solyc04g007200.3,0.159562,0.512269,0.311481,3.69007e-07
16018,Solyc04g007200.3,tandem,TE-like,Solyc04g007190.3,0.159562,0.512269,0.311481,3.69007e-07
16019,Solyc04g007350.3,tandem,Unclassified,Solyc04g007340.3,0.222468,0.9292,0.239419,8.3622e-15
16020,Solyc04g007420.3,tandem,TE-like,Solyc04g007430.2,0.119459,0.30759,0.388369,0.000487973
16021,Solyc04g007430.2,tandem,TE-like,Solyc04g007420.3,0.119459,0.30759,0.388369,0.000487973
16022,Solyc04g007760.3,tandem,TE-like,Solyc04g007750.3,0.106985,0.625483,0.171043,1.57149e-07
16023,Solyc04g007763.1,tandem,Unclassified,Solyc04g007760.3,0.21374,0.844788,0.253011,2.8524e-06
16024,Solyc04g007767.1,tandem,Unmethylated,Solyc04g007770.3,0.669181,1.25711,0.532316,0.0303616
16025,Solyc04g007770.3,tandem,TE-like,Solyc04g007767.1,0.669181,1.25711,0.532316,0.0303616
16026,Solyc04g007780.3,tandem,Unclassified,Solyc04g007790.3,0.0967365,0.291425,0.331944,0.000293204
16027,Solyc04g007790.3,tandem,TE-like,Solyc04g007780.3,0.0967365,0.291425,0.331944,0.000293204
16028,Solyc04g007825.1,tandem,TE-like,Solyc04g007830.3,NA,NA,NA,NA
16029,Solyc04g007940.3,tandem,TE-like,Solyc04g007945.1,0.191865,1.25813,0.1525,4.48013e-13
16030,Solyc04g007945.1,tandem,TE-like,Solyc04g007940.3,0.191865,1.25813,0.1525,4.48013e-13
16031,Solyc04g007970.3,tandem,TE-like,Solyc04g007960.3,0.06228,0.0712519,0.874082,0.637955
16032,Solyc04g008010.3,tandem,TE-like,Solyc04g008000.3,NA,NA,NA,NA
16033,Solyc04g008020.3,tandem,TE-like,Solyc04g008010.3,0.0786079,0.13518,0.581505,0.0226351
16034,Solyc04g008120.2,tandem,TE-like,Solyc04g008140.2,0.0559826,0.0523276,1.06985,0.699624
16035,Solyc04g008130.2,tandem,TE-like,Solyc04g008140.2,0.09943,0.149512,0.665029,0.00270483
16036,Solyc04g008140.2,tandem,TE-like,Solyc04g008130.2,0.09943,0.149512,0.665029,0.00270483
16037,Solyc04g008250.1,tandem,TE-like,Solyc04g008260.3,0.280179,3.66062,0.0765386,2.24268e-42
16038,Solyc04g008260.3,tandem,TE-like,Solyc04g008250.1,0.280179,3.66062,0.0765386,2.24268e-42
16039,Solyc04g008320.2,tandem,TE-like,Solyc04g008330.1,0.169396,0.192375,0.880551,0.844652
16040,Solyc04g008385.1,tandem,TE-like,Solyc04g008390.2,0.0160051,0.0518891,0.308449,3.25517e-05
16041,Solyc04g008670.2,tandem,TE-like,Solyc04g008680.3,0.130056,0.254089,0.511853,0.00218575
16042,Solyc04g008680.3,tandem,TE-like,Solyc04g008670.2,0.130056,0.254089,0.511853,0.00218575
16043,Solyc04g008880.3,tandem,TE-like,Solyc04g008890.3,0.0151313,3.82043e-06,3960.62,0.536482
16044,Solyc04g008890.3,tandem,TE-like,Solyc04g008880.3,0.0151313,3.82043e-06,3960.62,0.536482
16045,Solyc04g008900.3,tandem,TE-like,Solyc04g008910.2,0.202576,0.346237,0.58508,0.00667681
16046,Solyc04g008910.2,tandem,TE-like,Solyc04g008915.1,0.241253,0.4333,0.55678,0.00161694
16047,Solyc04g008915.1,tandem,TE-like,Solyc04g008920.1,0.276682,0.411028,0.673145,0.118477
16048,Solyc04g008920.1,tandem,TE-like,Solyc04g008915.1,0.276682,0.411028,0.673145,0.118477
16049,Solyc04g008930.2,tandem,TE-like,Solyc04g008940.3,0.0588659,0.294202,0.200087,1.3414e-08
16050,Solyc04g008940.3,tandem,TE-like,Solyc04g008950.3,0.0476347,0.160702,0.296416,3.67806e-05
16051,Solyc04g008950.3,tandem,TE-like,Solyc04g008940.3,0.0476347,0.160702,0.296416,3.67806e-05
16052,Solyc04g008960.3,tandem,TE-like,Solyc04g008950.3,0.12959,0.310587,0.417244,0.000166847
16053,Solyc04g008970.3,tandem,gbM,Solyc04g008960.3,0.110217,0.43915,0.250979,1.83413e-08
16054,Solyc04g009110.1,tandem,TE-like,Solyc04g009120.2,0.131985,0.24728,0.533748,2.80047e-06
16055,Solyc04g009120.2,tandem,TE-like,Solyc04g009130.3,0.130214,0.299675,0.434517,2.50993e-10
16056,Solyc04g009435.1,tandem,gbM,Solyc04g009440.3,0.096004,0.111345,0.862221,0.58219
16057,Solyc04g009440.3,tandem,gbM,Solyc04g009435.1,0.096004,0.111345,0.862221,0.58219
16058,Solyc04g009475.1,tandem,TE-like,Solyc04g009490.1,0.225073,0.472775,0.476067,0.00538395
16059,Solyc04g009490.1,tandem,TE-like,Solyc04g009475.1,0.225073,0.472775,0.476067,0.00538395
16060,Solyc04g009510.3,tandem,TE-like,Solyc04g009520.3,0.032209,0.0847432,0.380078,0.0391561
16061,Solyc04g009520.3,tandem,Unclassified,Solyc04g009510.3,0.032209,0.0847432,0.380078,0.0391561
16062,Solyc04g009850.3,tandem,TE-like,Solyc04g009860.3,0.107962,0.266136,0.405664,6.92884e-06
16063,Solyc04g009860.3,tandem,TE-like,Solyc04g009850.3,0.107962,0.266136,0.405664,6.92884e-06
16064,Solyc04g009910.3,tandem,Unmethylated,Solyc04g009900.3,0.0146775,0.106851,0.137364,6.38593e-07
16065,Solyc04g010010.2,tandem,TE-like,Solyc04g010020.3,0.212301,0.45445,0.46716,0.000150157
16066,Solyc04g010020.3,tandem,TE-like,Solyc04g010010.2,0.212301,0.45445,0.46716,0.000150157
16067,Solyc04g010060.2,tandem,TE-like,Solyc04g010055.1,NA,NA,NA,NA
16068,Solyc04g010180.3,tandem,TE-like,Solyc04g010155.1,0.212229,0.398769,0.53221,1.24711e-05
16069,Solyc04g010210.1,tandem,Unclassified,Solyc04g010200.1,0.0659479,0.230287,0.286373,7.66003e-17
16070,Solyc04g011480.3,tandem,Unmethylated,Solyc04g011490.3,0.0214193,0.0698763,0.306531,0.0511626
16071,Solyc04g011490.3,tandem,Unclassified,Solyc04g011480.3,0.0214193,0.0698763,0.306531,0.0511626
16072,Solyc04g011680.2,tandem,TE-like,Solyc04g011690.3,0.245075,2.84932,0.0860119,1.21612e-60
16073,Solyc04g011690.3,tandem,TE-like,Solyc04g011680.2,0.245075,2.84932,0.0860119,1.21612e-60
16074,Solyc04g011720.3,tandem,TE-like,Solyc04g011730.3,0.133149,0.757571,0.175757,4.95801e-27
16075,Solyc04g011730.3,tandem,TE-like,Solyc04g011720.3,0.133149,0.757571,0.175757,4.95801e-27
16076,Solyc04g011810.1,tandem,Unclassified,Solyc04g011820.1,0.05748,0.178644,0.321757,0.0109032
16077,Solyc04g011820.1,tandem,Unclassified,Solyc04g011810.1,0.05748,0.178644,0.321757,0.0109032
16078,Solyc04g011840.1,tandem,Unclassified,Solyc04g011850.1,0.0274944,0.133389,0.206121,0.00245533
16079,Solyc04g011850.1,tandem,TE-like,Solyc04g011840.1,0.0274944,0.133389,0.206121,0.00245533
16080,Solyc04g011860.1,tandem,Unclassified,Solyc04g011870.1,0.0229275,0.171209,0.133915,0.000164592
16081,Solyc04g011870.1,tandem,Unclassified,Solyc04g011880.1,0.141093,1.07332,0.131456,5.71557e-11
16082,Solyc04g011880.1,tandem,TE-like,Solyc04g011870.1,0.141093,1.07332,0.131456,5.71557e-11
16083,Solyc04g011920.2,tandem,TE-like,Solyc04g011925.1,0.196318,0.877501,0.223723,4.66275e-17
16084,Solyc04g011925.1,tandem,TE-like,Solyc04g011920.2,0.196318,0.877501,0.223723,4.66275e-17
16085,Solyc04g011940.2,tandem,TE-like,Solyc04g011925.1,0.262585,2.28735,0.114799,7.51202e-31
16086,Solyc04g011960.2,tandem,TE-like,Solyc04g011980.1,0.0409012,0.0825568,0.495431,0.000810567
16087,Solyc04g011980.1,tandem,TE-like,Solyc04g011990.2,0.12265,0.273801,0.447952,8.09914e-10
16088,Solyc04g011990.2,tandem,TE-like,Solyc04g011980.1,0.12265,0.273801,0.447952,8.09914e-10
16089,Solyc04g012000.1,tandem,TE-like,Solyc04g012010.3,0.17738,0.412602,0.429907,0.00249837
16090,Solyc04g012010.3,tandem,TE-like,Solyc04g012000.1,0.17738,0.412602,0.429907,0.00249837
16091,Solyc04g012090.2,tandem,TE-like,Solyc04g012100.2,0.215008,0.461664,0.465724,1.24838e-14
16092,Solyc04g012100.2,tandem,TE-like,Solyc04g012110.2,0.164034,0.422931,0.387851,3.10507e-11
16093,Solyc04g012110.2,tandem,gbM,Solyc04g012100.2,0.164034,0.422931,0.387851,3.10507e-11
16094,Solyc04g014410.3,tandem,TE-like,Solyc04g014400.3,0.0081757,0.0349475,0.233942,0.00926236
16095,Solyc04g014710.3,tandem,Unclassified,Solyc04g014700.3,0.0599553,0.105676,0.56735,0.127897
16096,Solyc04g014775.1,tandem,TE-like,Solyc04g014780.1,0.440918,0.792303,0.556502,0.116939
16097,Solyc04g014790.1,tandem,Unclassified,Solyc04g014780.1,0.211366,0.759903,0.278148,1.46312e-05
16098,Solyc04g014857.1,tandem,TE-like,Solyc04g014860.1,NA,NA,NA,NA
16099,Solyc04g014860.1,tandem,TE-like,Solyc04g014857.1,NA,NA,NA,NA
16100,Solyc04g014885.1,tandem,TE-like,Solyc04g014900.3,0.043884,0.243876,0.179944,4.0262e-06
16101,Solyc04g014900.3,tandem,TE-like,Solyc04g014885.1,0.043884,0.243876,0.179944,4.0262e-06
16102,Solyc04g014940.2,tandem,Unmethylated,Solyc04g014950.3,0.00946441,0.107595,0.0879633,0.0118938
16103,Solyc04g014950.3,tandem,Unclassified,Solyc04g014940.2,0.00946441,0.107595,0.0879633,0.0118938
16104,Solyc04g015050.3,tandem,gbM,Solyc04g015060.2,0.0247661,0.0375943,0.658773,0.370234
16105,Solyc04g015380.1,tandem,Unclassified,Solyc04g015390.2,0.0705962,0.066584,1.06026,0.789269
16106,Solyc04g015390.2,tandem,gbM,Solyc04g015400.3,0.0804455,0.131948,0.609676,0.0339209
16107,Solyc04g015400.3,tandem,TE-like,Solyc04g015390.2,0.0804455,0.131948,0.609676,0.0339209
16108,Solyc04g015430.3,tandem,Unclassified,Solyc04g015400.3,0.0843935,0.228203,0.369817,0.0106096
16109,Solyc04g015610.3,tandem,TE-like,Solyc04g015620.3,0.0816475,0.404939,0.201629,5.20617e-18
16110,Solyc04g015620.3,tandem,gbM,Solyc04g015610.3,0.0816475,0.404939,0.201629,5.20617e-18
16111,Solyc04g015680.3,tandem,TE-like,Solyc04g015690.3,0.199804,1.74249,0.114665,5.1672e-89
16112,Solyc04g015690.3,tandem,TE-like,Solyc04g015680.3,0.199804,1.74249,0.114665,5.1672e-89
16113,Solyc04g015780.1,tandem,TE-like,Solyc04g015790.1,0.168692,0.380289,0.443589,0.0105349
16114,Solyc04g015790.1,tandem,TE-like,Solyc04g015780.1,0.168692,0.380289,0.443589,0.0105349
16115,Solyc04g016150.2,tandem,TE-like,Solyc04g016130.3,0.325467,0.783702,0.415294,0.000226608
16116,Solyc04g016220.3,tandem,TE-like,Solyc04g016210.3,0.179459,0.688474,0.260663,1.16698e-19
16117,Solyc04g016230.3,tandem,gbM,Solyc04g016220.3,0.225235,1.24242,0.181288,3.73901e-20
16118,Solyc04g016550.3,tandem,TE-like,Solyc04g016560.2,0.022684,0.358058,0.0633529,0.00190267
16119,Solyc04g016560.2,tandem,TE-like,Solyc04g016550.3,0.022684,0.358058,0.0633529,0.00190267
16120,Solyc04g017850.1,tandem,TE-like,Solyc04g017840.1,0.0388362,0.0135425,2.86772,0.418203
16121,Solyc04g017890.2,tandem,TE-like,Solyc04g017880.1,0.271964,0.442329,0.614846,0.0458236
16122,Solyc04g024330.2,tandem,TE-like,Solyc04g024340.3,0.587374,1.62342,0.361813,0.000947479
16123,Solyc04g024340.3,tandem,TE-like,Solyc04g024330.2,0.587374,1.62342,0.361813,0.000947479
16124,Solyc04g024800.1,tandem,Unclassified,Solyc04g024810.1,0.0356863,0.0202691,1.76062,0.841625
16125,Solyc04g024810.1,tandem,NA,Solyc04g024800.1,0.0356863,0.0202691,1.76062,0.841625
16126,Solyc04g024990.2,tandem,TE-like,Solyc04g025000.2,0.0505846,0.16448,0.307542,0.000669563
16127,Solyc04g025000.2,tandem,TE-like,Solyc04g024990.2,0.0505846,0.16448,0.307542,0.000669563
16128,Solyc04g025060.1,tandem,TE-like,Solyc04g025067.1,0.417806,0.264361,1.58044,0.0824731
16129,Solyc04g025067.1,tandem,TE-like,Solyc04g025060.1,0.417806,0.264361,1.58044,0.0824731
16130,Solyc04g025070.1,tandem,TE-like,Solyc04g025080.1,0.0385744,0.140151,0.275236,0.0128967
16131,Solyc04g025080.1,tandem,Unclassified,Solyc04g025090.1,0.0370854,0.0880713,0.421083,0.0741034
16132,Solyc04g025090.1,tandem,TE-like,Solyc04g025080.1,0.0370854,0.0880713,0.421083,0.0741034
16133,Solyc04g025460.2,tandem,TE-like,Solyc04g025477.1,0.360131,0.586457,0.614079,0.135915
16134,Solyc04g025477.1,tandem,TE-like,Solyc04g025460.2,0.360131,0.586457,0.614079,0.135915
16135,Solyc04g025480.2,tandem,TE-like,Solyc04g025490.1,0.0376421,0.0597436,0.630061,0.291762
16136,Solyc04g025490.1,tandem,TE-like,Solyc04g025480.2,0.0376421,0.0597436,0.630061,0.291762
16137,Solyc04g028380.1,tandem,TE-like,Solyc04g028390.1,0.10983,0.261803,0.419515,0.0154635
16138,Solyc04g028390.1,tandem,TE-like,Solyc04g028380.1,0.10983,0.261803,0.419515,0.0154635
16139,Solyc04g028400.2,tandem,TE-like,Solyc04g028410.1,0.0461201,0.150776,0.305885,0.0173139
16140,Solyc04g028410.1,tandem,TE-like,Solyc04g028400.2,0.0461201,0.150776,0.305885,0.0173139
16141,Solyc04g028560.3,tandem,TE-like,Solyc04g028570.1,0.184707,0.46788,0.394775,4.01872e-08
16142,Solyc04g028570.1,tandem,TE-like,Solyc04g028580.2,0.151157,0.36328,0.416088,0.0190245
16143,Solyc04g028580.2,tandem,TE-like,Solyc04g028570.1,0.151157,0.36328,0.416088,0.0190245
16144,Solyc04g039770.2,tandem,TE-like,Solyc04g039780.1,0.153114,0.298517,0.512916,0.117887
16145,Solyc04g039780.1,tandem,TE-like,Solyc04g039770.2,0.153114,0.298517,0.512916,0.117887
16146,Solyc04g040000.2,tandem,Unclassified,Solyc04g039990.3,0.177189,0.840713,0.210761,3.17363e-06
16147,Solyc04g040050.1,tandem,TE-like,Solyc04g040095.1,0.198421,0.65596,0.302489,5.78787e-05
16148,Solyc04g040120.1,tandem,TE-like,Solyc04g040130.1,0.0405268,0.183404,0.22097,3.34135e-09
16149,Solyc04g040130.1,tandem,TE-like,Solyc04g040120.1,0.0405268,0.183404,0.22097,3.34135e-09
16150,Solyc04g045410.2,tandem,TE-like,Solyc04g045420.1,0.0693928,0.22752,0.304997,0.0119155
16151,Solyc04g045420.1,tandem,TE-like,Solyc04g045410.2,0.0693928,0.22752,0.304997,0.0119155
16152,Solyc04g050150.3,tandem,TE-like,Solyc04g050160.3,0.0233783,0.153517,0.152285,3.49163e-09
16153,Solyc04g050160.3,tandem,TE-like,Solyc04g050150.3,0.0233783,0.153517,0.152285,3.49163e-09
16154,Solyc04g050305.1,tandem,TE-like,Solyc04g050310.3,0.0434669,0.115626,0.375927,0.021591
16155,Solyc04g050310.3,tandem,Unclassified,Solyc04g050305.1,0.0434669,0.115626,0.375927,0.021591
16156,Solyc04g050390.2,tandem,TE-like,Solyc04g050400.1,0.207773,0.207051,1.00349,0.871675
16157,Solyc04g050621.1,tandem,TE-like,Solyc04g050622.1,0.206011,1.51861,0.135657,7.21611e-13
16158,Solyc04g050622.1,tandem,TE-like,Solyc04g050621.1,0.206011,1.51861,0.135657,7.21611e-13
16159,Solyc04g050770.2,tandem,gbM,Solyc04g050780.2,0.116646,0.24922,0.468043,2.05395e-05
16160,Solyc04g050775.1,tandem,Unclassified,Solyc04g050780.2,0.0677494,0.128831,0.525876,0.21395
16161,Solyc04g050780.2,tandem,gbM,Solyc04g050775.1,0.0677494,0.128831,0.525876,0.21395
16162,Solyc04g050840.1,tandem,TE-like,Solyc04g050850.2,0.0115024,0.0137179,0.838497,0.638837
16163,Solyc04g050850.2,tandem,TE-like,Solyc04g050840.1,0.0115024,0.0137179,0.838497,0.638837
16164,Solyc04g050935.1,tandem,NA,Solyc04g050940.2,0.386879,3.30557,0.117038,1.01397e-25
16165,Solyc04g050940.2,tandem,TE-like,Solyc04g050935.1,0.386879,3.30557,0.117038,1.01397e-25
16166,Solyc04g051372.1,tandem,TE-like,Solyc04g051380.1,NA,0.0259425,0,NA
16167,Solyc04g051374.1,tandem,TE-like,Solyc04g051380.1,0.625809,1.72197,0.363425,0.000234433
16168,Solyc04g051400.2,tandem,TE-like,Solyc04g051410.3,0.120389,0.520685,0.231213,7.51817e-09
16169,Solyc04g051410.3,tandem,TE-like,Solyc04g051400.2,0.120389,0.520685,0.231213,7.51817e-09
16170,Solyc04g051785.1,tandem,TE-like,Solyc04g051790.2,0.271396,0.684939,0.396233,7.03683e-05
16171,Solyc04g051790.2,tandem,TE-like,Solyc04g051785.1,0.271396,0.684939,0.396233,7.03683e-05
16172,Solyc04g053010.1,tandem,Unclassified,Solyc04g053020.2,0.0636416,0.377935,0.168393,9.79729e-08
16173,Solyc04g053030.1,tandem,Unclassified,Solyc04g053020.2,0.0646225,0.362459,0.178289,1.15448e-06
16174,Solyc04g053085.1,tandem,TE-like,Solyc04g053090.2,0.320762,0.362749,0.884251,0.624282
16175,Solyc04g053090.2,tandem,TE-like,Solyc04g053085.1,0.320762,0.362749,0.884251,0.624282
16176,Solyc04g053092.1,tandem,TE-like,Solyc04g053090.2,0.0395527,0.0810173,0.4882,0.214292
16177,Solyc04g053096.1,tandem,TE-like,Solyc04g053098.1,0.490142,0.947742,0.517168,0.172449
16178,Solyc04g053098.1,tandem,TE-like,Solyc04g053096.1,0.490142,0.947742,0.517168,0.172449
16179,Solyc04g053100.2,tandem,Unclassified,Solyc04g053098.1,0.104106,0.0814885,1.27756,0.472716
16180,Solyc04g054257.1,tandem,NA,Solyc04g054260.3,0.177895,2.44533,0.0727491,1.34489e-57
16181,Solyc04g054260.3,tandem,gbM,Solyc04g054257.1,0.177895,2.44533,0.0727491,1.34489e-57
16182,Solyc04g054445.1,tandem,TE-like,Solyc04g054450.1,0.000655115,NA,NA,NA
16183,Solyc04g054450.1,tandem,TE-like,Solyc04g054445.1,0.000655115,NA,NA,NA
16184,Solyc04g054510.3,tandem,TE-like,Solyc04g054520.3,NA,NA,NA,NA
16185,Solyc04g054520.3,tandem,TE-like,Solyc04g054510.3,NA,NA,NA,NA
16186,Solyc04g054980.3,tandem,Unmethylated,Solyc04g054990.3,0.194887,0.768253,0.253675,1.90389e-10
16187,Solyc04g054990.3,tandem,Unmethylated,Solyc04g054980.3,0.194887,0.768253,0.253675,1.90389e-10
16188,Solyc04g055020.2,tandem,Unclassified,Solyc04g055030.2,0.146196,0.740858,0.197333,2.83792e-19
16189,Solyc04g055030.2,tandem,Unclassified,Solyc04g055020.2,0.146196,0.740858,0.197333,2.83792e-19
16190,Solyc04g055130.1,tandem,Unclassified,Solyc04g055140.1,0.0624559,0.150011,0.416342,0.0382803
16191,Solyc04g055140.1,tandem,NA,Solyc04g055150.1,0.0170733,0.0324831,0.525606,0.19547
16192,Solyc04g055150.1,tandem,Unmethylated,Solyc04g055140.1,0.0170733,0.0324831,0.525606,0.19547
16193,Solyc04g055203.1,tandem,TE-like,Solyc04g055220.1,0.0269304,0.0415285,0.648481,0.189536
16194,Solyc04g055220.1,tandem,TE-like,Solyc04g055203.1,0.0269304,0.0415285,0.648481,0.189536
16195,Solyc04g056457.1,tandem,TE-like,Solyc04g056460.1,NA,NA,NA,NA
16196,Solyc04g056460.1,tandem,TE-like,Solyc04g056470.1,0.403566,2.15072,0.187643,1.19138e-07
16197,Solyc04g056470.1,tandem,Unclassified,Solyc04g056460.1,0.403566,2.15072,0.187643,1.19138e-07
16198,Solyc04g056491.1,tandem,NA,Solyc04g056492.1,0.186667,0.222966,0.837202,0.585677
16199,Solyc04g056492.1,tandem,NA,Solyc04g056491.1,0.186667,0.222966,0.837202,0.585677
16200,Solyc04g057900.1,tandem,TE-like,Solyc04g057910.3,0.337306,0.437217,0.771485,0.305873
16201,Solyc04g057910.3,tandem,TE-like,Solyc04g057900.1,0.337306,0.437217,0.771485,0.305873
16202,Solyc04g057920.1,tandem,Unclassified,Solyc04g057910.3,0.350673,0.325227,1.07824,0.462242
16203,Solyc04g057993.1,tandem,Unmethylated,Solyc04g057997.1,0.288666,1.62867,0.17724,1.26908e-05
16204,Solyc04g057997.1,tandem,TE-like,Solyc04g057993.1,0.288666,1.62867,0.17724,1.26908e-05
16205,Solyc04g058065.1,tandem,TE-like,Solyc04g058070.3,0.0718571,0.120535,0.596151,0.0376063
16206,Solyc04g058070.3,tandem,TE-like,Solyc04g058065.1,0.0718571,0.120535,0.596151,0.0376063
16207,Solyc04g058160.2,tandem,Unclassified,Solyc04g058170.1,0.359287,1.1709,0.306846,4.1604e-09
16208,Solyc04g058170.1,tandem,Unclassified,Solyc04g058160.2,0.359287,1.1709,0.306846,4.1604e-09
16209,Solyc04g063440.2,tandem,TE-like,Solyc04g063430.2,0.113057,0.175674,0.643561,0.121867
16210,Solyc04g064440.1,tandem,TE-like,Solyc04g063440.2,0.0592796,0.0952762,0.622187,0.0561516
16211,Solyc04g064450.1,tandem,TE-like,Solyc04g064440.1,0.118762,0.196926,0.603077,0.0629325
16212,Solyc04g064460.2,tandem,TE-like,Solyc04g064450.1,0.454977,0.39121,1.163,0.43351
16213,Solyc04g064610.3,tandem,Unclassified,Solyc04g064620.3,0.20709,3.87513,0.0534407,6.96999e-50
16214,Solyc04g064620.3,tandem,Unclassified,Solyc04g064610.3,0.20709,3.87513,0.0534407,6.96999e-50
16215,Solyc04g064630.3,tandem,Unclassified,Solyc04g064620.3,0.250888,0.918296,0.27321,1.11578e-12
16216,Solyc04g064640.3,tandem,gbM,Solyc04g064630.3,0.34695,1.00321,0.345839,4.96583e-08
16217,Solyc04g064800.3,tandem,TE-like,Solyc04g064795.1,NA,NA,NA,NA
16218,Solyc04g064870.3,tandem,TE-like,Solyc04g064880.3,0.0883042,0.312886,0.282225,1.26096e-06
16219,Solyc04g064880.3,tandem,TE-like,Solyc04g064870.3,0.0883042,0.312886,0.282225,1.26096e-06
16220,Solyc04g064943.1,tandem,TE-like,Solyc04g064950.1,0.358834,0.756425,0.474382,0.0644741
16221,Solyc04g064950.1,tandem,Unclassified,Solyc04g064943.1,0.358834,0.756425,0.474382,0.0644741
16222,Solyc04g071527.1,tandem,TE-like,Solyc04g071530.1,0.00269209,0.0165191,0.162969,0.110852
16223,Solyc04g071530.1,tandem,TE-like,Solyc04g071527.1,0.00269209,0.0165191,0.162969,0.110852
16224,Solyc04g071780.3,tandem,Unmethylated,Solyc04g071790.2,0.0944868,0.31116,0.30366,1.66222e-12
16225,Solyc04g071790.2,tandem,Unclassified,Solyc04g071780.3,0.0944868,0.31116,0.30366,1.66222e-12
16226,Solyc04g071800.3,tandem,Unclassified,Solyc04g071790.2,0.0696364,0.257686,0.270237,1.52816e-12
16227,Solyc04g071807.1,tandem,TE-like,Solyc04g071800.3,0.115127,0.345524,0.333196,3.17382e-11
16228,Solyc04g071820.3,tandem,Unclassified,Solyc04g071807.1,0.0769098,0.204715,0.375692,5.05883e-07
16229,Solyc04g071825.1,tandem,Unclassified,Solyc04g071820.3,0.0731506,0.199268,0.367096,0.000458914
16230,Solyc04g071890.3,tandem,TE-like,Solyc04g071900.3,0.255026,3.25902,0.0782523,1.85126e-48
16231,Solyc04g071900.3,tandem,TE-like,Solyc04g071890.3,0.255026,3.25902,0.0782523,1.85126e-48
16232,Solyc04g071970.3,tandem,gbM,Solyc04g071960.3,0.0258031,0.069148,0.373158,0.0131176
16233,Solyc04g072320.2,tandem,TE-like,Solyc04g072340.1,0.188212,0.293527,0.64121,0.150951
16234,Solyc04g072340.1,tandem,Unclassified,Solyc04g072320.2,0.188212,0.293527,0.64121,0.150951
16235,Solyc04g072343.1,tandem,gbM,Solyc04g072350.1,0.324067,0.372059,0.87101,0.602378
16236,Solyc04g072350.1,tandem,gbM,Solyc04g072343.1,0.324067,0.372059,0.87101,0.602378
16237,Solyc04g072500.1,tandem,Unclassified,Solyc04g072510.3,0.585066,2.26876,0.257879,5.68285e-10
16238,Solyc04g072510.3,tandem,Unclassified,Solyc04g072500.1,0.585066,2.26876,0.257879,5.68285e-10
16239,Solyc04g072520.2,tandem,Unclassified,Solyc04g072530.2,0.436665,0.588043,0.742573,0.22152
16240,Solyc04g072530.2,tandem,Unclassified,Solyc04g072520.2,0.436665,0.588043,0.742573,0.22152
16241,Solyc04g072540.3,tandem,TE-like,Solyc04g072550.2,0.618869,1.46559,0.422266,6.66499e-12
16242,Solyc04g072550.2,tandem,TE-like,Solyc04g072540.3,0.618869,1.46559,0.422266,6.66499e-12
16243,Solyc04g072670.3,tandem,TE-like,Solyc04g072680.2,0.330349,0.679799,0.485951,1.4543e-05
16244,Solyc04g072680.2,tandem,TE-like,Solyc04g072670.3,0.330349,0.679799,0.485951,1.4543e-05
16245,Solyc04g072710.1,tandem,Unmethylated,Solyc04g072720.3,0.103966,0.0854255,1.21704,0.961201
16246,Solyc04g072720.3,tandem,Unmethylated,Solyc04g072710.1,0.103966,0.0854255,1.21704,0.961201
16247,Solyc04g072830.3,tandem,TE-like,Solyc04g072840.3,0.00858777,0.00857804,1.00113,0.635628
16248,Solyc04g072840.3,tandem,TE-like,Solyc04g072830.3,0.00858777,0.00857804,1.00113,0.635628
16249,Solyc04g072860.3,tandem,gbM,Solyc04g072850.3,0.292286,1.88629,0.154953,6.45977e-77
16250,Solyc04g072870.2,tandem,gbM,Solyc04g072860.3,0.209395,1.11083,0.188502,1.1506e-45
16251,Solyc04g074000.3,tandem,Unclassified,Solyc04g074010.2,0.182068,0.654549,0.278158,3.45957e-05
16252,Solyc04g074010.2,tandem,Unclassified,Solyc04g074020.2,0.122349,0.367785,0.332663,0.000888852
16253,Solyc04g074020.2,tandem,Unclassified,Solyc04g074010.2,0.122349,0.367785,0.332663,0.000888852
16254,Solyc04g074030.3,tandem,NA,Solyc04g074020.2,0.0471569,0.13532,0.348485,1.90913e-10
16255,Solyc04g074050.3,tandem,Unclassified,Solyc04g074060.2,0.0840953,0.187419,0.448702,0.0258302
16256,Solyc04g074060.2,tandem,Unclassified,Solyc04g074050.3,0.0840953,0.187419,0.448702,0.0258302
16257,Solyc04g074260.1,tandem,TE-like,Solyc04g074250.2,0.296921,1.01487,0.292571,0.000343891
16258,Solyc04g074330.3,tandem,Unclassified,Solyc04g074340.3,0.113395,0.272784,0.415697,1.50914e-07
16259,Solyc04g074340.3,tandem,gbM,Solyc04g074330.3,0.113395,0.272784,0.415697,1.50914e-07
16260,Solyc04g074350.3,tandem,gbM,Solyc04g074380.3,0.00979468,0.0183801,0.532896,0.222754
16261,Solyc04g074360.2,tandem,Unclassified,Solyc04g074370.2,0.143619,0.432939,0.331732,9.58249e-05
16262,Solyc04g074370.2,tandem,Unclassified,Solyc04g074390.3,0.0787966,0.273622,0.287976,0.000278835
16263,Solyc04g074410.2,tandem,Unmethylated,Solyc04g074420.1,0.0258537,0.487394,0.0530448,2.51218e-10
16264,Solyc04g074420.1,tandem,Unmethylated,Solyc04g074410.2,0.0258537,0.487394,0.0530448,2.51218e-10
16265,Solyc04g074430.1,tandem,Unmethylated,Solyc04g074440.1,0.0647218,0.359123,0.180222,1.64507e-06
16266,Solyc04g074440.1,tandem,Unmethylated,Solyc04g074430.1,0.0647218,0.359123,0.180222,1.64507e-06
16267,Solyc04g074450.1,tandem,Unmethylated,Solyc04g074470.1,0.338501,3.21861,0.10517,3.10078e-36
16268,Solyc04g074470.1,tandem,TE-like,Solyc04g074450.1,0.338501,3.21861,0.10517,3.10078e-36
16269,Solyc04g074530.3,tandem,Unclassified,Solyc04g074540.2,0.119286,0.89255,0.133646,1.37034e-25
16270,Solyc04g074540.2,tandem,Unclassified,Solyc04g074530.3,0.119286,0.89255,0.133646,1.37034e-25
16271,Solyc04g074850.3,tandem,Unclassified,Solyc04g074840.3,0.0700695,0.320364,0.218719,8.76731e-19
16272,Solyc04g074860.4,tandem,TE-like,Solyc04g074850.3,0.398331,4.40989,0.0903267,2.99562e-67
16273,Solyc04g074880.2,tandem,TE-like,Solyc04g074870.3,0.272119,3.88795,0.0699904,1.34179e-32
16274,Solyc04g074920.2,tandem,gbM,Solyc04g074930.3,0.0941594,0.52539,0.179218,4.6723e-23
16275,Solyc04g074930.3,tandem,gbM,Solyc04g074920.2,0.0941594,0.52539,0.179218,4.6723e-23
16276,Solyc04g074960.3,tandem,Unmethylated,Solyc04g074950.3,0.0779367,0.386034,0.201891,9.76983e-10
16277,Solyc04g076153.1,tandem,TE-like,Solyc04g076160.2,NA,NA,NA,NA
16278,Solyc04g076157.1,tandem,TE-like,Solyc04g076170.1,0.34455,0.391371,0.880365,0.578364
16279,Solyc04g076160.2,tandem,TE-like,Solyc04g076153.1,NA,NA,NA,NA
16280,Solyc04g076170.1,tandem,TE-like,Solyc04g076157.1,0.34455,0.391371,0.880365,0.578364
16281,Solyc04g076527.1,tandem,TE-like,Solyc04g076530.3,0.00762812,0.0131379,0.580619,0.414716
16282,Solyc04g076530.3,tandem,gbM,Solyc04g076527.1,0.00762812,0.0131379,0.580619,0.414716
16283,Solyc04g076610.2,tandem,TE-like,Solyc04g076620.3,0.114482,0.179769,0.636827,0.0356222
16284,Solyc04g076620.3,tandem,TE-like,Solyc04g076610.2,0.114482,0.179769,0.636827,0.0356222
16285,Solyc04g076640.2,tandem,TE-like,Solyc04g076630.3,0.238455,4.44006,0.0537054,1.8469e-106
16286,Solyc04g076650.2,tandem,TE-like,Solyc04g076660.3,0.094437,0.664378,0.142144,9.04531e-44
16287,Solyc04g076660.3,tandem,gbM,Solyc04g076650.2,0.094437,0.664378,0.142144,9.04531e-44
16288,Solyc04g076760.2,tandem,TE-like,Solyc04g076750.2,0.208319,2.76774,0.0752671,3.07106e-85
16289,Solyc04g077030.3,tandem,TE-like,Solyc04g077040.3,0.128271,2.09997,0.0610825,4.31499e-108
16290,Solyc04g077040.3,tandem,gbM,Solyc04g077030.3,0.128271,2.09997,0.0610825,4.31499e-108
16291,Solyc04g077080.2,tandem,TE-like,Solyc04g077090.2,0.0411469,0.0712037,0.577876,0.0609733
16292,Solyc04g077100.3,tandem,Unclassified,Solyc04g077090.2,0.289455,0.913112,0.316998,1.44816e-11
16293,Solyc04g077270.3,tandem,TE-like,Solyc04g077280.3,0.126759,0.496543,0.255283,3.3193e-33
16294,Solyc04g077280.3,tandem,gbM,Solyc04g077270.3,0.126759,0.496543,0.255283,3.3193e-33
16295,Solyc04g077300.3,tandem,Unclassified,Solyc04g077330.3,0.0341791,0.0424702,0.804779,0.489549
16296,Solyc04g077310.3,tandem,gbM,Solyc04g077330.3,0.0312015,0.0438325,0.711834,0.240136
16297,Solyc04g077330.3,tandem,TE-like,Solyc04g077300.3,0.0341791,0.0424702,0.804779,0.489549
16298,Solyc04g077333.1,tandem,gbM,Solyc04g077337.1,0.346953,0.518297,0.66941,0.261615
16299,Solyc04g077337.1,tandem,gbM,Solyc04g077333.1,0.346953,0.518297,0.66941,0.261615
16300,Solyc04g077370.2,tandem,TE-like,Solyc04g077380.2,0.164672,0.422439,0.389813,6.5882e-06
16301,Solyc04g077380.2,tandem,TE-like,Solyc04g077390.3,0.0463326,0.0951472,0.486957,0.0228838
16302,Solyc04g077390.3,tandem,TE-like,Solyc04g077380.2,0.0463326,0.0951472,0.486957,0.0228838
16303,Solyc04g077620.1,tandem,Unclassified,Solyc04g077615.1,0.0139963,0.0597725,0.234159,0.0445331
16304,Solyc04g077630.3,tandem,TE-like,Solyc04g077640.3,0.0638142,0.164646,0.387583,6.31767e-05
16305,Solyc04g077640.3,tandem,TE-like,Solyc04g077630.3,0.0638142,0.164646,0.387583,6.31767e-05
16306,Solyc04g077650.3,tandem,TE-like,Solyc04g077640.3,0.0627197,0.365607,0.171549,1.57002e-14
16307,Solyc04g077835.1,tandem,Unclassified,Solyc04g077840.2,0.134409,0.196496,0.68403,0.412352
16308,Solyc04g077840.2,tandem,Unclassified,Solyc04g077835.1,0.134409,0.196496,0.68403,0.412352
16309,Solyc04g077880.1,tandem,Unclassified,Solyc04g077890.1,0.648184,2.51102,0.258136,0.000113717
16310,Solyc04g077890.1,tandem,TE-like,Solyc04g077880.1,0.648184,2.51102,0.258136,0.000113717
16311,Solyc04g077900.1,tandem,Unclassified,Solyc04g077890.1,0.238087,0.656158,0.36285,0.000123322
16312,Solyc04g077910.1,tandem,TE-like,Solyc04g077900.1,0.176285,0.245546,0.717931,0.230591
16313,Solyc04g078195.1,tandem,Unclassified,Solyc04g078200.3,0.00699484,NA,NA,NA
16314,Solyc04g078270.3,tandem,TE-like,Solyc04g078290.3,0.0151806,0.0400967,0.378601,0.00525927
16315,Solyc04g078410.3,tandem,TE-like,Solyc04g078400.3,0.044995,0.0798742,0.563324,0.115871
16316,Solyc04g078440.3,tandem,TE-like,Solyc04g078430.2,0.0740114,0.225488,0.328228,4.02886e-05
16317,Solyc04g078565.1,tandem,TE-like,Solyc04g078580.1,0.00607766,0.0250645,0.242481,0.0165678
16318,Solyc04g078580.1,tandem,TE-like,Solyc04g078565.1,0.00607766,0.0250645,0.242481,0.0165678
16319,Solyc04g078720.1,tandem,gbM,Solyc04g078710.2,0.0296397,0.112819,0.26272,1.66025e-10
16320,Solyc04g078730.1,tandem,TE-like,Solyc04g078740.2,0.386626,4.60431,0.0839705,1.36857e-81
16321,Solyc04g078740.2,tandem,gbM,Solyc04g078730.1,0.386626,4.60431,0.0839705,1.36857e-81
16322,Solyc04g078880.3,tandem,gbM,Solyc04g078870.3,0.0704478,0.101186,0.696219,0.339047
16323,Solyc04g078980.3,tandem,TE-like,Solyc04g078990.3,0.14503,0.774946,0.187148,5.97637e-26
16324,Solyc04g078990.3,tandem,TE-like,Solyc04g078980.3,0.14503,0.774946,0.187148,5.97637e-26
16325,Solyc04g079025.1,tandem,Unclassified,Solyc04g079030.2,0.0615846,0.108262,0.56885,0.0211665
16326,Solyc04g079030.2,tandem,TE-like,Solyc04g079025.1,0.0615846,0.108262,0.56885,0.0211665
16327,Solyc04g079040.3,tandem,TE-like,Solyc04g079060.3,0.110538,0.381476,0.289764,8.13098e-08
16328,Solyc04g079047.1,tandem,TE-like,Solyc04g079070.3,0.170775,0.960598,0.17778,1.31243e-26
16329,Solyc04g079060.3,tandem,Unclassified,Solyc04g079040.3,0.110538,0.381476,0.289764,8.13098e-08
16330,Solyc04g079070.3,tandem,TE-like,Solyc04g079047.1,0.170775,0.960598,0.17778,1.31243e-26
16331,Solyc04g079090.3,tandem,gbM,Solyc04g079100.3,0.148268,0.552811,0.268208,1.29826e-13
16332,Solyc04g079100.3,tandem,TE-like,Solyc04g079090.3,0.148268,0.552811,0.268208,1.29826e-13
16333,Solyc04g079230.3,tandem,TE-like,Solyc04g079240.3,0.119437,0.629891,0.189615,4.31034e-10
16334,Solyc04g079260.3,tandem,TE-like,Solyc04g079250.3,0.0508241,0.333914,0.152207,5.49588e-18
16335,Solyc04g079280.3,tandem,TE-like,Solyc04g079290.3,0.198093,0.455543,0.434849,2.25594e-06
16336,Solyc04g079290.3,tandem,Unclassified,Solyc04g079280.3,0.198093,0.455543,0.434849,2.25594e-06
16337,Solyc04g079450.3,tandem,Unclassified,Solyc04g079440.3,0.338628,2.11333,0.160235,1.65616e-07
16338,Solyc04g079460.1,tandem,TE-like,Solyc04g079470.3,0.121657,0.509812,0.23863,1.35818e-06
16339,Solyc04g079470.3,tandem,gbM,Solyc04g079460.1,0.121657,0.509812,0.23863,1.35818e-06
16340,Solyc04g079480.2,tandem,gbM,Solyc04g079470.3,0.146653,0.577297,0.254034,1.29468e-17
16341,Solyc04g079490.1,tandem,Unclassified,Solyc04g079480.2,0.195524,1.93703,0.10094,7.31085e-12
16342,Solyc04g079510.2,tandem,gbM,Solyc04g079520.3,0.171773,1.07673,0.159533,7.95003e-44
16343,Solyc04g079520.3,tandem,Unclassified,Solyc04g079530.3,0.0755684,0.192704,0.392147,3.14615e-08
16344,Solyc04g079530.3,tandem,gbM,Solyc04g079520.3,0.0755684,0.192704,0.392147,3.14615e-08
16345,Solyc04g079790.3,tandem,Unclassified,Solyc04g079780.3,0.0465499,0.0765778,0.607878,0.126903
16346,Solyc04g079845.1,tandem,Unclassified,Solyc04g079850.2,0.184225,0.70016,0.263119,0.000545818
16347,Solyc04g079850.2,tandem,gbM,Solyc04g079845.1,0.184225,0.70016,0.263119,0.000545818
16348,Solyc04g080410.2,tandem,TE-like,Solyc04g080420.3,0.234017,1.26514,0.184973,7.64573e-19
16349,Solyc04g080420.3,tandem,TE-like,Solyc04g080410.2,0.234017,1.26514,0.184973,7.64573e-19
16350,Solyc04g080690.2,tandem,TE-like,Solyc04g080685.1,0.0193763,0.0215331,0.899837,0.613976
16351,Solyc04g080790.3,tandem,gbM,Solyc04g080780.2,0.489495,4.05246,0.12079,3.1068e-56
16352,Solyc04g080820.2,tandem,TE-like,Solyc04g080810.3,0.232126,0.381587,0.608318,0.00214866
16353,Solyc04g080885.1,tandem,TE-like,Solyc04g080890.3,0.335691,3.79115,0.088546,5.71728e-32
16354,Solyc04g080890.3,tandem,Unclassified,Solyc04g080885.1,0.335691,3.79115,0.088546,5.71728e-32
16355,Solyc04g081120.1,tandem,TE-like,Solyc04g081130.1,0.0976098,0.727743,0.134127,2.125e-42
16356,Solyc04g081130.1,tandem,TE-like,Solyc04g081120.1,0.0976098,0.727743,0.134127,2.125e-42
16357,Solyc04g081320.3,tandem,gbM,Solyc04g081330.3,0.182548,0.333688,0.547061,0.00557432
16358,Solyc04g081330.3,tandem,gbM,Solyc04g081320.3,0.182548,0.333688,0.547061,0.00557432
16359,Solyc04g081760.3,tandem,Unclassified,Solyc04g081755.1,0.0479797,0.139116,0.344889,0.000485883
16360,Solyc04g081770.3,tandem,TE-like,Solyc04g081760.3,0.0991552,0.452379,0.219186,3.94044e-12
16361,Solyc04g081780.3,tandem,TE-like,Solyc04g081770.3,0.29133,1.17719,0.24748,2.91817e-16
16362,Solyc04g081790.3,tandem,gbM,Solyc04g081800.2,0.134269,0.407252,0.329695,1.21532e-09
16363,Solyc04g081800.2,tandem,gbM,Solyc04g081790.3,0.134269,0.407252,0.329695,1.21532e-09
16364,Solyc04g082180.4,tandem,gbM,Solyc04g082170.3,0.046099,0.208677,0.220911,2.2609e-11
16365,Solyc04g082290.3,tandem,gbM,Solyc04g082280.3,0.0996543,0.189145,0.526867,0.00246695
16366,Solyc04g082920.3,tandem,TE-like,Solyc04g082930.2,0.159685,0.317175,0.503459,0.000217115
16367,Solyc04g082930.2,tandem,TE-like,Solyc04g082920.3,0.159685,0.317175,0.503459,0.000217115
16368,Solyc05g005060.3,tandem,gbM,Solyc05g005070.2,0.379049,4.03367,0.0939714,1.46279e-46
16369,Solyc05g005280.3,tandem,Unmethylated,Solyc05g005290.3,0.116823,0.465483,0.250972,1.02296e-08
16370,Solyc05g005290.3,tandem,gbM,Solyc05g005280.3,0.116823,0.465483,0.250972,1.02296e-08
16371,Solyc05g005360.2,tandem,TE-like,Solyc05g005350.2,0.0394379,0.056495,0.698078,0.371136
16372,Solyc05g005370.2,tandem,TE-like,Solyc05g005360.2,0.0309364,0.0466838,0.662679,0.307835
16373,Solyc05g005400.2,tandem,TE-like,Solyc05g005405.1,0.372778,0.89312,0.417389,2.50146e-06
16374,Solyc05g005405.1,tandem,TE-like,Solyc05g005400.2,0.372778,0.89312,0.417389,2.50146e-06
16375,Solyc05g005410.1,tandem,gbM,Solyc05g005420.2,0.186437,0.544283,0.342536,1.16017e-09
16376,Solyc05g005420.2,tandem,gbM,Solyc05g005410.1,0.186437,0.544283,0.342536,1.16017e-09
16377,Solyc05g005430.2,tandem,gbM,Solyc05g005420.2,0.339883,0.879836,0.386303,3.11881e-07
16378,Solyc05g005460.3,tandem,TE-like,Solyc05g005470.3,0.374992,4.38503,0.0855165,5.35599e-64
16379,Solyc05g005470.3,tandem,gbM,Solyc05g005460.3,0.374992,4.38503,0.0855165,5.35599e-64
16380,Solyc05g005550.3,tandem,TE-like,Solyc05g005540.3,0.0630779,0.220723,0.285778,1.16793e-12
16381,Solyc05g005560.4,tandem,Unclassified,Solyc05g005570.3,0.192257,4.47195,0.0429917,7.27161e-106
16382,Solyc05g005570.3,tandem,TE-like,Solyc05g005560.4,0.192257,4.47195,0.0429917,7.27161e-106
16383,Solyc05g005770.3,tandem,gbM,Solyc05g005760.3,0.754369,4.11258,0.18343,3.98056e-25
16384,Solyc05g005840.3,tandem,NA,Solyc05g005850.3,0.489485,1.28087,0.382149,0.000219423
16385,Solyc05g005860.2,tandem,TE-like,Solyc05g005850.3,0.399433,1.60118,0.249462,2.71007e-23
16386,Solyc05g005915.1,tandem,Unclassified,Solyc05g005920.3,0.130262,0.299936,0.434298,1.90313e-06
16387,Solyc05g005920.3,tandem,Unclassified,Solyc05g005915.1,0.130262,0.299936,0.434298,1.90313e-06
16388,Solyc05g005950.3,tandem,Unclassified,Solyc05g005960.3,0.0427789,0.151586,0.282208,5.74024e-10
16389,Solyc05g005960.3,tandem,Unclassified,Solyc05g005950.3,0.0427789,0.151586,0.282208,5.74024e-10
16390,Solyc05g005980.3,tandem,Unclassified,Solyc05g005990.3,0.273142,1.71433,0.159328,1.81254e-27
16391,Solyc05g005990.3,tandem,TE-like,Solyc05g006000.2,0.0684976,0.302169,0.226686,1.17162e-14
16392,Solyc05g006000.2,tandem,TE-like,Solyc05g005990.3,0.0684976,0.302169,0.226686,1.17162e-14
16393,Solyc05g006010.3,tandem,TE-like,Solyc05g005950.3,0.0343366,0.031778,1.08052,0.870917
16394,Solyc05g006100.3,tandem,gbM,Solyc05g006090.3,0.0163653,0.0173199,0.944883,0.76555
16395,Solyc05g006140.1,tandem,Unclassified,Solyc05g006145.1,NA,0.00861687,1.28843e-13,NA
16396,Solyc05g006145.1,tandem,Unclassified,Solyc05g006140.1,NA,0.00861687,1.28843e-13,NA
16397,Solyc05g006620.3,tandem,gbM,Solyc05g006630.3,0.448728,5.13294,0.0874212,9.55201e-116
16398,Solyc05g006630.3,tandem,TE-like,Solyc05g006620.3,0.448728,5.13294,0.0874212,9.55201e-116
16399,Solyc05g006720.1,tandem,Unclassified,Solyc05g006707.1,0.0172214,0.0550041,0.313092,0.188378
16400,Solyc05g006730.3,tandem,TE-like,Solyc05g006740.3,0.0754336,0.160588,0.469734,0.0121352
16401,Solyc05g006740.3,tandem,gbM,Solyc05g006730.3,0.0754336,0.160588,0.469734,0.0121352
16402,Solyc05g006750.3,tandem,TE-like,Solyc05g006740.3,0.357493,4.28591,0.0834112,7.5663e-26
16403,Solyc05g006790.2,tandem,TE-like,Solyc05g006780.3,0.166152,1.24334,0.133634,1.6299e-44
16404,Solyc05g006833.1,tandem,Unclassified,Solyc05g006830.3,0.139024,0.384045,0.361999,0.0158848
16405,Solyc05g006850.3,tandem,Unclassified,Solyc05g006860.3,0.0251274,0.0106894,2.35068,0.573981
16406,Solyc05g006860.3,tandem,TE-like,Solyc05g006850.3,0.0251274,0.0106894,2.35068,0.573981
16407,Solyc05g006870.3,tandem,TE-like,Solyc05g006860.3,0.035748,0.116075,0.307972,0.0121687
16408,Solyc05g007000.3,tandem,TE-like,Solyc05g006990.3,0.0601448,0.236763,0.254029,8.89758e-16
16409,Solyc05g007360.1,tandem,TE-like,Solyc05g007380.2,0.256906,0.541892,0.474091,7.80416e-06
16410,Solyc05g007380.2,tandem,TE-like,Solyc05g007360.1,0.256906,0.541892,0.474091,7.80416e-06
16411,Solyc05g007610.2,tandem,TE-like,Solyc05g007620.1,0.389372,0.506223,0.769171,0.285035
16412,Solyc05g007620.1,tandem,gbM,Solyc05g007610.2,0.389372,0.506223,0.769171,0.285035
16413,Solyc05g007630.3,tandem,gbM,Solyc05g007620.1,0.388889,0.492286,0.789967,0.338319
16414,Solyc05g007640.3,tandem,gbM,Solyc05g007630.3,0.3587,0.627722,0.571431,4.8882e-09
16415,Solyc05g007940.3,tandem,TE-like,Solyc05g007950.3,0.260961,3.57767,0.0729416,1.82277e-35
16416,Solyc05g007950.3,tandem,TE-like,Solyc05g007940.3,0.260961,3.57767,0.0729416,1.82277e-35
16417,Solyc05g008220.3,tandem,TE-like,Solyc05g008210.3,0.10269,0.509827,0.201422,6.55103e-12
16418,Solyc05g008235.1,tandem,TE-like,Solyc05g008250.2,0.267874,1.18419,0.226208,0.000133443
16419,Solyc05g008250.2,tandem,TE-like,Solyc05g008235.1,0.267874,1.18419,0.226208,0.000133443
16420,Solyc05g008820.3,tandem,TE-like,Solyc05g008815.1,0.0742258,0.361129,0.205538,2.48843e-13
16421,Solyc05g008940.3,tandem,TE-like,Solyc05g008950.3,0.346643,2.20809,0.156988,5.17759e-57
16422,Solyc05g008960.3,tandem,Unclassified,Solyc05g008950.3,0.159835,0.420644,0.379976,5.45637e-13
16423,Solyc05g008970.1,tandem,TE-like,Solyc05g008960.3,0.135369,0.396196,0.341671,1.97968e-11
16424,Solyc05g008980.2,tandem,gbM,Solyc05g008990.3,0.36716,4.44173,0.0826616,1.78339e-62
16425,Solyc05g008990.3,tandem,gbM,Solyc05g008980.2,0.36716,4.44173,0.0826616,1.78339e-62
16426,Solyc05g009050.2,tandem,TE-like,Solyc05g009040.3,0.264539,0.510301,0.518398,2.64855e-06
16427,Solyc05g009110.1,tandem,Unclassified,Solyc05g009120.3,0.124064,0.44848,0.276632,4.66317e-13
16428,Solyc05g009130.3,tandem,TE-like,Solyc05g009120.3,0.410891,3.99646,0.102814,9.06958e-38
16429,Solyc05g009170.2,tandem,TE-like,Solyc05g009180.1,0.107155,0.702324,0.152573,1.17587e-16
16430,Solyc05g009180.1,tandem,TE-like,Solyc05g009170.2,0.107155,0.702324,0.152573,1.17587e-16
16431,Solyc05g009270.3,tandem,TE-like,Solyc05g009280.3,0.195109,3.45861,0.0564127,4.388e-85
16432,Solyc05g009280.3,tandem,gbM,Solyc05g009270.3,0.195109,3.45861,0.0564127,4.388e-85
16433,Solyc05g009590.3,tandem,TE-like,Solyc05g009580.3,0.11466,0.62843,0.182455,5.21753e-29
16434,Solyc05g009740.1,tandem,TE-like,Solyc05g009750.1,0.410258,1.43221,0.286451,3.23217e-17
16435,Solyc05g009750.1,tandem,gbM,Solyc05g009760.2,0.158735,0.248134,0.639715,0.00280047
16436,Solyc05g009760.2,tandem,TE-like,Solyc05g009750.1,0.158735,0.248134,0.639715,0.00280047
16437,Solyc05g010207.1,tandem,TE-like,Solyc05g010210.1,0.374593,0.691135,0.541998,0.089104
16438,Solyc05g010210.1,tandem,TE-like,Solyc05g010220.1,0.265641,0.46351,0.573107,0.0257979
16439,Solyc05g010220.1,tandem,TE-like,Solyc05g010210.1,0.265641,0.46351,0.573107,0.0257979
16440,Solyc05g010310.3,tandem,TE-like,Solyc05g010320.3,0.164849,0.398949,0.413207,0.000124498
16441,Solyc05g010320.3,tandem,TE-like,Solyc05g010310.3,0.164849,0.398949,0.413207,0.000124498
16442,Solyc05g010363.1,tandem,TE-like,Solyc05g010360.1,0.446329,2.0328,0.219564,1.80214e-14
16443,Solyc05g010365.1,tandem,TE-like,Solyc05g010367.1,0.320105,0.676084,0.473468,0.000115448
16444,Solyc05g010490.1,tandem,TE-like,Solyc05g010500.1,0.152976,0.215046,0.711365,0.250804
16445,Solyc05g010500.1,tandem,TE-like,Solyc05g010490.1,0.152976,0.215046,0.711365,0.250804
16446,Solyc05g010565.1,tandem,TE-like,Solyc05g010580.3,0.186325,0.146395,1.27276,0.630041
16447,Solyc05g010580.3,tandem,TE-like,Solyc05g010583.1,0.0355772,NA,NA,NA
16448,Solyc05g010583.1,tandem,Unclassified,Solyc05g010580.3,0.0355772,NA,NA,NA
16449,Solyc05g011860.1,tandem,TE-like,Solyc05g011870.1,0.149977,0.565562,0.265183,1.31236e-07
16450,Solyc05g011885.1,tandem,TE-like,Solyc05g011890.1,0.251547,0.755151,0.333109,3.2535e-05
16451,Solyc05g011890.1,tandem,TE-like,Solyc05g011900.1,0.101165,0.306303,0.330279,1.52718e-07
16452,Solyc05g011900.1,tandem,TE-like,Solyc05g011890.1,0.101165,0.306303,0.330279,1.52718e-07
16453,Solyc05g011960.3,tandem,TE-like,Solyc05g011950.2,0.196624,0.297175,0.661644,0.303108
16454,Solyc05g012170.2,tandem,TE-like,Solyc05g012172.1,0.0857835,0.133688,0.641671,0.296774
16455,Solyc05g012172.1,tandem,TE-like,Solyc05g012170.2,0.0857835,0.133688,0.641671,0.296774
16456,Solyc05g012350.3,tandem,gbM,Solyc05g012360.3,0.0716655,0.379904,0.188641,4.74527e-16
16457,Solyc05g012360.3,tandem,TE-like,Solyc05g012370.3,0.0716252,0.338967,0.211305,1.02651e-15
16458,Solyc05g012370.3,tandem,gbM,Solyc05g012360.3,0.0716252,0.338967,0.211305,1.02651e-15
16459,Solyc05g012400.3,tandem,Unclassified,Solyc05g012410.2,0.136387,0.266565,0.511645,0.0789339
16460,Solyc05g012410.2,tandem,TE-like,Solyc05g012400.3,0.136387,0.266565,0.511645,0.0789339
16461,Solyc05g012650.3,tandem,TE-like,Solyc05g012640.3,0.0796016,0.176898,0.449987,2.76817e-10
16462,Solyc05g012710.3,tandem,gbM,Solyc05g012720.3,0.181347,0.38119,0.475739,0.00073212
16463,Solyc05g012720.3,tandem,gbM,Solyc05g012710.3,0.181347,0.38119,0.475739,0.00073212
16464,Solyc05g012740.2,tandem,TE-like,Solyc05g012750.2,0.127126,0.27835,0.456713,0.000131364
16465,Solyc05g012750.2,tandem,TE-like,Solyc05g012740.2,0.127126,0.27835,0.456713,0.000131364
16466,Solyc05g012810.2,tandem,gbM,Solyc05g012805.1,0.583933,1.32738,0.439914,0.000673496
16467,Solyc05g012820.1,tandem,gbM,Solyc05g012810.2,0.433351,1.38864,0.312069,3.5722e-05
16468,Solyc05g012850.2,tandem,Unclassified,Solyc05g012860.1,0.38286,1.0732,0.356746,1.22228e-05
16469,Solyc05g012860.1,tandem,NA,Solyc05g012850.2,0.38286,1.0732,0.356746,1.22228e-05
16470,Solyc05g012900.3,tandem,gbM,Solyc05g012910.3,0.0606813,0.0987533,0.614473,0.00147402
16471,Solyc05g012910.3,tandem,Unclassified,Solyc05g012900.3,0.0606813,0.0987533,0.614473,0.00147402
16472,Solyc05g012930.3,tandem,gbM,Solyc05g012940.3,0.0509164,0.159593,0.319039,0.00204147
16473,Solyc05g012940.3,tandem,TE-like,Solyc05g012930.3,0.0509164,0.159593,0.319039,0.00204147
16474,Solyc05g012950.2,tandem,TE-like,Solyc05g012970.3,0.132804,0.400704,0.331427,1.4009e-08
16475,Solyc05g012970.3,tandem,TE-like,Solyc05g012990.1,0.129561,0.385651,0.335955,0.00136858
16476,Solyc05g012990.1,tandem,Unclassified,Solyc05g012970.3,0.129561,0.385651,0.335955,0.00136858
16477,Solyc05g013000.2,tandem,Unclassified,Solyc05g012990.1,0.142003,0.667307,0.212801,2.94229e-05
16478,Solyc05g013010.3,tandem,Unclassified,Solyc05g013000.2,0.104214,0.187423,0.556039,0.0637441
16479,Solyc05g013150.3,tandem,gbM,Solyc05g013160.3,0.0902812,0.24264,0.372078,2.60397e-08
16480,Solyc05g013160.3,tandem,TE-like,Solyc05g013150.3,0.0902812,0.24264,0.372078,2.60397e-08
16481,Solyc05g013210.3,tandem,TE-like,Solyc05g013203.1,0.0365538,0.0586578,0.623171,0.303072
16482,Solyc05g013290.1,tandem,Unclassified,Solyc05g013300.1,0.108284,0.141073,0.767571,0.26645
16483,Solyc05g013420.1,tandem,Unclassified,Solyc05g013430.1,0.50916,3.00138,0.169642,2.55307e-05
16484,Solyc05g013430.1,tandem,Unmethylated,Solyc05g013420.1,0.50916,3.00138,0.169642,2.55307e-05
16485,Solyc05g013450.3,tandem,TE-like,Solyc05g013460.3,0.237182,1.87477,0.126512,1.28285e-61
16486,Solyc05g013460.3,tandem,Unclassified,Solyc05g013450.3,0.237182,1.87477,0.126512,1.28285e-61
16487,Solyc05g013495.1,tandem,gbM,Solyc05g013500.3,0.0280957,0.112197,0.250413,0.000646262
16488,Solyc05g013500.3,tandem,gbM,Solyc05g013495.1,0.0280957,0.112197,0.250413,0.000646262
16489,Solyc05g013650.2,tandem,gbM,Solyc05g013660.3,0.0974274,0.393622,0.247515,1.73063e-14
16490,Solyc05g013660.3,tandem,TE-like,Solyc05g013650.2,0.0974274,0.393622,0.247515,1.73063e-14
16491,Solyc05g013680.3,tandem,gbM,Solyc05g013690.3,0.210033,4.02732,0.052152,1.63195e-75
16492,Solyc05g013690.3,tandem,Unclassified,Solyc05g013680.3,0.210033,4.02732,0.052152,1.63195e-75
16493,Solyc05g013830.1,tandem,TE-like,Solyc05g013840.1,0.0438888,0.0252898,1.73543,0.354509
16494,Solyc05g013840.1,tandem,TE-like,Solyc05g013830.1,0.0438888,0.0252898,1.73543,0.354509
16495,Solyc05g013860.3,tandem,gbM,Solyc05g013850.2,0.746973,4.55334,0.16405,1.22074e-31
16496,Solyc05g013870.3,tandem,TE-like,Solyc05g013860.3,0.740945,2.82233,0.26253,1.24529e-24
16497,Solyc05g014173.1,tandem,Unclassified,Solyc05g014177.1,0.383005,1.70229,0.224994,5.29399e-05
16498,Solyc05g014177.1,tandem,TE-like,Solyc05g014173.1,0.383005,1.70229,0.224994,5.29399e-05
16499,Solyc05g014470.3,tandem,Unclassified,Solyc05g014480.3,0.265409,0.752908,0.352511,0.0178136
16500,Solyc05g014480.3,tandem,Unclassified,Solyc05g014470.3,0.265409,0.752908,0.352511,0.0178136
16501,Solyc05g014800.1,tandem,TE-like,Solyc05g014810.1,0.0790183,0.0786609,1.00454,0.998685
16502,Solyc05g014810.1,tandem,TE-like,Solyc05g014800.1,0.0790183,0.0786609,1.00454,0.998685
16503,Solyc05g014830.2,tandem,Unclassified,Solyc05g014835.1,0.0825757,0.217442,0.37976,0.0170774
16504,Solyc05g014840.2,tandem,Unclassified,Solyc05g014835.1,0.106791,0.109376,0.976364,0.997868
16505,Solyc05g014850.2,tandem,TE-like,Solyc05g014860.2,0.084824,0.0861596,0.984498,0.999141
16506,Solyc05g014860.2,tandem,Unclassified,Solyc05g014850.2,0.084824,0.0861596,0.984498,0.999141
16507,Solyc05g014895.1,tandem,TE-like,Solyc05g014890.1,0.158358,0.279641,0.566293,0.0860695
16508,Solyc05g015160.3,tandem,Unclassified,Solyc05g015170.3,0.0863447,0.220635,0.391345,3.23882e-06
16509,Solyc05g015170.3,tandem,Unclassified,Solyc05g015160.3,0.0863447,0.220635,0.391345,3.23882e-06
16510,Solyc05g015260.1,tandem,TE-like,Solyc05g015270.1,0.0110087,0.0624945,0.176154,0.00660164
16511,Solyc05g015270.1,tandem,NA,Solyc05g015260.1,0.0110087,0.0624945,0.176154,0.00660164
16512,Solyc05g015656.1,tandem,TE-like,Solyc05g015660.1,0.114628,0.379483,0.302062,0.00144137
16513,Solyc05g015658.1,tandem,TE-like,Solyc05g015680.2,0.0147276,0.0150886,0.976069,0.889714
16514,Solyc05g015660.1,tandem,TE-like,Solyc05g015656.1,0.114628,0.379483,0.302062,0.00144137
16515,Solyc05g015680.2,tandem,TE-like,Solyc05g015658.1,0.0147276,0.0150886,0.976069,0.889714
16516,Solyc05g015795.1,tandem,TE-like,Solyc05g015800.3,0.176096,0.686723,0.256429,3.57391e-08
16517,Solyc05g015810.2,tandem,TE-like,Solyc05g015800.3,0.216452,1.0222,0.21175,2.13377e-15
16518,Solyc05g015920.3,tandem,TE-like,Solyc05g015930.3,0.0478657,0.107791,0.444062,7.21176e-10
16519,Solyc05g015930.3,tandem,TE-like,Solyc05g015920.3,0.0478657,0.107791,0.444062,7.21176e-10
16520,Solyc05g015955.1,tandem,Unclassified,Solyc05g015980.3,0.00824983,0.0147829,0.558066,0.427613
16521,Solyc05g015980.3,tandem,Unclassified,Solyc05g015955.1,0.00824983,0.0147829,0.558066,0.427613
16522,Solyc05g016570.1,tandem,TE-like,Solyc05g016580.2,0.5751,1.04948,0.547984,0.123581
16523,Solyc05g016580.2,tandem,TE-like,Solyc05g016570.1,0.5751,1.04948,0.547984,0.123581
16524,Solyc05g018125.1,tandem,gbM,Solyc05g018130.3,0.0537844,0.0729612,0.737164,0.318118
16525,Solyc05g018130.3,tandem,gbM,Solyc05g018125.1,0.0537844,0.0729612,0.737164,0.318118
16526,Solyc05g018330.1,tandem,TE-like,Solyc05g018340.3,0.239926,0.593703,0.404118,0.00626059
16527,Solyc05g018340.3,tandem,TE-like,Solyc05g018330.1,0.239926,0.593703,0.404118,0.00626059
16528,Solyc05g018432.1,tandem,TE-like,NA,NA,NA,NA,NA
16529,Solyc05g018436.1,tandem,TE-like,NA,NA,NA,NA,NA
16530,Solyc05g018453.1,tandem,TE-like,Solyc05g018470.1,NA,NA,NA,NA
16531,Solyc05g018470.1,tandem,TE-like,Solyc05g018453.1,NA,NA,NA,NA
16532,Solyc05g018570.3,tandem,TE-like,Solyc05g018590.3,0.00328617,0.133401,0.0246337,1.16499e-20
16533,Solyc05g018590.3,tandem,TE-like,Solyc05g018570.3,0.00328617,0.133401,0.0246337,1.16499e-20
16534,Solyc05g018615.1,tandem,TE-like,Solyc05g018630.1,0.0978173,0.0625922,1.56277,0.57135
16535,Solyc05g018630.1,tandem,TE-like,Solyc05g018615.1,0.0978173,0.0625922,1.56277,0.57135
16536,Solyc05g018710.2,tandem,TE-like,Solyc05g018720.1,0.409469,1.28664,0.318247,0.00123117
16537,Solyc05g018720.1,tandem,TE-like,Solyc05g018710.2,0.409469,1.28664,0.318247,0.00123117
16538,Solyc05g018740.1,tandem,NA,Solyc05g018742.1,0.0442264,0.0961676,0.459889,0.119517
16539,Solyc05g018742.1,tandem,NA,Solyc05g018740.1,0.0442264,0.0961676,0.459889,0.119517
16540,Solyc05g018744.1,tandem,Unclassified,Solyc05g018742.1,0.216634,0.357804,0.605456,0.280498
16541,Solyc05g018793.1,tandem,NA,Solyc05g018800.1,0.183734,0.5343,0.343878,0.00263816
16542,Solyc05g018800.1,tandem,NA,Solyc05g018793.1,0.183734,0.5343,0.343878,0.00263816
16543,Solyc05g020005.1,tandem,TE-like,Solyc05g020000.1,0.23651,0.709965,0.33313,0.00191691
16544,Solyc05g021105.1,tandem,TE-like,Solyc05g021110.2,0.438882,0.65101,0.674155,0.211666
16545,Solyc05g021110.2,tandem,TE-like,Solyc05g021105.1,0.438882,0.65101,0.674155,0.211666
16546,Solyc05g021555.1,tandem,Unclassified,Solyc05g021570.2,0.204632,0.190386,1.07483,0.999995
16547,Solyc05g021570.2,tandem,NA,Solyc05g021555.1,0.204632,0.190386,1.07483,0.999995
16548,Solyc05g023670.2,tandem,TE-like,Solyc05g023680.3,0.195008,0.901052,0.216422,6.23831e-09
16549,Solyc05g023680.3,tandem,TE-like,Solyc05g023670.2,0.195008,0.901052,0.216422,6.23831e-09
16550,Solyc05g023890.1,tandem,TE-like,Solyc05g023900.1,0.14307,0.396262,0.361049,0.00112879
16551,Solyc05g024240.3,tandem,TE-like,Solyc05g024245.1,0.199753,0.626727,0.318724,5.51387e-07
16552,Solyc05g024245.1,tandem,TE-like,Solyc05g024240.3,0.199753,0.626727,0.318724,5.51387e-07
16553,Solyc05g024387.1,tandem,TE-like,Solyc05g024390.1,NA,NA,NA,NA
16554,Solyc05g024390.1,tandem,TE-like,Solyc05g024387.1,NA,NA,NA,NA
16555,Solyc05g025905.1,tandem,Unclassified,Solyc05g025910.3,0.0200072,0.0339629,0.589092,0.534143
16556,Solyc05g025910.3,tandem,NA,Solyc05g025905.1,0.0200072,0.0339629,0.589092,0.534143
16557,Solyc05g026210.1,tandem,NA,Solyc05g026220.2,0.399388,1.585,0.251979,1.33471e-14
16558,Solyc05g026220.2,tandem,NA,Solyc05g026210.1,0.399388,1.585,0.251979,1.33471e-14
16559,Solyc05g026517.1,tandem,TE-like,Solyc05g026520.1,0.00818326,0.0367843,0.222466,0.000830813
16560,Solyc05g026520.1,tandem,TE-like,Solyc05g026517.1,0.00818326,0.0367843,0.222466,0.000830813
16561,Solyc05g040090.1,tandem,TE-like,Solyc05g040100.3,0.245358,0.665477,0.368695,0.00170005
16562,Solyc05g040100.3,tandem,TE-like,Solyc05g040090.1,0.245358,0.665477,0.368695,0.00170005
16563,Solyc05g041615.1,tandem,NA,Solyc05g041620.2,0.0804841,0.0440518,1.82703,0.347267
16564,Solyc05g041620.2,tandem,TE-like,Solyc05g041615.1,0.0804841,0.0440518,1.82703,0.347267
16565,Solyc05g041715.1,tandem,TE-like,Solyc05g041720.1,0.0479088,0.090188,0.53121,0.0350631
16566,Solyc05g041720.1,tandem,TE-like,Solyc05g041715.1,0.0479088,0.090188,0.53121,0.0350631
16567,Solyc05g042181.1,tandem,Unclassified,Solyc05g042190.1,NA,NA,NA,NA
16568,Solyc05g042182.1,tandem,TE-like,Solyc05g043190.2,0.0218178,0.0159601,1.36703,0.600513
16569,Solyc05g042190.1,tandem,TE-like,Solyc05g042181.1,NA,NA,NA,NA
16570,Solyc05g043190.2,tandem,TE-like,Solyc05g042182.1,0.0218178,0.0159601,1.36703,0.600513
16571,Solyc05g043213.1,tandem,TE-like,Solyc05g043220.1,0.0390622,0.169728,0.230146,0.000687041
16572,Solyc05g043220.1,tandem,TE-like,Solyc05g043213.1,0.0390622,0.169728,0.230146,0.000687041
16573,Solyc05g043234.1,tandem,TE-like,Solyc05g043270.1,0.00262022,NA,NA,NA
16574,Solyc05g043270.1,tandem,TE-like,Solyc05g043234.1,0.00262022,NA,NA,NA
16575,Solyc05g043280.1,tandem,Unclassified,Solyc05g043236.1,0.00141577,NA,NA,NA
16576,Solyc05g043320.2,tandem,TE-like,Solyc05g043330.3,0.108433,0.459615,0.235923,7.23897e-12
16577,Solyc05g043330.3,tandem,Unclassified,Solyc05g043320.2,0.108433,0.459615,0.235923,7.23897e-12
16578,Solyc05g043445.1,tandem,TE-like,Solyc05g044440.1,0.350047,0.637893,0.548755,0.0580059
16579,Solyc05g044440.1,tandem,TE-like,Solyc05g043445.1,0.350047,0.637893,0.548755,0.0580059
16580,Solyc05g044460.1,tandem,Unclassified,Solyc05g044450.1,0.310505,0.271696,1.14284,0.615723
16581,Solyc05g045777.1,tandem,TE-like,Solyc05g045790.1,0.342904,0.550873,0.622474,0.0862725
16582,Solyc05g045790.1,tandem,TE-like,Solyc05g045777.1,0.342904,0.550873,0.622474,0.0862725
16583,Solyc05g045850.2,tandem,NA,Solyc05g045870.2,0.0351769,0.0344769,1.0203,0.388734
16584,Solyc05g045870.2,tandem,NA,Solyc05g045850.2,0.0351769,0.0344769,1.0203,0.388734
16585,Solyc05g046030.3,tandem,TE-like,Solyc05g046020.3,0.00801114,0.0653134,0.122657,7.8732e-06
16586,Solyc05g046140.3,tandem,TE-like,Solyc05g046150.3,0.190916,0.395201,0.483086,0.00681425
16587,Solyc05g046145.1,tandem,NA,Solyc05g046150.3,NA,NA,NA,NA
16588,Solyc05g046150.3,tandem,NA,Solyc05g046145.1,NA,NA,NA,NA
16589,Solyc05g046205.1,tandem,TE-like,Solyc05g046210.2,0.163854,0.229859,0.712847,0.26499
16590,Solyc05g046210.2,tandem,NA,Solyc05g046205.1,0.163854,0.229859,0.712847,0.26499
16591,Solyc05g047712.1,tandem,TE-like,Solyc05g047713.1,0.0549427,0.103355,0.531593,0.140934
16592,Solyc05g047713.1,tandem,NA,Solyc05g047712.1,0.0549427,0.103355,0.531593,0.140934
16593,Solyc05g047716.1,tandem,TE-like,Solyc05g047718.1,0.0568051,0.148634,0.382182,0.0615601
16594,Solyc05g050040.2,tandem,Unclassified,Solyc05g050050.1,0.0374768,0.11552,0.32442,0.0423021
16595,Solyc05g050050.1,tandem,TE-like,Solyc05g050040.2,0.0374768,0.11552,0.32442,0.0423021
16596,Solyc05g050055.1,tandem,NA,Solyc05g050050.1,0.0455874,0.0312788,1.45745,0.957477
16597,Solyc05g050060.1,tandem,TE-like,Solyc05g050055.1,0.0394485,0.020722,1.9037,0.587401
16598,Solyc05g050150.1,tandem,TE-like,Solyc05g050160.1,0.314057,0.712258,0.440932,0.00249366
16599,Solyc05g050160.1,tandem,TE-like,Solyc05g050150.1,0.314057,0.712258,0.440932,0.00249366
16600,Solyc05g050170.1,tandem,TE-like,Solyc05g050180.1,0.0450099,0.0831252,0.541471,0.153765
16601,Solyc05g050180.1,tandem,TE-like,Solyc05g050190.1,0.312907,0.535636,0.584178,0.0403993
16602,Solyc05g050190.1,tandem,TE-like,Solyc05g050180.1,0.312907,0.535636,0.584178,0.0403993
16603,Solyc05g050360.3,tandem,TE-like,Solyc05g050350.2,0.104585,0.105232,0.993855,1
16604,Solyc05g050380.3,tandem,TE-like,Solyc05g050360.3,0.167483,0.197689,0.847202,0.286
16605,Solyc05g050420.1,tandem,TE-like,Solyc05g050430.1,0.203952,0.489472,0.416677,0.0036095
16606,Solyc05g050430.1,tandem,TE-like,Solyc05g050420.1,0.203952,0.489472,0.416677,0.0036095
16607,Solyc05g050470.1,tandem,gbM,Solyc05g050480.1,0.268673,0.345903,0.776729,0.106292
16608,Solyc05g050480.1,tandem,Unclassified,Solyc05g050470.1,0.268673,0.345903,0.776729,0.106292
16609,Solyc05g050530.3,tandem,TE-like,Solyc05g050520.3,0.213399,0.659916,0.323372,5.66228e-05
16610,Solyc05g050735.1,tandem,TE-like,Solyc05g050740.3,0.319159,0.651006,0.490254,0.00750405
16611,Solyc05g050740.3,tandem,TE-like,Solyc05g050735.1,0.319159,0.651006,0.490254,0.00750405
16612,Solyc05g050770.3,tandem,TE-like,Solyc05g050780.3,0.135211,0.350243,0.386047,1.29673e-08
16613,Solyc05g050780.3,tandem,TE-like,Solyc05g050770.3,0.135211,0.350243,0.386047,1.29673e-08
16614,Solyc05g050805.1,tandem,Unclassified,Solyc05g050810.3,0.213357,0.685947,0.31104,1.1643e-05
16615,Solyc05g050810.3,tandem,Unclassified,Solyc05g050805.1,0.213357,0.685947,0.31104,1.1643e-05
16616,Solyc05g050870.3,tandem,TE-like,Solyc05g050890.2,0.00988096,0.0817685,0.120841,0.00193871
16617,Solyc05g050890.2,tandem,TE-like,Solyc05g050870.3,0.00988096,0.0817685,0.120841,0.00193871
16618,Solyc05g050910.3,tandem,TE-like,Solyc05g050920.3,0.0407689,0.0881685,0.462397,0.00502934
16619,Solyc05g050920.3,tandem,TE-like,Solyc05g050910.3,0.0407689,0.0881685,0.462397,0.00502934
16620,Solyc05g051150.1,tandem,NA,Solyc05g051145.1,0.154126,0.434242,0.354931,0.0656112
16621,Solyc05g051430.3,tandem,TE-like,Solyc05g051425.1,0.0982111,0.107018,0.917709,0.85153
16622,Solyc05g051660.1,tandem,TE-like,Solyc05g051670.2,0.16034,0.325965,0.491893,0.000438946
16623,Solyc05g051670.2,tandem,TE-like,Solyc05g051660.1,0.16034,0.325965,0.491893,0.000438946
16624,Solyc05g051720.1,tandem,TE-like,Solyc05g051730.1,0.0749665,0.481418,0.15572,1.42233e-05
16625,Solyc05g051910.2,tandem,TE-like,Solyc05g051920.3,0.1522,0.64656,0.2354,2.93697e-23
16626,Solyc05g051920.3,tandem,TE-like,Solyc05g051910.2,0.1522,0.64656,0.2354,2.93697e-23
16627,Solyc05g051930.2,tandem,gbM,Solyc05g051940.3,0.0832304,0.197299,0.42185,0.000706975
16628,Solyc05g051940.3,tandem,TE-like,Solyc05g051930.2,0.0832304,0.197299,0.42185,0.000706975
16629,Solyc05g051992.1,tandem,TE-like,Solyc05g051994.1,0.0560498,0.101522,0.552095,0.155727
16630,Solyc05g051994.1,tandem,Unclassified,Solyc05g051992.1,0.0560498,0.101522,0.552095,0.155727
16631,Solyc05g052055.1,tandem,TE-like,Solyc05g052060.1,NA,NA,NA,NA
16632,Solyc05g052060.1,tandem,TE-like,Solyc05g052055.1,NA,NA,NA,NA
16633,Solyc05g052110.3,tandem,TE-like,Solyc05g052120.3,0.0779958,0.875012,0.0891368,4.70903e-14
16634,Solyc05g052120.3,tandem,Unclassified,Solyc05g052110.3,0.0779958,0.875012,0.0891368,4.70903e-14
16635,Solyc05g052140.3,tandem,Unclassified,Solyc05g052150.3,0.0623266,0.0317586,1.96251,0.521944
16636,Solyc05g052150.3,tandem,Unclassified,Solyc05g052140.3,0.0623266,0.0317586,1.96251,0.521944
16637,Solyc05g052245.1,tandem,NA,Solyc05g052250.3,NA,NA,NA,NA
16638,Solyc05g052250.3,tandem,NA,Solyc05g052245.1,NA,NA,NA,NA
16639,Solyc05g052370.3,tandem,gbM,Solyc05g052390.3,0.0667047,0.357507,0.186583,1.9769e-17
16640,Solyc05g052400.3,tandem,TE-like,Solyc05g052390.3,0.073465,0.313416,0.234401,1.6759e-20
16641,Solyc05g052450.3,tandem,TE-like,Solyc05g052440.2,0.119182,0.27628,0.43138,1.42224e-05
16642,Solyc05g052680.1,tandem,Unclassified,Solyc05g052670.1,0.0455138,0.204935,0.222089,7.23314e-13
16643,Solyc05g052800.3,tandem,Unclassified,Solyc05g052810.3,0.0766748,0.599166,0.127969,4.83256e-10
16644,Solyc05g052810.3,tandem,Unmethylated,Solyc05g052800.3,0.0766748,0.599166,0.127969,4.83256e-10
16645,Solyc05g052820.3,tandem,TE-like,Solyc05g052830.3,0.182898,1.59458,0.1147,2.57935e-45
16646,Solyc05g052830.3,tandem,TE-like,Solyc05g052820.3,0.182898,1.59458,0.1147,2.57935e-45
16647,Solyc05g052860.3,tandem,TE-like,Solyc05g052870.3,0.0797135,0.185005,0.430873,0.000273842
16648,Solyc05g052870.3,tandem,TE-like,Solyc05g052860.3,0.0797135,0.185005,0.430873,0.000273842
16649,Solyc05g052880.3,tandem,TE-like,Solyc05g052890.3,0.274998,1.17635,0.233772,4.40175e-09
16650,Solyc05g052890.3,tandem,Unclassified,Solyc05g052880.3,0.274998,1.17635,0.233772,4.40175e-09
16651,Solyc05g053600.3,tandem,gbM,Solyc05g053590.3,0.0253899,0.134329,0.189013,3.66611e-31
16652,Solyc05g053610.2,tandem,gbM,Solyc05g053600.3,0.0699045,0.328223,0.212979,7.21801e-54
16653,Solyc05g053630.1,tandem,Unclassified,Solyc05g053640.1,0.263991,0.311176,0.848364,0.837241
16654,Solyc05g053640.1,tandem,Unclassified,Solyc05g053630.1,0.263991,0.311176,0.848364,0.837241
16655,Solyc05g053910.1,tandem,TE-like,Solyc05g053920.1,0.0597083,0.197046,0.303017,2.41111e-08
16656,Solyc05g053920.1,tandem,TE-like,Solyc05g053910.1,0.0597083,0.197046,0.303017,2.41111e-08
16657,Solyc05g054000.3,tandem,TE-like,Solyc05g054010.3,0.105637,0.0724777,1.45751,0.29267
16658,Solyc05g054020.2,tandem,TE-like,Solyc05g054010.3,0.139935,0.164467,0.850837,0.180651
16659,Solyc05g054280.1,tandem,TE-like,Solyc05g054290.1,0.163029,0.240564,0.677695,0.156726
16660,Solyc05g054290.1,tandem,TE-like,Solyc05g054280.1,0.163029,0.240564,0.677695,0.156726
16661,Solyc05g054550.3,tandem,TE-like,Solyc05g054540.3,0.0783718,0.274098,0.285926,2.96176e-05
16662,Solyc05g054655.1,tandem,TE-like,Solyc05g054660.1,0.1153,0.228213,0.50523,0.197696
16663,Solyc05g054660.1,tandem,TE-like,Solyc05g054655.1,0.1153,0.228213,0.50523,0.197696
16664,Solyc05g055100.2,tandem,TE-like,Solyc05g055090.3,0.51385,1.44296,0.356108,2.56528e-14
16665,Solyc05g055105.1,tandem,gbM,Solyc05g055100.2,0.241577,0.666538,0.362436,0.00156788
16666,Solyc05g055343.1,tandem,Unclassified,Solyc05g055347.1,0.285306,0.477502,0.597497,0.0530575
16667,Solyc05g055430.3,tandem,gbM,Solyc05g055420.3,0.0448645,0.0515706,0.869964,0.666169
16668,Solyc05g055480.3,tandem,TE-like,Solyc05g055470.3,0.273082,0.552947,0.493867,1.79498e-06
16669,Solyc05g055910.3,tandem,TE-like,Solyc05g055920.3,0.1308,0.397387,0.32915,9.55002e-08
16670,Solyc05g055920.3,tandem,TE-like,Solyc05g055910.3,0.1308,0.397387,0.32915,9.55002e-08
16671,Solyc05g055950.1,tandem,Unclassified,Solyc05g055960.1,0.329086,0.793938,0.414498,0.000125108
16672,Solyc05g055960.1,tandem,TE-like,Solyc05g055950.1,0.329086,0.793938,0.414498,0.000125108
16673,Solyc05g055970.3,tandem,TE-like,Solyc05g055960.1,0.230826,0.472781,0.48823,0.00449248
16674,Solyc05g056210.3,tandem,TE-like,Solyc05g056220.3,0.0832652,0.291486,0.285658,6.01035e-28
16675,Solyc05g056220.3,tandem,TE-like,Solyc05g056210.3,0.0832652,0.291486,0.285658,6.01035e-28
16676,Solyc05g056385.1,tandem,gbM,Solyc05g056390.2,0.0460771,0.137939,0.334039,0.0120025
16677,Solyc05g056390.2,tandem,Unclassified,Solyc05g056385.1,0.0460771,0.137939,0.334039,0.0120025
16678,Solyc05g056430.2,tandem,Unclassified,Solyc05g056440.2,0.075284,0.371815,0.202477,0.000690073
16679,Solyc05g056440.2,tandem,Unclassified,Solyc05g056430.2,0.075284,0.371815,0.202477,0.000690073
16680,Solyc06g005010.1,tandem,Unmethylated,Solyc06g005020.2,0.0872768,0.127427,0.684917,0.410956
16681,Solyc06g005020.2,tandem,TE-like,Solyc06g005010.1,0.0872768,0.127427,0.684917,0.410956
16682,Solyc06g005150.3,tandem,TE-like,Solyc06g005160.3,0.0210699,0.22976,0.0917038,4.72252e-13
16683,Solyc06g005160.3,tandem,gbM,Solyc06g005150.3,0.0210699,0.22976,0.0917038,4.72252e-13
16684,Solyc06g005320.1,tandem,TE-like,Solyc06g005330.3,0.0482904,0.0697533,0.692302,0.344809
16685,Solyc06g005430.1,tandem,Unmethylated,Solyc06g005420.1,NA,0.13692,-8.10856e-15,NA
16686,Solyc06g005770.1,tandem,Unclassified,Solyc06g005780.1,0.384818,0.639418,0.601825,0.0738796
16687,Solyc06g005780.1,tandem,TE-like,Solyc06g005770.1,0.384818,0.639418,0.601825,0.0738796
16688,Solyc06g005813.1,tandem,TE-like,Solyc06g005820.3,NA,NA,NA,NA
16689,Solyc06g005817.1,tandem,Unclassified,Solyc06g005813.1,0.16603,0.446881,0.371529,0.00715181
16690,Solyc06g005820.3,tandem,TE-like,Solyc06g005813.1,NA,NA,NA,NA
16691,Solyc06g006010.2,tandem,TE-like,Solyc06g006020.2,0.190879,0.612674,0.31155,3.97731e-31
16692,Solyc06g006020.2,tandem,TE-like,Solyc06g006010.2,0.190879,0.612674,0.31155,3.97731e-31
16693,Solyc06g006030.1,tandem,TE-like,Solyc06g006040.2,0.0907284,0.272446,0.333014,9.08698e-05
16694,Solyc06g006040.2,tandem,TE-like,Solyc06g006050.2,0.0853931,0.226338,0.377281,4.54236e-13
16695,Solyc06g006050.2,tandem,gbM,Solyc06g006040.2,0.0853931,0.226338,0.377281,4.54236e-13
16696,Solyc06g006053.1,tandem,Unclassified,Solyc06g006057.1,0.134557,0.29292,0.459363,0.00127333
16697,Solyc06g006057.1,tandem,TE-like,Solyc06g006053.1,0.134557,0.29292,0.459363,0.00127333
16698,Solyc06g007130.4,tandem,Unclassified,Solyc06g007140.3,0.0891884,0.62629,0.142407,5.00468e-21
16699,Solyc06g007140.3,tandem,TE-like,Solyc06g007130.4,0.0891884,0.62629,0.142407,5.00468e-21
16700,Solyc06g007200.3,tandem,gbM,Solyc06g007190.3,0.0355374,0.0529036,0.671739,0.180987
16701,Solyc06g007260.1,tandem,Unclassified,Solyc06g007270.1,0.267568,0.586684,0.456068,0.0388732
16702,Solyc06g007270.1,tandem,Unclassified,Solyc06g007260.1,0.267568,0.586684,0.456068,0.0388732
16703,Solyc06g007280.2,tandem,TE-like,Solyc06g007300.2,0.0627608,0.158563,0.395809,0.0006424
16704,Solyc06g007300.2,tandem,TE-like,Solyc06g007280.2,0.0627608,0.158563,0.395809,0.0006424
16705,Solyc06g007330.3,tandem,TE-like,Solyc06g007340.3,0.140453,0.617451,0.227473,4.51217e-13
16706,Solyc06g007340.3,tandem,TE-like,Solyc06g007330.3,0.140453,0.617451,0.227473,4.51217e-13
16707,Solyc06g007550.1,tandem,TE-like,Solyc06g007560.2,0.190918,0.460913,0.414216,1.28196e-05
16708,Solyc06g007560.2,tandem,TE-like,Solyc06g007550.1,0.190918,0.460913,0.414216,1.28196e-05
16709,Solyc06g007730.1,tandem,Unclassified,Solyc06g007740.1,0.0959995,0.106198,0.903968,0.999676
16710,Solyc06g007740.1,tandem,TE-like,Solyc06g007730.1,0.0959995,0.106198,0.903968,0.999676
16711,Solyc06g007920.2,tandem,NA,Solyc06g007910.3,0.216307,1.13482,0.190608,3.94953e-06
16712,Solyc06g008410.1,tandem,TE-like,Solyc06g008400.2,0.13776,1.21837,0.113069,6.22902e-09
16713,Solyc06g008540.1,tandem,Unclassified,NA,NA,NA,NA,NA
16714,Solyc06g008550.1,tandem,Unclassified,NA,NA,NA,NA,NA
16715,Solyc06g008660.3,tandem,Unclassified,Solyc06g008663.1,0.145857,0.298783,0.488169,0.103223
16716,Solyc06g008680.3,tandem,Unclassified,Solyc06g008663.1,0.448723,0.770172,0.582627,0.32079
16717,Solyc06g008805.1,tandem,Unclassified,Solyc06g008810.3,NA,NA,NA,NA
16718,Solyc06g008810.3,tandem,TE-like,Solyc06g008805.1,NA,NA,NA,NA
16719,Solyc06g008950.2,tandem,Unclassified,Solyc06g008940.3,0.0189377,0.033675,0.562366,0.171262
16720,Solyc06g009040.3,tandem,TE-like,Solyc06g009020.2,0.0673284,0.0810994,0.830196,0.593726
16721,Solyc06g009190.3,tandem,TE-like,Solyc06g009180.2,0.500247,4.28202,0.116825,1.42381e-79
16722,Solyc06g009280.1,tandem,gbM,Solyc06g009290.3,0.0694351,0.269153,0.257976,7.0512e-35
16723,Solyc06g009290.3,tandem,gbM,Solyc06g009280.1,0.0694351,0.269153,0.257976,7.0512e-35
16724,Solyc06g009490.3,tandem,TE-like,Solyc06g009500.1,0.320695,0.523068,0.613104,0.101159
16725,Solyc06g009500.1,tandem,gbM,Solyc06g009490.3,0.320695,0.523068,0.613104,0.101159
16726,Solyc06g009533.1,tandem,TE-like,Solyc06g009540.1,0.292301,0.548057,0.53334,1.91746e-07
16727,Solyc06g009537.1,tandem,TE-like,Solyc06g009560.2,0.0259653,0.0368046,0.705489,0.543404
16728,Solyc06g009540.1,tandem,TE-like,Solyc06g009533.1,0.292301,0.548057,0.53334,1.91746e-07
16729,Solyc06g009550.3,tandem,gbM,Solyc06g009540.1,0.110474,0.496323,0.222585,1.14512e-30
16730,Solyc06g009560.2,tandem,TE-like,Solyc06g009537.1,0.0259653,0.0368046,0.705489,0.543404
16731,Solyc06g009867.1,tandem,TE-like,Solyc06g009870.1,0.137966,0.166945,0.826416,0.582514
16732,Solyc06g009870.1,tandem,TE-like,Solyc06g009880.1,0.00861877,0.0437899,0.196821,0.0410673
16733,Solyc06g009880.1,tandem,Unclassified,Solyc06g009870.1,0.00861877,0.0437899,0.196821,0.0410673
16734,Solyc06g009960.2,tandem,TE-like,Solyc06g009970.3,0.00402603,0.13691,0.0294064,8.78479e-06
16735,Solyc06g009970.3,tandem,Unclassified,Solyc06g009960.2,0.00402603,0.13691,0.0294064,8.78479e-06
16736,Solyc06g010100.2,tandem,TE-like,Solyc06g010110.1,0.108408,0.447873,0.242052,3.58207e-06
16737,Solyc06g010110.1,tandem,Unclassified,Solyc06g010100.2,0.108408,0.447873,0.242052,3.58207e-06
16738,Solyc06g011540.3,tandem,Unclassified,Solyc06g011550.3,NA,NA,NA,NA
16739,Solyc06g011550.3,tandem,TE-like,Solyc06g011540.3,NA,NA,NA,NA
16740,Solyc06g011663.1,tandem,TE-like,Solyc06g011667.1,0.261346,0.26462,0.987625,1
16741,Solyc06g011667.1,tandem,TE-like,Solyc06g011663.1,0.261346,0.26462,0.987625,1
16742,Solyc06g018006.1,tandem,Unclassified,Solyc06g018008.1,0.119094,0.246126,0.483873,0.107898
16743,Solyc06g018008.1,tandem,TE-like,Solyc06g018006.1,0.119094,0.246126,0.483873,0.107898
16744,Solyc06g024207.1,tandem,TE-like,Solyc06g024203.1,0.656226,0.961246,0.682682,0.0205249
16745,Solyc06g024380.1,tandem,TE-like,Solyc06g024386.1,0.25739,0.408233,0.630496,0.109081
16746,Solyc06g024386.1,tandem,TE-like,Solyc06g024380.1,0.25739,0.408233,0.630496,0.109081
16747,Solyc06g030610.1,tandem,TE-like,Solyc06g030620.2,0.199209,0.286322,0.695751,0.183457
16748,Solyc06g031697.1,tandem,Unclassified,Solyc06g031710.3,NA,NA,NA,NA
16749,Solyc06g031710.3,tandem,Unclassified,Solyc06g031697.1,NA,NA,NA,NA
16750,Solyc06g033790.1,tandem,TE-like,Solyc06g033800.1,0.0242132,0.0496029,0.488141,0.302854
16751,Solyc06g033800.1,tandem,TE-like,Solyc06g033790.1,0.0242132,0.0496029,0.488141,0.302854
16752,Solyc06g033810.2,tandem,Unclassified,Solyc06g033800.1,0.203032,0.440149,0.461282,0.00741426
16753,Solyc06g033820.2,tandem,TE-like,Solyc06g033830.1,0.178824,0.395001,0.452718,0.0133232
16754,Solyc06g033830.1,tandem,TE-like,Solyc06g033820.2,0.178824,0.395001,0.452718,0.0133232
16755,Solyc06g033890.2,tandem,TE-like,Solyc06g033900.2,0.0900202,0.0890617,1.01076,0.999919
16756,Solyc06g033900.2,tandem,TE-like,Solyc06g033890.2,0.0900202,0.0890617,1.01076,0.999919
16757,Solyc06g033990.1,tandem,Unclassified,Solyc06g034000.2,0.0943165,0.261284,0.360974,0.0165246
16758,Solyc06g034000.2,tandem,TE-like,Solyc06g033990.1,0.0943165,0.261284,0.360974,0.0165246
16759,Solyc06g034063.1,tandem,TE-like,Solyc06g034070.2,0.0187779,0.0362972,0.517339,0.0406103
16760,Solyc06g034067.1,tandem,TE-like,Solyc06g034070.2,0.0564302,0.107441,0.525219,0.000411481
16761,Solyc06g034070.2,tandem,TE-like,Solyc06g034067.1,0.0564302,0.107441,0.525219,0.000411481
16762,Solyc06g035410.2,tandem,Unclassified,Solyc06g035420.1,0.309969,0.591132,0.524365,0.00194695
16763,Solyc06g035420.1,tandem,Unmethylated,Solyc06g035410.2,0.309969,0.591132,0.524365,0.00194695
16764,Solyc06g035455.1,tandem,TE-like,Solyc06g035480.3,0.00226289,0.00545782,0.414614,0.430097
16765,Solyc06g035480.3,tandem,TE-like,Solyc06g035455.1,0.00226289,0.00545782,0.414614,0.430097
16766,Solyc06g035810.1,tandem,Unmethylated,Solyc06g035790.3,0.172151,0.141099,1.22007,0.515504
16767,Solyc06g035900.1,tandem,TE-like,Solyc06g035910.1,0.350792,1.0592,0.331187,0.17169
16768,Solyc06g035910.1,tandem,TE-like,Solyc06g035900.1,0.350792,1.0592,0.331187,0.17169
16769,Solyc06g035990.3,tandem,TE-like,Solyc06g036000.3,0.0214616,0.0615894,0.348462,0.0397499
16770,Solyc06g036000.3,tandem,TE-like,Solyc06g035990.3,0.0214616,0.0615894,0.348462,0.0397499
16771,Solyc06g036231.1,tandem,Unclassified,Solyc06g036240.2,0.25179,1.34161,0.187677,5.52474e-06
16772,Solyc06g036240.2,tandem,gbM,Solyc06g036231.1,0.25179,1.34161,0.187677,5.52474e-06
16773,Solyc06g036605.1,tandem,TE-like,Solyc06g036620.1,0.0863962,0.133431,0.647497,0.0253409
16774,Solyc06g036620.1,tandem,TE-like,Solyc06g036605.1,0.0863962,0.133431,0.647497,0.0253409
16775,Solyc06g042940.1,tandem,TE-like,Solyc06g042930.1,0.210305,0.328754,0.639703,0.099785
16776,Solyc06g042958.1,tandem,TE-like,Solyc06g042954.1,0.276256,0.363576,0.759829,0.613422
16777,Solyc06g042960.2,tandem,TE-like,Solyc06g042980.3,0.00477888,0.0223173,0.214133,0.158106
16778,Solyc06g042980.3,tandem,TE-like,Solyc06g042960.2,0.00477888,0.0223173,0.214133,0.158106
16779,Solyc06g043036.1,tandem,TE-like,Solyc06g043038.1,0.501676,1.68634,0.297494,0.0237545
16780,Solyc06g043038.1,tandem,TE-like,Solyc06g043036.1,0.501676,1.68634,0.297494,0.0237545
16781,Solyc06g043080.2,tandem,TE-like,Solyc06g043117.1,NA,0.0245956,-1.80557e-13,NA
16782,Solyc06g043117.1,tandem,TE-like,Solyc06g043080.2,NA,0.0245956,-1.80557e-13,NA
16783,Solyc06g043352.1,tandem,TE-like,Solyc06g043354.1,0.30401,0.275235,1.10454,0.729349
16784,Solyc06g043354.1,tandem,TE-like,Solyc06g043352.1,0.30401,0.275235,1.10454,0.729349
16785,Solyc06g043356.1,tandem,TE-like,Solyc06g043358.1,0.266931,0.434071,0.614948,0.183146
16786,Solyc06g043358.1,tandem,TE-like,Solyc06g043356.1,0.266931,0.434071,0.614948,0.183146
16787,Solyc06g048420.2,tandem,Unclassified,Solyc06g048410.3,0.0621103,0.279352,0.222337,2.95851e-05
16788,Solyc06g048780.1,tandem,Unclassified,Solyc06g048790.1,0.152154,0.225226,0.675562,0.0733038
16789,Solyc06g048790.1,tandem,Unmethylated,Solyc06g048780.1,0.152154,0.225226,0.675562,0.0733038
16790,Solyc06g050180.2,tandem,TE-like,Solyc06g050200.2,0.0272376,0.0388352,0.701364,0.636189
16791,Solyc06g050185.1,tandem,TE-like,Solyc06g050200.2,0.273204,0.710827,0.384347,0.0177442
16792,Solyc06g050200.2,tandem,TE-like,Solyc06g050185.1,0.273204,0.710827,0.384347,0.0177442
16793,Solyc06g050270.1,tandem,TE-like,Solyc06g050280.1,0.0252092,0.0400047,0.630156,0.186877
16794,Solyc06g050280.1,tandem,TE-like,Solyc06g050270.1,0.0252092,0.0400047,0.630156,0.186877
16795,Solyc06g050290.1,tandem,Unclassified,Solyc06g050280.1,0.0231194,0.0265557,0.870598,0.691631
16796,Solyc06g050300.2,tandem,TE-like,Solyc06g050290.1,0.0464144,0.115108,0.403225,0.000491657
16797,Solyc06g050315.1,tandem,TE-like,Solyc06g050320.3,NA,NA,NA,NA
16798,Solyc06g050320.3,tandem,Unclassified,Solyc06g050315.1,NA,NA,NA,NA
16799,Solyc06g050645.1,tandem,TE-like,Solyc06g050650.1,NA,NA,NA,NA
16800,Solyc06g050650.1,tandem,TE-like,Solyc06g050645.1,NA,NA,NA,NA
16801,Solyc06g050800.3,tandem,Unclassified,Solyc06g050790.3,0.351809,4.33361,0.0811815,2.47825e-53
16802,Solyc06g051010.1,tandem,Unclassified,Solyc06g051020.2,0.210621,1.43382,0.146895,1.45386e-34
16803,Solyc06g051020.2,tandem,Unclassified,Solyc06g051010.1,0.210621,1.43382,0.146895,1.45386e-34
16804,Solyc06g051230.4,tandem,gbM,Solyc06g051235.1,0.0508926,0.0821418,0.61957,0.155892
16805,Solyc06g051235.1,tandem,gbM,Solyc06g051230.4,0.0508926,0.0821418,0.61957,0.155892
16806,Solyc06g051620.3,tandem,TE-like,Solyc06g051630.4,0.290442,4.32547,0.067147,4.43406e-86
16807,Solyc06g051630.4,tandem,Unclassified,Solyc06g051620.3,0.290442,4.32547,0.067147,4.43406e-86
16808,Solyc06g051850.2,tandem,gbM,Solyc06g051860.3,0.0624555,0.646447,0.0966135,2.70358e-52
16809,Solyc06g051860.3,tandem,Unclassified,Solyc06g051850.2,0.0624555,0.646447,0.0966135,2.70358e-52
16810,Solyc06g052100.2,tandem,TE-like,Solyc06g052110.1,0.157877,0.135503,1.16511,0.7136
16811,Solyc06g052130.2,tandem,Unclassified,Solyc06g052110.1,0.0299182,NA,NA,NA
16812,Solyc06g053290.1,tandem,Unclassified,Solyc06g053260.1,0.194824,2.34819,0.0829681,3.72921e-17
16813,Solyc06g053510.3,tandem,TE-like,Solyc06g053520.3,0.0266923,0.0349638,0.763425,0.593958
16814,Solyc06g053520.3,tandem,TE-like,Solyc06g053510.3,0.0266923,0.0349638,0.763425,0.593958
16815,Solyc06g053653.1,tandem,Unclassified,Solyc06g053660.3,0.0647821,0.0742209,0.872828,0.663798
16816,Solyc06g053675.1,tandem,TE-like,Solyc06g053690.2,0.126268,0.194627,0.648768,0.284189
16817,Solyc06g053690.2,tandem,TE-like,Solyc06g053675.1,0.126268,0.194627,0.648768,0.284189
16818,Solyc06g053880.1,tandem,TE-like,Solyc06g053870.3,0.107524,0.164556,0.653416,0.413504
16819,Solyc06g053990.1,tandem,Unmethylated,Solyc06g054000.1,0.0483755,0.149218,0.324194,0.0589365
16820,Solyc06g054000.1,tandem,Unmethylated,Solyc06g053990.1,0.0483755,0.149218,0.324194,0.0589365
16821,Solyc06g054110.2,tandem,TE-like,Solyc06g054120.2,0.0920532,0.198829,0.462976,0.0163359
16822,Solyc06g054250.3,tandem,gbM,Solyc06g054240.3,0.263184,0.686721,0.383248,2.03689e-08
16823,Solyc06g054600.2,tandem,TE-like,Solyc06g054620.3,0.510642,1.2602,0.405208,0.0338722
16824,Solyc06g054620.3,tandem,TE-like,Solyc06g054600.2,0.510642,1.2602,0.405208,0.0338722
16825,Solyc06g059720.3,tandem,TE-like,Solyc06g059710.3,0.0828847,0.232198,0.356957,5.77138e-08
16826,Solyc06g059750.3,tandem,TE-like,Solyc06g059755.1,0.605421,2.29103,0.264257,4.11286e-05
16827,Solyc06g059755.1,tandem,gbM,Solyc06g059760.3,0.585866,2.14205,0.273508,9.19117e-05
16828,Solyc06g059760.3,tandem,TE-like,Solyc06g059755.1,0.585866,2.14205,0.273508,9.19117e-05
16829,Solyc06g059805.1,tandem,gbM,Solyc06g059810.1,0.176885,0.541423,0.326704,6.55121e-11
16830,Solyc06g059810.1,tandem,gbM,Solyc06g059820.1,0.402883,2.14596,0.18774,7.18401e-11
16831,Solyc06g059820.1,tandem,gbM,Solyc06g059810.1,0.402883,2.14596,0.18774,7.18401e-11
16832,Solyc06g059840.3,tandem,Unclassified,Solyc06g059850.2,0.224511,1.69356,0.132567,2.1223e-50
16833,Solyc06g059850.2,tandem,Unclassified,Solyc06g059840.3,0.224511,1.69356,0.132567,2.1223e-50
16834,Solyc06g060430.1,tandem,Unclassified,Solyc06g060440.2,0.340244,0.548485,0.620335,0.25617
16835,Solyc06g060440.2,tandem,Unclassified,Solyc06g060430.1,0.340244,0.548485,0.620335,0.25617
16836,Solyc06g060450.3,tandem,Unmethylated,Solyc06g060440.2,0.109017,0.153479,0.710303,0.23174
16837,Solyc06g060510.2,tandem,TE-like,Solyc06g060520.1,0.439809,3.82618,0.114947,1.36531e-34
16838,Solyc06g060520.1,tandem,Unclassified,Solyc06g060510.2,0.439809,3.82618,0.114947,1.36531e-34
16839,Solyc06g060580.2,tandem,Unclassified,Solyc06g060590.3,0.154481,0.657905,0.234808,7.04579e-14
16840,Solyc06g060590.3,tandem,gbM,Solyc06g060580.2,0.154481,0.657905,0.234808,7.04579e-14
16841,Solyc06g060680.2,tandem,Unmethylated,Solyc06g060690.2,0.244361,0.46995,0.519974,0.0013433
16842,Solyc06g060690.2,tandem,Unmethylated,Solyc06g060700.1,0.124707,0.31473,0.396233,0.00194011
16843,Solyc06g060700.1,tandem,Unmethylated,Solyc06g060690.2,0.124707,0.31473,0.396233,0.00194011
16844,Solyc06g061090.3,tandem,Unclassified,Solyc06g061100.3,0.058184,0.179732,0.323727,0.000433227
16845,Solyc06g061250.2,tandem,Unclassified,Solyc06g061240.3,0.205406,0.348143,0.590005,0.0224901
16846,Solyc06g062305.1,tandem,TE-like,Solyc06g062310.3,0.149129,0.248267,0.60068,0.164774
16847,Solyc06g062310.3,tandem,Unclassified,Solyc06g062305.1,0.149129,0.248267,0.60068,0.164774
16848,Solyc06g062375.1,tandem,TE-like,Solyc06g062370.3,0.28994,0.637424,0.454862,0.000978678
16849,Solyc06g062380.3,tandem,TE-like,Solyc06g062375.1,0.253975,0.420591,0.603852,0.0281446
16850,Solyc06g062390.3,tandem,TE-like,Solyc06g062380.3,0.131022,0.489802,0.267499,3.28037e-11
16851,Solyc06g062550.4,tandem,Unclassified,Solyc06g062540.3,0.0347697,0.118461,0.293511,0.000146226
16852,Solyc06g062560.2,tandem,Unmethylated,Solyc06g062550.4,0.0300147,0.0934994,0.321014,0.000819696
16853,Solyc06g062623.1,tandem,Unclassified,Solyc06g062630.2,0.128747,0.341193,0.377344,0.0164184
16854,Solyc06g062630.2,tandem,Unclassified,Solyc06g062623.1,0.128747,0.341193,0.377344,0.0164184
16855,Solyc06g062730.2,tandem,gbM,Solyc06g062720.2,0.316696,0.4108,0.770925,0.205022
16856,Solyc06g062740.2,tandem,Unclassified,Solyc06g062730.2,0.308977,0.302475,1.0215,0.906058
16857,Solyc06g062883.1,tandem,TE-like,Solyc06g062890.3,0.301096,0.361108,0.833812,0.652351
16858,Solyc06g062890.3,tandem,TE-like,Solyc06g062883.1,0.301096,0.361108,0.833812,0.652351
16859,Solyc06g063130.3,tandem,Unclassified,Solyc06g063140.3,0.0125491,0.0230175,0.545197,0.282445
16860,Solyc06g063170.3,tandem,gbM,Solyc06g063180.2,0.149065,0.271462,0.549118,4.40573e-07
16861,Solyc06g063180.2,tandem,Unclassified,Solyc06g063190.3,0.147122,0.271951,0.540987,3.47495e-08
16862,Solyc06g063190.3,tandem,gbM,Solyc06g063200.2,0.128923,0.366156,0.3521,1.79663e-21
16863,Solyc06g063200.2,tandem,gbM,Solyc06g063210.3,0.146547,0.337044,0.434799,6.18451e-14
16864,Solyc06g063210.3,tandem,TE-like,Solyc06g063200.2,0.146547,0.337044,0.434799,6.18451e-14
16865,Solyc06g063390.3,tandem,Unclassified,Solyc06g063400.3,0.0378069,0.0980742,0.385493,0.228351
16866,Solyc06g063400.3,tandem,TE-like,Solyc06g063390.3,0.0378069,0.0980742,0.385493,0.228351
16867,Solyc06g064460.3,tandem,Unclassified,Solyc06g064470.3,0.00702489,0.238779,0.0294201,1.79745e-20
16868,Solyc06g064470.3,tandem,Unclassified,Solyc06g064460.3,0.00702489,0.238779,0.0294201,1.79745e-20
16869,Solyc06g064500.2,tandem,Unclassified,Solyc06g064510.2,0.138559,0.614264,0.225569,9.57047e-16
16870,Solyc06g064510.2,tandem,Unclassified,Solyc06g064500.2,0.138559,0.614264,0.225569,9.57047e-16
16871,Solyc06g064580.2,tandem,gbM,Solyc06g064590.2,0.603756,3.63026,0.166312,2.06347e-36
16872,Solyc06g064590.2,tandem,Unclassified,Solyc06g064580.2,0.603756,3.63026,0.166312,2.06347e-36
16873,Solyc06g064680.1,tandem,gbM,Solyc06g064690.1,0.128106,0.260027,0.492662,0.0146244
16874,Solyc06g064690.1,tandem,TE-like,Solyc06g064680.1,0.128106,0.260027,0.492662,0.0146244
16875,Solyc06g064710.1,tandem,TE-like,Solyc06g064720.1,0.312875,0.378625,0.826345,0.412464
16876,Solyc06g064720.1,tandem,gbM,Solyc06g064710.1,0.312875,0.378625,0.826345,0.412464
16877,Solyc06g064750.1,tandem,TE-like,Solyc06g064760.1,0.124833,0.198778,0.628003,0.00119155
16878,Solyc06g064760.1,tandem,Unclassified,Solyc06g064750.1,0.124833,0.198778,0.628003,0.00119155
16879,Solyc06g064850.2,tandem,Unclassified,Solyc06g064860.2,0.366891,1.44673,0.2536,2.65405e-20
16880,Solyc06g064860.2,tandem,Unclassified,Solyc06g064850.2,0.366891,1.44673,0.2536,2.65405e-20
16881,Solyc06g064920.2,tandem,Unclassified,Solyc06g064930.2,0.274287,2.71113,0.101171,9.99313e-12
16882,Solyc06g064930.2,tandem,Unclassified,Solyc06g064920.2,0.274287,2.71113,0.101171,9.99313e-12
16883,Solyc06g064960.3,tandem,TE-like,Solyc06g064970.3,0.106944,0.291003,0.3675,4.18029e-07
16884,Solyc06g064970.3,tandem,Unclassified,Solyc06g064980.3,0.111394,0.45543,0.244591,7.06599e-15
16885,Solyc06g064980.3,tandem,Unclassified,Solyc06g064970.3,0.111394,0.45543,0.244591,7.06599e-15
16886,Solyc06g064990.2,tandem,Unclassified,Solyc06g064980.3,0.0951734,0.292828,0.325014,2.95424e-08
16887,Solyc06g065050.2,tandem,Unclassified,Solyc06g065055.1,0.316755,0.926708,0.341806,0.00382391
16888,Solyc06g065055.1,tandem,Unmethylated,Solyc06g065050.2,0.316755,0.926708,0.341806,0.00382391
16889,Solyc06g065060.1,tandem,TE-like,Solyc06g065070.1,0.0555527,0.183071,0.303449,3.16185e-09
16890,Solyc06g065070.1,tandem,TE-like,Solyc06g065060.1,0.0555527,0.183071,0.303449,3.16185e-09
16891,Solyc06g065420.2,tandem,Unclassified,Solyc06g065430.3,0.253853,4.25293,0.059689,2.13741e-78
16892,Solyc06g065430.3,tandem,TE-like,Solyc06g065420.2,0.253853,4.25293,0.059689,2.13741e-78
16893,Solyc06g065990.1,tandem,NA,Solyc06g066000.2,0.0227711,0.143971,0.158164,1.027e-06
16894,Solyc06g066000.2,tandem,Unmethylated,Solyc06g065990.1,0.0227711,0.143971,0.158164,1.027e-06
16895,Solyc06g066160.3,tandem,TE-like,Solyc06g066170.3,0.191189,3.89843,0.0490425,1.10823e-66
16896,Solyc06g066170.3,tandem,TE-like,Solyc06g066160.3,0.191189,3.89843,0.0490425,1.10823e-66
16897,Solyc06g066230.3,tandem,TE-like,Solyc06g066240.3,0.212741,1.77739,0.119693,3.16475e-41
16898,Solyc06g066240.3,tandem,TE-like,Solyc06g066230.3,0.212741,1.77739,0.119693,3.16475e-41
16899,Solyc06g066270.1,tandem,Unclassified,Solyc06g084820.2,0.107401,0.477988,0.224695,2.02218e-22
16900,Solyc06g066280.3,tandem,TE-like,Solyc06g066270.1,0.0879307,0.393991,0.223179,7.50946e-22
16901,Solyc06g066510.1,tandem,Unmethylated,Solyc06g066500.1,0.198912,0.536119,0.371022,0.0100188
16902,Solyc06g066520.1,tandem,Unmethylated,NA,NA,NA,NA,NA
16903,Solyc06g066830.3,tandem,TE-like,Solyc06g066840.3,0.106921,0.66817,0.16002,6.82815e-18
16904,Solyc06g066850.1,tandem,Unclassified,NA,NA,NA,NA,NA
16905,Solyc06g066860.1,tandem,TE-like,Solyc06g067860.3,0.471463,3.89994,0.12089,7.76994e-29
16906,Solyc06g067860.3,tandem,TE-like,Solyc06g066860.1,0.471463,3.89994,0.12089,7.76994e-29
16907,Solyc06g067870.3,tandem,Unclassified,Solyc06g067860.3,0.406052,2.03713,0.199326,9.65756e-23
16908,Solyc06g068110.3,tandem,Unclassified,Solyc06g068120.3,0.0281479,0.0380174,0.740397,0.650842
16909,Solyc06g068120.3,tandem,TE-like,Solyc06g068110.3,0.0281479,0.0380174,0.740397,0.650842
16910,Solyc06g068210.2,tandem,TE-like,Solyc06g068200.1,0.236787,0.381728,0.620303,0.00027104
16911,Solyc06g068260.2,tandem,gbM,Solyc06g068270.3,0.0777506,0.297863,0.261028,1.66849e-09
16912,Solyc06g068750.3,tandem,Unmethylated,Solyc06g068740.3,0.0793261,0.289556,0.273958,1.64581e-06
16913,Solyc06g068850.3,tandem,gbM,Solyc06g068855.1,0.182611,0.49626,0.367974,0.00162159
16914,Solyc06g068855.1,tandem,TE-like,Solyc06g068850.3,0.182611,0.49626,0.367974,0.00162159
16915,Solyc06g069665.1,tandem,TE-like,Solyc06g069670.3,0.241228,0.397413,0.606994,5.79668e-06
16916,Solyc06g069670.3,tandem,TE-like,Solyc06g069665.1,0.241228,0.397413,0.606994,5.79668e-06
16917,Solyc06g069805.1,tandem,Unmethylated,Solyc06g069810.1,0.196337,0.944591,0.207854,2.94987e-07
16918,Solyc06g069820.3,tandem,gbM,Solyc06g069810.1,0.276332,0.675246,0.409232,5.87117e-07
16919,Solyc06g071060.1,tandem,Unmethylated,Solyc06g071070.1,0.0772611,0.405585,0.190493,1.02747e-15
16920,Solyc06g071070.1,tandem,Unmethylated,Solyc06g071060.1,0.0772611,0.405585,0.190493,1.02747e-15
16921,Solyc06g071293.1,tandem,Unmethylated,Solyc06g071297.1,NA,NA,NA,NA
16922,Solyc06g071297.1,tandem,Unclassified,Solyc06g071293.1,NA,NA,NA,NA
16923,Solyc06g071460.3,tandem,gbM,Solyc06g071470.3,NA,NA,NA,NA
16924,Solyc06g071730.3,tandem,Unclassified,Solyc06g071725.1,0.325617,0.318268,1.02309,0.639992
16925,Solyc06g071820.3,tandem,Unclassified,Solyc06g071830.2,0.173667,0.67375,0.257762,2.48999e-13
16926,Solyc06g071830.2,tandem,Unclassified,Solyc06g071820.3,0.173667,0.67375,0.257762,2.48999e-13
16927,Solyc06g071880.3,tandem,gbM,Solyc06g071870.3,0.0533172,0.230321,0.231491,3.90446e-06
16928,Solyc06g072000.2,tandem,TE-like,Solyc06g072010.2,0.178329,0.326171,0.546733,0.104463
16929,Solyc06g072010.2,tandem,TE-like,Solyc06g072000.2,0.178329,0.326171,0.546733,0.104463
16930,Solyc06g072070.2,tandem,Unmethylated,Solyc06g072060.1,0.406879,2.93947,0.138419,1.27557e-12
16931,Solyc06g072100.2,tandem,gbM,Solyc06g072090.2,0.0510949,0.212454,0.240498,5.77663e-17
16932,Solyc06g072165.1,tandem,gbM,Solyc06g072170.2,0.0309246,0.0263313,1.17444,0.955277
16933,Solyc06g072170.2,tandem,gbM,Solyc06g072165.1,0.0309246,0.0263313,1.17444,0.955277
16934,Solyc06g072180.1,tandem,Unclassified,Solyc06g072190.1,0.166845,0.186538,0.89443,0.813429
16935,Solyc06g072190.1,tandem,Unclassified,Solyc06g072180.1,0.166845,0.186538,0.89443,0.813429
16936,Solyc06g072193.1,tandem,Unclassified,Solyc06g072197.1,0.299905,0.295032,1.01652,0.801017
16937,Solyc06g072197.1,tandem,Unclassified,Solyc06g072200.1,0.116326,0.250376,0.464605,0.104956
16938,Solyc06g072200.1,tandem,Unmethylated,Solyc06g072197.1,0.116326,0.250376,0.464605,0.104956
16939,Solyc06g072220.1,tandem,Unclassified,Solyc06g072210.1,0.460355,3.53908,0.130078,1.28501e-26
16940,Solyc06g072260.2,tandem,Unclassified,Solyc06g072270.3,0.0594522,0.0496226,1.19809,0.802939
16941,Solyc06g072445.1,tandem,TE-like,Solyc06g072450.1,0.210903,0.428987,0.49163,0.00403626
16942,Solyc06g072450.1,tandem,Unclassified,Solyc06g072455.1,0.244489,0.347379,0.70381,0.207723
16943,Solyc06g072455.1,tandem,Unclassified,Solyc06g072450.1,0.244489,0.347379,0.70381,0.207723
16944,Solyc06g072500.2,tandem,TE-like,Solyc06g072510.3,0.0416571,0.206368,0.201858,5.66302e-07
16945,Solyc06g072620.3,tandem,Unclassified,Solyc06g072630.3,0.0733643,0.138278,0.530558,0.0223943
16946,Solyc06g072630.3,tandem,Unclassified,Solyc06g072620.3,0.0733643,0.138278,0.530558,0.0223943
16947,Solyc06g072845.1,tandem,TE-like,Solyc06g072840.3,0.307027,1.37545,0.223218,1.36944e-05
16948,Solyc06g072880.2,tandem,gbM,Solyc06g072870.1,0.107312,0.395865,0.271082,1.4795e-16
16949,Solyc06g073140.2,tandem,gbM,Solyc06g073160.3,0.0265436,0.047315,0.560998,0.0657472
16950,Solyc06g073150.3,tandem,Unclassified,Solyc06g073160.3,0.017102,0.0453609,0.377021,0.00924374
16951,Solyc06g073160.3,tandem,TE-like,Solyc06g073140.2,0.0265436,0.047315,0.560998,0.0657472
16952,Solyc06g073200.3,tandem,TE-like,Solyc06g073210.3,0.00955277,0.0135218,0.706469,0.644265
16953,Solyc06g073210.3,tandem,TE-like,Solyc06g073200.3,0.00955277,0.0135218,0.706469,0.644265
16954,Solyc06g073540.3,tandem,TE-like,Solyc06g073530.2,0.0740928,0.234445,0.316035,4.04727e-16
16955,Solyc06g073590.3,tandem,TE-like,Solyc06g073600.3,0.0730463,0.0881467,0.82869,0.480815
16956,Solyc06g073730.2,tandem,gbM,Solyc06g073720.2,0.101577,0.319941,0.317486,1.71595e-15
16957,Solyc06g073750.3,tandem,gbM,Solyc06g073740.3,0.137624,2.26353,0.0608009,2.05954e-88
16958,Solyc06g073760.3,tandem,gbM,Solyc06g073750.3,0.0727268,0.199544,0.364465,1.9813e-09
16959,Solyc06g073790.3,tandem,gbM,Solyc06g073800.3,NA,0.0361613,-3.07019e-14,NA
16960,Solyc06g073800.3,tandem,Unclassified,Solyc06g073790.3,NA,0.0361613,-3.07019e-14,NA
16961,Solyc06g073860.2,tandem,TE-like,Solyc06g073880.3,0.0681637,0.282828,0.241008,9.21975e-08
16962,Solyc06g073880.3,tandem,TE-like,Solyc06g073860.2,0.0681637,0.282828,0.241008,9.21975e-08
16963,Solyc06g074240.2,tandem,gbM,Solyc06g074250.3,0.10914,0.268177,0.406971,0.000184438
16964,Solyc06g074250.3,tandem,Unclassified,Solyc06g074240.2,0.10914,0.268177,0.406971,0.000184438
16965,Solyc06g074340.3,tandem,Unclassified,Solyc06g074330.3,0.443174,3.92517,0.112906,2.88183e-30
16966,Solyc06g074790.1,tandem,Unmethylated,Solyc06g074780.1,0.0247879,0.766709,0.0323303,1.26207e-21
16967,Solyc06g074855.1,tandem,Unclassified,Solyc06g074860.2,0.250701,0.312581,0.802035,0.369559
16968,Solyc06g074860.2,tandem,Unclassified,Solyc06g074855.1,0.250701,0.312581,0.802035,0.369559
16969,Solyc06g074870.2,tandem,Unclassified,Solyc06g074900.2,0.150682,0.317326,0.474851,0.00165344
16970,Solyc06g074900.2,tandem,Unmethylated,Solyc06g074870.2,0.150682,0.317326,0.474851,0.00165344
16971,Solyc06g074915.1,tandem,NA,NA,NA,NA,NA,NA
16972,Solyc06g074990.2,tandem,TE-like,Solyc06g074995.1,0.134113,0.288083,0.465534,0.0741176
16973,Solyc06g074995.1,tandem,Unmethylated,Solyc06g074990.2,0.134113,0.288083,0.465534,0.0741176
16974,Solyc06g075060.1,tandem,TE-like,Solyc06g075070.3,0.118529,0.416641,0.284488,7.24765e-07
16975,Solyc06g075070.3,tandem,TE-like,Solyc06g075060.1,0.118529,0.416641,0.284488,7.24765e-07
16976,Solyc06g075120.1,tandem,Unmethylated,Solyc06g075130.3,0.0204052,0.253897,0.0803682,8.09588e-05
16977,Solyc06g075260.3,tandem,Unclassified,Solyc06g075270.3,0.126068,0.468839,0.268894,2.74643e-15
16978,Solyc06g075280.3,tandem,Unclassified,Solyc06g075290.3,0.0945113,0.304265,0.310622,1.6264e-07
16979,Solyc06g075290.3,tandem,Unclassified,Solyc06g075280.3,0.0945113,0.304265,0.310622,1.6264e-07
16980,Solyc06g075450.2,tandem,Unmethylated,Solyc06g075470.2,0.0698388,0.131973,0.529189,0.0179491
16981,Solyc06g075460.3,tandem,Unmethylated,Solyc06g075480.3,0.208308,0.440111,0.473308,0.00635717
16982,Solyc06g075470.2,tandem,Unclassified,Solyc06g075450.2,0.0698388,0.131973,0.529189,0.0179491
16983,Solyc06g075480.3,tandem,Unclassified,Solyc06g075460.3,0.208308,0.440111,0.473308,0.00635717
16984,Solyc06g075500.3,tandem,Unclassified,Solyc06g075490.1,0.0761083,0.246009,0.309372,2.32606e-12
16985,Solyc06g075513.1,tandem,TE-like,Solyc06g075520.3,0.153031,0.4777,0.320349,0.00155091
16986,Solyc06g075520.3,tandem,TE-like,Solyc06g075513.1,0.153031,0.4777,0.320349,0.00155091
16987,Solyc06g075667.1,tandem,TE-like,Solyc06g075680.1,0.0309708,0.0544582,0.568708,0.25216
16988,Solyc06g075670.1,tandem,Unmethylated,Solyc06g075660.3,0.109498,0.829553,0.131996,6.10544e-05
16989,Solyc06g075680.1,tandem,TE-like,Solyc06g075667.1,0.0309708,0.0544582,0.568708,0.25216
16990,Solyc06g075730.2,tandem,NA,Solyc06g075735.1,NA,NA,NA,NA
16991,Solyc06g075735.1,tandem,NA,Solyc06g075730.2,NA,NA,NA,NA
16992,Solyc06g075740.2,tandem,NA,Solyc06g075735.1,NA,NA,NA,NA
16993,Solyc06g075770.1,tandem,TE-like,Solyc06g075760.2,0.487268,0.311124,1.56615,0.0454019
16994,Solyc06g075900.1,tandem,Unclassified,Solyc06g075910.1,0.295993,0.250126,1.18338,0.247701
16995,Solyc06g076210.2,tandem,Unclassified,Solyc06g076200.1,0.0584408,0.105119,0.555951,0.0271401
16996,Solyc06g076540.1,tandem,TE-like,Solyc06g076520.1,0.0272845,0.35173,0.0775724,1.00939e-12
16997,Solyc06g076560.2,tandem,Unmethylated,Solyc06g076570.3,0.0313255,0.366228,0.0855354,3.29303e-12
16998,Solyc06g076570.3,tandem,Unmethylated,Solyc06g076560.2,0.0313255,0.366228,0.0855354,3.29303e-12
16999,Solyc06g076680.3,tandem,Unmethylated,Solyc06g076690.3,0.126745,0.877812,0.144388,2.95883e-16
17000,Solyc06g076690.3,tandem,Unclassified,Solyc06g076680.3,0.126745,0.877812,0.144388,2.95883e-16
17001,Solyc06g076710.2,tandem,gbM,Solyc06g076740.2,0.105888,0.216115,0.489961,0.0027141
17002,Solyc06g076740.2,tandem,gbM,Solyc06g076710.2,0.105888,0.216115,0.489961,0.0027141
17003,Solyc06g082100.3,tandem,TE-like,Solyc06g082120.3,0.172817,0.279627,0.618027,0.0121177
17004,Solyc06g082110.1,tandem,Unmethylated,Solyc06g082120.3,0.174143,0.220234,0.790716,0.608699
17005,Solyc06g082120.3,tandem,Unclassified,Solyc06g082110.1,0.174143,0.220234,0.790716,0.608699
17006,Solyc06g082170.2,tandem,TE-like,Solyc06g082180.2,0.142985,0.520774,0.274562,3.69528e-10
17007,Solyc06g082180.2,tandem,Unmethylated,Solyc06g082170.2,0.142985,0.520774,0.274562,3.69528e-10
17008,Solyc06g082300.3,tandem,Unclassified,Solyc06g082310.3,0.19289,0.365701,0.527453,0.0345002
17009,Solyc06g082310.3,tandem,Unclassified,Solyc06g082300.3,0.19289,0.365701,0.527453,0.0345002
17010,Solyc06g082330.1,tandem,Unclassified,Solyc06g082340.2,0.316225,0.938528,0.336938,2.33263e-10
17011,Solyc06g082340.2,tandem,TE-like,Solyc06g082330.1,0.316225,0.938528,0.336938,2.33263e-10
17012,Solyc06g082530.2,tandem,Unclassified,Solyc06g082535.1,0.0160094,0.170907,0.093673,4.89376e-12
17013,Solyc06g082535.1,tandem,Unclassified,Solyc06g082530.2,0.0160094,0.170907,0.093673,4.89376e-12
17014,Solyc06g082750.3,tandem,gbM,Solyc06g082760.3,0.0191631,0.482541,0.0397129,2.90753e-18
17015,Solyc06g082760.3,tandem,Unclassified,Solyc06g082750.3,0.0191631,0.482541,0.0397129,2.90753e-18
17016,Solyc06g082900.3,tandem,gbM,Solyc06g082895.1,NA,NA,NA,NA
17017,Solyc06g082940.3,tandem,Unclassified,Solyc06g082950.3,0.0167639,0.163668,0.102427,1.90898e-09
17018,Solyc06g082950.3,tandem,Unclassified,Solyc06g082940.3,0.0167639,0.163668,0.102427,1.90898e-09
17019,Solyc06g083020.2,tandem,TE-like,Solyc06g083030.3,0.115777,0.316653,0.365627,2.69929e-08
17020,Solyc06g083030.3,tandem,TE-like,Solyc06g083020.2,0.115777,0.316653,0.365627,2.69929e-08
17021,Solyc06g083040.3,tandem,Unclassified,Solyc06g083050.3,0.073783,0.129059,0.571701,0.00635425
17022,Solyc06g083050.3,tandem,gbM,Solyc06g083040.3,0.073783,0.129059,0.571701,0.00635425
17023,Solyc06g083090.3,tandem,TE-like,Solyc06g083100.2,0.0317202,0.0887193,0.357535,3.97413e-05
17024,Solyc06g083100.2,tandem,TE-like,Solyc06g083090.3,0.0317202,0.0887193,0.357535,3.97413e-05
17025,Solyc06g083280.2,tandem,Unmethylated,Solyc06g083270.3,0.119429,0.405618,0.294437,6.82588e-10
17026,Solyc06g083450.3,tandem,Unmethylated,Solyc06g083445.1,0.0973241,0.218715,0.444983,0.00247464
17027,Solyc06g083470.3,tandem,TE-like,Solyc06g083480.3,0.153576,0.547313,0.280599,9.42002e-07
17028,Solyc06g083480.3,tandem,TE-like,Solyc06g083470.3,0.153576,0.547313,0.280599,9.42002e-07
17029,Solyc06g083490.3,tandem,TE-like,Solyc06g083480.3,0.0292023,0.150686,0.193796,0.00111441
17030,Solyc06g083550.1,tandem,Unmethylated,Solyc06g083540.3,0.411676,1.84762,0.222814,5.1882e-17
17031,Solyc06g083570.3,tandem,Unclassified,Solyc06g083580.3,0.00734363,0.0214257,0.342749,0.269836
17032,Solyc06g084820.2,tandem,Unclassified,Solyc06g066270.1,0.107401,0.477988,0.224695,2.02218e-22
17033,Solyc07g005080.1,tandem,TE-like,Solyc07g005090.3,0.442909,3.08191,0.143712,7.74218e-30
17034,Solyc07g005090.3,tandem,gbM,Solyc07g005100.3,0.548354,4.02109,0.13637,7.82585e-35
17035,Solyc07g005100.3,tandem,TE-like,Solyc07g005090.3,0.548354,4.02109,0.13637,7.82585e-35
17036,Solyc07g005110.3,tandem,TE-like,Solyc07g005100.3,0.562766,1.80462,0.311848,1.89077e-15
17037,Solyc07g005160.1,tandem,Unmethylated,Solyc07g005170.2,0.136722,0.726781,0.18812,0.000115748
17038,Solyc07g005170.2,tandem,TE-like,Solyc07g005160.1,0.136722,0.726781,0.18812,0.000115748
17039,Solyc07g005215.1,tandem,TE-like,Solyc07g005220.1,0.151133,0.114132,1.3242,0.596544
17040,Solyc07g005220.1,tandem,Unmethylated,Solyc07g005215.1,0.151133,0.114132,1.3242,0.596544
17041,Solyc07g005345.1,tandem,TE-like,Solyc07g005350.3,0.229899,1.71711,0.133887,0.0018699
17042,Solyc07g005350.3,tandem,TE-like,Solyc07g005345.1,0.229899,1.71711,0.133887,0.0018699
17043,Solyc07g005370.3,tandem,NA,Solyc07g005380.3,0.446814,1.89515,0.235767,1.00609e-09
17044,Solyc07g005380.3,tandem,TE-like,Solyc07g005370.3,0.446814,1.89515,0.235767,1.00609e-09
17045,Solyc07g005450.3,tandem,TE-like,Solyc07g005460.3,0.0192836,0.0364111,0.529608,0.10307
17046,Solyc07g005460.3,tandem,TE-like,Solyc07g005450.3,0.0192836,0.0364111,0.529608,0.10307
17047,Solyc07g005700.3,tandem,gbM,Solyc07g005710.3,0.175449,0.551869,0.317918,0.000185205
17048,Solyc07g005710.3,tandem,Unclassified,Solyc07g005700.3,0.175449,0.551869,0.317918,0.000185205
17049,Solyc07g005720.3,tandem,TE-like,Solyc07g005730.3,0.152309,0.215335,0.707313,0.468357
17050,Solyc07g005730.3,tandem,TE-like,Solyc07g005720.3,0.152309,0.215335,0.707313,0.468357
17051,Solyc07g006045.1,tandem,TE-like,Solyc07g006050.2,0.00077837,0.00247518,0.31447,0.365226
17052,Solyc07g006050.2,tandem,TE-like,Solyc07g006045.1,0.00077837,0.00247518,0.31447,0.365226
17053,Solyc07g006385.1,tandem,TE-like,Solyc07g006390.2,0.332518,1.99384,0.166773,1.80742e-07
17054,Solyc07g006390.2,tandem,TE-like,Solyc07g006395.1,0.328581,2.18824,0.150158,2.11693e-12
17055,Solyc07g006395.1,tandem,gbM,Solyc07g006390.2,0.328581,2.18824,0.150158,2.11693e-12
17056,Solyc07g006430.1,tandem,TE-like,Solyc07g006440.1,0.135664,0.562833,0.241038,6.65787e-20
17057,Solyc07g006440.1,tandem,TE-like,Solyc07g006430.1,0.135664,0.562833,0.241038,6.65787e-20
17058,Solyc07g006450.1,tandem,Unclassified,Solyc07g006440.1,0.051466,0.166286,0.309503,1.15957e-07
17059,Solyc07g006460.1,tandem,TE-like,Solyc07g006470.1,0.0574197,0.114016,0.50361,0.00168597
17060,Solyc07g006470.1,tandem,gbM,Solyc07g006460.1,0.0574197,0.114016,0.50361,0.00168597
17061,Solyc07g006670.1,tandem,TE-like,Solyc07g006680.1,0.0957393,0.167385,0.57197,0.00491516
17062,Solyc07g006680.1,tandem,gbM,Solyc07g006670.1,0.0957393,0.167385,0.57197,0.00491516
17063,Solyc07g006700.1,tandem,Unmethylated,Solyc07g006710.1,0.427944,3.38892,0.126277,4.39336e-18
17064,Solyc07g006710.1,tandem,TE-like,Solyc07g006700.1,0.427944,3.38892,0.126277,4.39336e-18
17065,Solyc07g006730.3,tandem,TE-like,Solyc07g006740.3,0.173424,1.40943,0.123045,6.22066e-49
17066,Solyc07g006740.3,tandem,TE-like,Solyc07g006730.3,0.173424,1.40943,0.123045,6.22066e-49
17067,Solyc07g006850.2,tandem,TE-like,Solyc07g006860.3,0.0115792,0.0535065,0.216408,0.00381117
17068,Solyc07g006860.3,tandem,TE-like,Solyc07g006850.2,0.0115792,0.0535065,0.216408,0.00381117
17069,Solyc07g007070.1,tandem,TE-like,Solyc07g007080.1,0.406574,2.88594,0.140881,8.49034e-14
17070,Solyc07g007160.3,tandem,NA,NA,NA,NA,NA,NA
17071,Solyc07g007170.3,tandem,NA,NA,NA,NA,NA,NA
17072,Solyc07g007240.3,tandem,NA,Solyc07g007250.3,0.253388,0.912696,0.277626,0.000448963
17073,Solyc07g007250.3,tandem,Unclassified,Solyc07g007240.3,0.253388,0.912696,0.277626,0.000448963
17074,Solyc07g007260.3,tandem,Unclassified,Solyc07g007250.3,0.218954,0.252368,0.867596,0.830432
17075,Solyc07g007300.3,tandem,gbM,Solyc07g007310.3,0.0657924,0.306084,0.214949,2.99324e-13
17076,Solyc07g007310.3,tandem,TE-like,Solyc07g007300.3,0.0657924,0.306084,0.214949,2.99324e-13
17077,Solyc07g007325.1,tandem,Unmethylated,Solyc07g007330.1,0.0710886,0.122669,0.579517,0.210273
17078,Solyc07g007740.1,tandem,Unclassified,Solyc07g007745.1,0.207821,0.857303,0.242413,0.00040712
17079,Solyc07g007745.1,tandem,Unclassified,Solyc07g007740.1,0.207821,0.857303,0.242413,0.00040712
17080,Solyc07g007760.3,tandem,Unclassified,Solyc07g007750.3,0.083025,0.401977,0.206542,0.000951962
17081,Solyc07g007840.2,tandem,TE-like,Solyc07g007850.2,0.0357005,0.0618996,0.576749,0.046779
17082,Solyc07g007850.2,tandem,TE-like,Solyc07g007840.2,0.0357005,0.0618996,0.576749,0.046779
17083,Solyc07g008107.1,tandem,TE-like,Solyc07g008103.1,0.0343034,0.111666,0.307195,0.0133724
17084,Solyc07g008130.3,tandem,TE-like,Solyc07g008140.3,0.482814,2.60298,0.185485,6.30084e-13
17085,Solyc07g008140.3,tandem,TE-like,Solyc07g008130.3,0.482814,2.60298,0.185485,6.30084e-13
17086,Solyc07g008300.2,tandem,TE-like,Solyc07g008310.3,0.106058,0.297246,0.356801,1.47339e-08
17087,Solyc07g008310.3,tandem,TE-like,Solyc07g008300.2,0.106058,0.297246,0.356801,1.47339e-08
17088,Solyc07g008363.1,tandem,Unclassified,Solyc07g008365.1,0.119492,0.279274,0.427868,0.0334781
17089,Solyc07g008365.1,tandem,TE-like,Solyc07g008363.1,0.119492,0.279274,0.427868,0.0334781
17090,Solyc07g008367.1,tandem,TE-like,Solyc07g008365.1,0.0106017,NA,NA,NA
17091,Solyc07g008380.2,tandem,Unclassified,Solyc07g008390.2,0.156053,0.231751,0.673365,0.0320189
17092,Solyc07g008390.2,tandem,TE-like,Solyc07g008380.2,0.156053,0.231751,0.673365,0.0320189
17093,Solyc07g008510.2,tandem,TE-like,Solyc07g008500.1,0.227129,0.127828,1.77683,0.130743
17094,Solyc07g008550.3,tandem,Unclassified,Solyc07g008560.3,0.0677677,0.359341,0.188589,2.31245e-25
17095,Solyc07g008560.3,tandem,Unclassified,Solyc07g008570.3,0.0305751,0.179986,0.169875,8.32375e-18
17096,Solyc07g008570.3,tandem,TE-like,Solyc07g008560.3,0.0305751,0.179986,0.169875,8.32375e-18
17097,Solyc07g008590.1,tandem,gbM,Solyc07g008600.1,0.098836,0.279456,0.353673,3.34684e-19
17098,Solyc07g008600.1,tandem,gbM,Solyc07g008590.1,0.098836,0.279456,0.353673,3.34684e-19
17099,Solyc07g008620.1,tandem,gbM,Solyc07g008630.1,0.103165,0.385172,0.267842,7.54036e-32
17100,Solyc07g008630.1,tandem,gbM,Solyc07g008620.1,0.103165,0.385172,0.267842,7.54036e-32
17101,Solyc07g008640.2,tandem,gbM,Solyc07g008630.1,0.12308,0.389337,0.316126,1.40953e-23
17102,Solyc07g009020.2,tandem,TE-like,NA,NA,NA,NA,NA
17103,Solyc07g009040.3,tandem,TE-like,NA,NA,NA,NA,NA
17104,Solyc07g009050.3,tandem,TE-like,NA,NA,NA,NA,NA
17105,Solyc07g009060.3,tandem,TE-like,Solyc07g009070.3,0.0477818,0.135498,0.352638,0.0337059
17106,Solyc07g009070.3,tandem,TE-like,Solyc07g009060.3,0.0477818,0.135498,0.352638,0.0337059
17107,Solyc07g009090.3,tandem,TE-like,Solyc07g009100.3,0.0256299,0.270851,0.0946273,2.22031e-05
17108,Solyc07g009100.3,tandem,TE-like,Solyc07g009090.3,0.0256299,0.270851,0.0946273,2.22031e-05
17109,Solyc07g009180.1,tandem,gbM,Solyc07g009190.1,0.252912,0.846466,0.298786,2.55552e-15
17110,Solyc07g009190.1,tandem,TE-like,Solyc07g009180.1,0.252912,0.846466,0.298786,2.55552e-15
17111,Solyc07g009290.3,tandem,Unmethylated,Solyc07g009310.3,0.225023,0.413202,0.544584,0.139735
17112,Solyc07g009310.3,tandem,Unmethylated,Solyc07g009290.3,0.225023,0.413202,0.544584,0.139735
17113,Solyc07g009500.2,tandem,Unclassified,Solyc07g009510.1,0.0262397,0.192159,0.136552,0.000243353
17114,Solyc07g009510.1,tandem,Unmethylated,Solyc07g009500.2,0.0262397,0.192159,0.136552,0.000243353
17115,Solyc07g009575.1,tandem,TE-like,Solyc07g009580.1,0.0204127,0.0263801,0.773792,0.553714
17116,Solyc07g014680.3,tandem,gbM,Solyc07g014690.3,0.400798,2.21489,0.180956,2.62479e-39
17117,Solyc07g014690.3,tandem,TE-like,Solyc07g014680.3,0.400798,2.21489,0.180956,2.62479e-39
17118,Solyc07g015810.2,tandem,TE-like,Solyc07g015820.1,0.0254004,0.095429,0.266171,0.00418619
17119,Solyc07g015820.1,tandem,TE-like,Solyc07g015830.1,0.0380332,0.101344,0.37529,0.0126843
17120,Solyc07g015830.1,tandem,TE-like,Solyc07g015820.1,0.0380332,0.101344,0.37529,0.0126843
17121,Solyc07g016110.1,tandem,TE-like,Solyc07g016100.1,0.0160953,0.0532692,0.302149,0.0084082
17122,Solyc07g016130.1,tandem,Unclassified,Solyc07g016140.1,0.0344987,0.0104318,3.30708,0.283447
17123,Solyc07g016140.1,tandem,TE-like,Solyc07g016130.1,0.0344987,0.0104318,3.30708,0.283447
17124,Solyc07g016210.1,tandem,TE-like,Solyc07g016215.1,0.207527,0.63608,0.32626,3.69712e-06
17125,Solyc07g016215.1,tandem,TE-like,Solyc07g016210.1,0.207527,0.63608,0.32626,3.69712e-06
17126,Solyc07g017683.1,tandem,TE-like,Solyc07g017687.1,0.0788408,0.107393,0.734133,0.616776
17127,Solyc07g017687.1,tandem,TE-like,Solyc07g017683.1,0.0788408,0.107393,0.734133,0.616776
17128,Solyc07g017737.1,tandem,TE-like,Solyc07g017740.3,NA,NA,NA,NA
17129,Solyc07g017740.3,tandem,TE-like,Solyc07g017737.1,NA,NA,NA,NA
17130,Solyc07g018210.3,tandem,Unclassified,Solyc07g018220.3,0.00163789,0.00454495,0.360376,0.38995
17131,Solyc07g018220.3,tandem,TE-like,Solyc07g018230.2,0.0374073,0.171011,0.218742,0.000153561
17132,Solyc07g018230.2,tandem,Unmethylated,Solyc07g018220.3,0.0374073,0.171011,0.218742,0.000153561
17133,Solyc07g018240.1,tandem,TE-like,Solyc07g018250.1,0.0747752,0.447952,0.166927,6.72295e-16
17134,Solyc07g018250.1,tandem,TE-like,Solyc07g018240.1,0.0747752,0.447952,0.166927,6.72295e-16
17135,Solyc07g019550.1,tandem,TE-like,Solyc07g019560.1,0.298354,0.406956,0.733135,0.463209
17136,Solyc07g019560.1,tandem,TE-like,Solyc07g019550.1,0.298354,0.406956,0.733135,0.463209
17137,Solyc07g020964.1,tandem,TE-like,Solyc07g020966.1,0.160842,0.356645,0.450986,0.101627
17138,Solyc07g021030.2,tandem,TE-like,Solyc07g021035.1,0.196251,0.371398,0.528413,0.12632
17139,Solyc07g021035.1,tandem,TE-like,Solyc07g021030.2,0.196251,0.371398,0.528413,0.12632
17140,Solyc07g021345.1,tandem,NA,Solyc07g021340.3,0.101153,0.176456,0.57325,0.439267
17141,Solyc07g021415.1,tandem,TE-like,Solyc07g021430.1,0.159264,0.331099,0.481017,0.00200867
17142,Solyc07g021430.1,tandem,TE-like,Solyc07g021415.1,0.159264,0.331099,0.481017,0.00200867
17143,Solyc07g021440.1,tandem,TE-like,Solyc07g021450.2,0.360423,0.77825,0.463119,0.0440248
17144,Solyc07g024095.1,tandem,Unclassified,Solyc07g025090.1,0.218467,0.456914,0.478135,0.0739312
17145,Solyc07g025090.1,tandem,Unclassified,Solyc07g024095.1,0.218467,0.456914,0.478135,0.0739312
17146,Solyc07g025105.1,tandem,Unclassified,Solyc07g025110.1,0.348658,0.537139,0.649102,0.264961
17147,Solyc07g025110.1,tandem,Unmethylated,Solyc07g025105.1,0.348658,0.537139,0.649102,0.264961
17148,Solyc07g025175.1,tandem,TE-like,Solyc07g025180.1,0.146021,0.1584,0.921851,0.839392
17149,Solyc07g025180.1,tandem,TE-like,Solyc07g025175.1,0.146021,0.1584,0.921851,0.839392
17150,Solyc07g026675.1,tandem,Unclassified,Solyc07g026680.2,0.112274,0.162246,0.691995,0.276976
17151,Solyc07g026680.2,tandem,Unmethylated,Solyc07g026675.1,0.112274,0.162246,0.691995,0.276976
17152,Solyc07g032313.1,tandem,TE-like,Solyc07g032317.1,0.0492042,0.0462263,1.06442,0.983237
17153,Solyc07g032317.1,tandem,TE-like,Solyc07g032313.1,0.0492042,0.0462263,1.06442,0.983237
17154,Solyc07g032420.2,tandem,TE-like,Solyc07g032430.1,0.055878,0.206168,0.271031,0.0283315
17155,Solyc07g032430.1,tandem,TE-like,Solyc07g032420.2,0.055878,0.206168,0.271031,0.0283315
17156,Solyc07g032650.1,tandem,TE-like,Solyc07g032660.1,0.0171221,0.0325211,0.526494,0.372823
17157,Solyc07g032660.1,tandem,TE-like,Solyc07g032650.1,0.0171221,0.0325211,0.526494,0.372823
17158,Solyc07g037950.1,tandem,gbM,Solyc07g037960.1,0.0504728,0.358429,0.140817,2.6722e-25
17159,Solyc07g037960.1,tandem,TE-like,Solyc07g037950.1,0.0504728,0.358429,0.140817,2.6722e-25
17160,Solyc07g039345.1,tandem,Unmethylated,Solyc07g039370.1,0.129333,0.150774,0.857794,0.800671
17161,Solyc07g039370.1,tandem,Unmethylated,Solyc07g039345.1,0.129333,0.150774,0.857794,0.800671
17162,Solyc07g039386.1,tandem,TE-like,Solyc07g039390.1,0.146488,0.555297,0.263801,0.00119433
17163,Solyc07g039390.1,tandem,TE-like,Solyc07g039386.1,0.146488,0.555297,0.263801,0.00119433
17164,Solyc07g039520.1,tandem,Unmethylated,Solyc07g039510.3,0.223858,0.29191,0.766874,0.468414
17165,Solyc07g039525.1,tandem,TE-like,Solyc07g039530.1,NA,NA,NA,NA
17166,Solyc07g039530.1,tandem,TE-like,Solyc07g039525.1,NA,NA,NA,NA
17167,Solyc07g040843.1,tandem,TE-like,Solyc07g040850.1,0.224416,0.193891,1.15744,0.689619
17168,Solyc07g040850.1,tandem,TE-like,Solyc07g040843.1,0.224416,0.193891,1.15744,0.689619
17169,Solyc07g040880.3,tandem,TE-like,Solyc07g040890.1,0.10088,0.219128,0.460368,0.00111243
17170,Solyc07g040890.1,tandem,TE-like,Solyc07g040898.1,0.0700446,0.16393,0.427283,0.0443643
17171,Solyc07g040898.1,tandem,Unclassified,Solyc07g040890.1,0.0700446,0.16393,0.427283,0.0443643
17172,Solyc07g041900.3,tandem,Unclassified,Solyc07g041920.3,0.129033,0.240078,0.537461,0.00109038
17173,Solyc07g041920.3,tandem,Unclassified,Solyc07g041900.3,0.129033,0.240078,0.537461,0.00109038
17174,Solyc07g042330.2,tandem,TE-like,Solyc07g042313.1,0.18019,0.677121,0.266112,1.78875e-08
17175,Solyc07g042847.1,tandem,Unclassified,Solyc07g042850.2,0.196774,0.748747,0.262805,0.000462959
17176,Solyc07g042850.2,tandem,gbM,Solyc07g042847.1,0.196774,0.748747,0.262805,0.000462959
17177,Solyc07g043040.1,tandem,TE-like,Solyc07g043050.1,0.177461,0.325732,0.544806,0.361015
17178,Solyc07g043060.1,tandem,TE-like,Solyc07g043050.1,0.0937834,0.172164,0.544732,0.000724825
17179,Solyc07g043100.1,tandem,TE-like,Solyc07g043110.1,0.0234776,0.0304685,0.770553,0.458236
17180,Solyc07g043110.1,tandem,TE-like,Solyc07g043100.1,0.0234776,0.0304685,0.770553,0.458236
17181,Solyc07g043160.1,tandem,Unclassified,Solyc07g043150.1,0.233189,1.95463,0.119301,2.27207e-40
17182,Solyc07g043170.3,tandem,Unclassified,Solyc07g043160.1,0.392158,4.23035,0.0927011,4.32879e-57
17183,Solyc07g043260.3,tandem,TE-like,Solyc07g043270.3,0.454656,4.65748,0.0976186,3.45557e-78
17184,Solyc07g043270.3,tandem,TE-like,Solyc07g043260.3,0.454656,4.65748,0.0976186,3.45557e-78
17185,Solyc07g043630.2,tandem,Unclassified,Solyc07g043640.3,0.0924042,0.424943,0.217451,1.14339e-25
17186,Solyc07g043640.3,tandem,gbM,Solyc07g043630.2,0.0924042,0.424943,0.217451,1.14339e-25
17187,Solyc07g043650.2,tandem,Unclassified,Solyc07g043660.3,0.133567,0.46712,0.285937,1.13811e-15
17188,Solyc07g043660.3,tandem,TE-like,Solyc07g043650.2,0.133567,0.46712,0.285937,1.13811e-15
17189,Solyc07g043680.3,tandem,TE-like,Solyc07g043687.1,0.0827309,0.270904,0.305388,1.18557e-06
17190,Solyc07g043687.1,tandem,TE-like,Solyc07g043680.3,0.0827309,0.270904,0.305388,1.18557e-06
17191,Solyc07g043690.2,tandem,TE-like,Solyc07g043687.1,NA,0.00748624,1.48302e-13,NA
17192,Solyc07g043710.3,tandem,TE-like,Solyc07g043700.2,0.441198,2.49403,0.176902,5.09509e-30
17193,Solyc07g044710.2,tandem,TE-like,Solyc07g044720.2,0.0229913,0.0465317,0.494099,0.0789387
17194,Solyc07g044720.2,tandem,TE-like,Solyc07g044730.3,0.0577667,0.187125,0.308707,1.08647e-06
17195,Solyc07g044730.3,tandem,TE-like,Solyc07g044740.1,0.0761955,0.22943,0.332107,0.00315224
17196,Solyc07g044740.1,tandem,TE-like,Solyc07g044730.3,0.0761955,0.22943,0.332107,0.00315224
17197,Solyc07g045080.3,tandem,TE-like,Solyc07g045090.3,0.0345796,0.192088,0.180019,1.10066e-09
17198,Solyc07g045090.3,tandem,TE-like,Solyc07g045080.3,0.0345796,0.192088,0.180019,1.10066e-09
17199,Solyc07g045500.1,tandem,TE-like,Solyc07g045510.3,0.0688153,0.118934,0.578601,0.214086
17200,Solyc07g045510.3,tandem,TE-like,Solyc07g045500.1,0.0688153,0.118934,0.578601,0.214086
17201,Solyc07g048060.2,tandem,Unclassified,Solyc07g048070.3,0.0628612,0.396695,0.158462,0.000235751
17202,Solyc07g048070.3,tandem,TE-like,Solyc07g048060.2,0.0628612,0.396695,0.158462,0.000235751
17203,Solyc07g048085.1,tandem,gbM,Solyc07g048090.2,0.134391,0.117151,1.14716,0.613235
17204,Solyc07g048090.2,tandem,gbM,Solyc07g048085.1,0.134391,0.117151,1.14716,0.613235
17205,Solyc07g049120.2,tandem,TE-like,Solyc07g049130.1,0.0222882,0.0707874,0.314861,0.0301114
17206,Solyc07g049130.1,tandem,TE-like,Solyc07g049120.2,0.0222882,0.0707874,0.314861,0.0301114
17207,Solyc07g049160.3,tandem,TE-like,Solyc07g049165.1,0.487372,3.83602,0.127051,1.41725e-26
17208,Solyc07g049165.1,tandem,TE-like,Solyc07g049160.3,0.487372,3.83602,0.127051,1.41725e-26
17209,Solyc07g049190.3,tandem,Unmethylated,Solyc07g049180.3,0.226407,0.944801,0.239635,3.49796e-12
17210,Solyc07g049430.3,tandem,Unclassified,Solyc07g049440.3,0.262047,3.96285,0.0661259,1.76349e-51
17211,Solyc07g049440.3,tandem,TE-like,Solyc07g049430.3,0.262047,3.96285,0.0661259,1.76349e-51
17212,Solyc07g049660.3,tandem,Unclassified,Solyc07g049670.3,0.0703938,0.356737,0.197327,1.47891e-07
17213,Solyc07g049670.3,tandem,Unclassified,Solyc07g049660.3,0.0703938,0.356737,0.197327,1.47891e-07
17214,Solyc07g051860.1,tandem,Unclassified,Solyc07g051870.1,0.0729006,0.21003,0.347096,5.05536e-06
17215,Solyc07g051870.1,tandem,Unclassified,Solyc07g051860.1,0.0729006,0.21003,0.347096,5.05536e-06
17216,Solyc07g051880.1,tandem,Unmethylated,Solyc07g051870.1,0.0908646,0.237929,0.381897,1.37822e-05
17217,Solyc07g051890.1,tandem,Unclassified,Solyc07g051920.1,0.0746215,0.310076,0.240655,1.85707e-11
17218,Solyc07g051920.1,tandem,Unclassified,Solyc07g051930.2,0.128964,0.353479,0.364843,6.82389e-07
17219,Solyc07g051930.2,tandem,Unclassified,Solyc07g051920.1,0.128964,0.353479,0.364843,6.82389e-07
17220,Solyc07g051980.2,tandem,TE-like,Solyc07g051970.2,0.114989,0.212076,0.542207,2.78256e-05
17221,Solyc07g052010.2,tandem,TE-like,Solyc07g052020.2,0.350118,0.437735,0.799841,0.197998
17222,Solyc07g052073.1,tandem,TE-like,Solyc07g052070.2,0.0672951,0.159153,0.422832,0.0374326
17223,Solyc07g052130.2,tandem,Unmethylated,Solyc07g052135.1,0.103153,0.321189,0.32116,0.135611
17224,Solyc07g052150.3,tandem,Unmethylated,Solyc07g052135.1,0.00812743,0.0609449,0.133357,0.11279
17225,Solyc07g052203.1,tandem,gbM,Solyc07g052207.1,0.21988,0.26553,0.828081,0.420868
17226,Solyc07g052207.1,tandem,TE-like,Solyc07g052203.1,0.21988,0.26553,0.828081,0.420868
17227,Solyc07g052255.1,tandem,Unclassified,Solyc07g052260.3,0.451301,1.01783,0.443395,0.0430602
17228,Solyc07g052260.3,tandem,Unclassified,Solyc07g052255.1,0.451301,1.01783,0.443395,0.0430602
17229,Solyc07g052390.3,tandem,gbM,Solyc07g052400.3,0.427054,4.72778,0.0903286,1.10935e-115
17230,Solyc07g052400.3,tandem,TE-like,Solyc07g052390.3,0.427054,4.72778,0.0903286,1.10935e-115
17231,Solyc07g052430.3,tandem,Unclassified,Solyc07g052440.3,0.0794462,0.303467,0.261795,0.000103139
17232,Solyc07g052440.3,tandem,Unclassified,Solyc07g052430.3,0.0794462,0.303467,0.261795,0.000103139
17233,Solyc07g052460.3,tandem,Unclassified,NA,NA,NA,NA,NA
17234,Solyc07g052510.4,tandem,TE-like,Solyc07g052530.3,0.127315,2.52402,0.0504411,4.45028e-48
17235,Solyc07g052530.3,tandem,TE-like,Solyc07g052510.4,0.127315,2.52402,0.0504411,4.45028e-48
17236,Solyc07g052540.3,tandem,TE-like,Solyc07g052550.2,0.0275744,0.0963229,0.28627,8.13664e-05
17237,Solyc07g052550.2,tandem,TE-like,Solyc07g052540.3,0.0275744,0.0963229,0.28627,8.13664e-05
17238,Solyc07g052640.3,tandem,TE-like,Solyc07g052650.2,0.411086,4.18092,0.0983243,3.9994e-74
17239,Solyc07g052650.2,tandem,gbM,Solyc07g052640.3,0.411086,4.18092,0.0983243,3.9994e-74
17240,Solyc07g052700.3,tandem,TE-like,Solyc07g052720.3,0.198534,0.342578,0.57953,0.033987
17241,Solyc07g052707.1,tandem,TE-like,Solyc07g052730.3,0.022366,0.0306042,0.730815,0.246034
17242,Solyc07g052720.3,tandem,TE-like,Solyc07g052700.3,0.198534,0.342578,0.57953,0.033987
17243,Solyc07g052730.3,tandem,TE-like,Solyc07g052707.1,0.022366,0.0306042,0.730815,0.246034
17244,Solyc07g052750.1,tandem,TE-like,Solyc07g052760.2,0.0589867,0.288909,0.20417,0.000169962
17245,Solyc07g052770.2,tandem,TE-like,Solyc07g052780.3,0.0492603,0.147604,0.333732,0.00373402
17246,Solyc07g052780.3,tandem,TE-like,Solyc07g052770.2,0.0492603,0.147604,0.333732,0.00373402
17247,Solyc07g052820.1,tandem,Unclassified,Solyc07g052830.3,0.0654817,0.116657,0.561319,0.259378
17248,Solyc07g052830.3,tandem,Unclassified,Solyc07g052820.1,0.0654817,0.116657,0.561319,0.259378
17249,Solyc07g052860.2,tandem,TE-like,Solyc07g052870.2,0.192077,0.180326,1.06516,0.732297
17250,Solyc07g052870.2,tandem,TE-like,Solyc07g052860.2,0.192077,0.180326,1.06516,0.732297
17251,Solyc07g053010.2,tandem,TE-like,Solyc07g053020.2,0.386637,1.81525,0.212993,1.43611e-40
17252,Solyc07g053020.2,tandem,TE-like,Solyc07g053010.2,0.386637,1.81525,0.212993,1.43611e-40
17253,Solyc07g053110.3,tandem,TE-like,Solyc07g053120.3,0.0130572,0.0729496,0.17899,0.00783777
17254,Solyc07g053120.3,tandem,TE-like,Solyc07g053110.3,0.0130572,0.0729496,0.17899,0.00783777
17255,Solyc07g053230.3,tandem,TE-like,Solyc07g053240.3,0.0476269,0.14334,0.332265,0.000811793
17256,Solyc07g053240.3,tandem,TE-like,Solyc07g053230.3,0.0476269,0.14334,0.332265,0.000811793
17257,Solyc07g053530.1,tandem,Unclassified,Solyc07g053540.1,0.26387,1.01679,0.259513,3.6898e-09
17258,Solyc07g053540.1,tandem,NA,Solyc07g053530.1,0.26387,1.01679,0.259513,3.6898e-09
17259,Solyc07g053720.3,tandem,TE-like,Solyc07g053710.3,0.279097,4.16563,0.0669998,7.35954e-71
17260,Solyc07g054100.2,tandem,Unclassified,Solyc07g054090.3,0.0802587,0.208695,0.384575,2.01116e-05
17261,Solyc07g054233.1,tandem,TE-like,Solyc07g054237.1,0.299231,0.836237,0.35783,8.3997e-06
17262,Solyc07g054237.1,tandem,TE-like,Solyc07g054233.1,0.299231,0.836237,0.35783,8.3997e-06
17263,Solyc07g054250.2,tandem,TE-like,Solyc07g054233.1,0.0680417,0.129115,0.526985,0.0622836
17264,Solyc07g054330.3,tandem,TE-like,Solyc07g054340.1,0.642771,1.12821,0.569724,0.00763197
17265,Solyc07g054340.1,tandem,TE-like,Solyc07g054330.3,0.642771,1.12821,0.569724,0.00763197
17266,Solyc07g054420.2,tandem,gbM,Solyc07g054430.3,0.392713,4.02504,0.0975677,2.45254e-39
17267,Solyc07g054430.3,tandem,TE-like,Solyc07g054420.2,0.392713,4.02504,0.0975677,2.45254e-39
17268,Solyc07g054620.3,tandem,Unclassified,Solyc07g054610.3,0.213349,0.352749,0.604818,0.000679613
17269,Solyc07g054700.3,tandem,TE-like,Solyc07g054710.1,0.382856,1.97569,0.193784,2.93762e-07
17270,Solyc07g054710.1,tandem,TE-like,Solyc07g054700.3,0.382856,1.97569,0.193784,2.93762e-07
17271,Solyc07g054745.1,tandem,NA,Solyc07g054750.1,0.196654,0.870074,0.22602,0.000186747
17272,Solyc07g054750.1,tandem,Unmethylated,Solyc07g054760.1,0.242184,1.80164,0.134425,1.65375e-11
17273,Solyc07g054760.1,tandem,NA,Solyc07g054750.1,0.242184,1.80164,0.134425,1.65375e-11
17274,Solyc07g054770.1,tandem,Unmethylated,Solyc07g054780.1,0.169016,2.33204,0.0724757,1.29978e-10
17275,Solyc07g054780.1,tandem,Unmethylated,Solyc07g054770.1,0.169016,2.33204,0.0724757,1.29978e-10
17276,Solyc07g054790.1,tandem,Unmethylated,Solyc07g054800.1,0.198309,1.77476,0.111738,7.3359e-14
17277,Solyc07g054800.1,tandem,NA,Solyc07g054790.1,0.198309,1.77476,0.111738,7.3359e-14
17278,Solyc07g054897.1,tandem,TE-like,Solyc07g054920.2,0.10164,0.172608,0.588846,0.155426
17279,Solyc07g054930.3,tandem,gbM,Solyc07g054940.2,0.119967,0.261036,0.459579,3.14765e-05
17280,Solyc07g054940.2,tandem,Unclassified,Solyc07g054930.3,0.119967,0.261036,0.459579,3.14765e-05
17281,Solyc07g055000.2,tandem,TE-like,Solyc07g054980.2,0.113418,0.720559,0.157403,6.65807e-15
17282,Solyc07g055025.1,tandem,Unclassified,Solyc07g055030.1,0.103303,0.109291,0.945209,0.986606
17283,Solyc07g055030.1,tandem,Unclassified,Solyc07g055025.1,0.103303,0.109291,0.945209,0.986606
17284,Solyc07g055150.3,tandem,TE-like,Solyc07g055160.3,0.00947979,NA,NA,0.111229
17285,Solyc07g055160.3,tandem,TE-like,Solyc07g055150.3,0.00947979,NA,NA,0.111229
17286,Solyc07g055450.2,tandem,TE-like,Solyc07g055460.3,0.068181,0.201056,0.339115,3.57325e-08
17287,Solyc07g055460.3,tandem,TE-like,Solyc07g055450.2,0.068181,0.201056,0.339115,3.57325e-08
17288,Solyc07g055470.3,tandem,TE-like,Solyc07g055460.3,0.0908651,0.266816,0.340554,4.78454e-10
17289,Solyc07g055480.2,tandem,TE-like,Solyc07g055470.3,0.110277,0.232233,0.474855,8.97646e-06
17290,Solyc07g055495.1,tandem,TE-like,Solyc07g055530.3,0.0627805,0.293474,0.213922,3.59038e-08
17291,Solyc07g055530.3,tandem,TE-like,Solyc07g055495.1,0.0627805,0.293474,0.213922,3.59038e-08
17292,Solyc07g055540.3,tandem,TE-like,Solyc07g055550.2,0.211876,1.4619,0.144932,5.90147e-43
17293,Solyc07g055550.2,tandem,TE-like,Solyc07g055540.3,0.211876,1.4619,0.144932,5.90147e-43
17294,Solyc07g055570.1,tandem,gbM,Solyc07g055580.2,0.271817,2.45649,0.110652,5.0772e-24
17295,Solyc07g055580.2,tandem,TE-like,Solyc07g055570.1,0.271817,2.45649,0.110652,5.0772e-24
17296,Solyc07g055630.3,tandem,TE-like,Solyc07g055640.1,0.0650973,0.620064,0.104985,1.22233e-17
17297,Solyc07g055640.1,tandem,TE-like,Solyc07g055650.1,0.0933928,0.208466,0.448001,2.3937e-05
17298,Solyc07g055650.1,tandem,TE-like,Solyc07g055640.1,0.0933928,0.208466,0.448001,2.3937e-05
17299,Solyc07g055740.1,tandem,TE-like,Solyc07g055750.3,0.137426,1.11805,0.122916,4.54085e-32
17300,Solyc07g055750.3,tandem,Unclassified,Solyc07g055740.1,0.137426,1.11805,0.122916,4.54085e-32
17301,Solyc07g055790.2,tandem,TE-like,Solyc07g055780.3,0.146123,0.489859,0.298295,1.32528e-10
17302,Solyc07g055800.2,tandem,Unclassified,Solyc07g055790.2,0.353447,3.96204,0.0892084,5.93781e-35
17303,Solyc07g056000.2,tandem,Unclassified,Solyc07g055990.3,0.199248,3.84206,0.0518597,7.46443e-76
17304,Solyc07g056180.2,tandem,TE-like,Solyc07g056190.3,0.396372,1.47202,0.269271,1.10794e-08
17305,Solyc07g056190.3,tandem,TE-like,Solyc07g056180.2,0.396372,1.47202,0.269271,1.10794e-08
17306,Solyc07g056200.3,tandem,TE-like,Solyc07g056190.3,0.0537001,0.290029,0.185154,2.92026e-06
17307,Solyc07g056430.3,tandem,Unmethylated,Solyc07g056420.4,0.0822377,0.275281,0.298741,0.000116451
17308,Solyc07g056450.3,tandem,TE-like,Solyc07g056440.3,0.0848055,0.28863,0.293821,7.64982e-05
17309,Solyc07g056470.3,tandem,Unclassified,Solyc07g056480.3,0.107884,0.711942,0.151534,4.40116e-15
17310,Solyc07g056480.3,tandem,Unmethylated,Solyc07g056470.3,0.107884,0.711942,0.151534,4.40116e-15
17311,Solyc07g056490.4,tandem,Unmethylated,Solyc07g056500.3,0.152984,0.572835,0.267065,1.01083e-08
17312,Solyc07g056500.3,tandem,Unmethylated,Solyc07g056490.4,0.152984,0.572835,0.267065,1.01083e-08
17313,Solyc07g056707.1,tandem,TE-like,Solyc07g056703.1,0.2729,0.532626,0.512367,0.00431252
17314,Solyc07g061730.3,tandem,Unclassified,Solyc07g061720.3,0.0543459,0.217428,0.249949,1.35053e-08
17315,Solyc07g061740.3,tandem,gbM,Solyc07g061750.3,0.163883,0.210615,0.778115,0.106894
17316,Solyc07g061750.3,tandem,Unclassified,Solyc07g061760.2,0.132802,0.0768093,1.72899,0.0100389
17317,Solyc07g061760.2,tandem,Unclassified,Solyc07g061770.2,0.14363,0.248436,0.578139,0.0363704
17318,Solyc07g061770.2,tandem,Unclassified,Solyc07g061760.2,0.14363,0.248436,0.578139,0.0363704
17319,Solyc07g061790.3,tandem,TE-like,Solyc07g061800.3,0.175496,0.49693,0.35316,3.71885e-06
17320,Solyc07g061800.3,tandem,TE-like,Solyc07g061790.3,0.175496,0.49693,0.35316,3.71885e-06
17321,Solyc07g061870.1,tandem,Unclassified,Solyc07g061880.2,0.28056,0.646421,0.434022,0.0018736
17322,Solyc07g061880.2,tandem,TE-like,Solyc07g061870.1,0.28056,0.646421,0.434022,0.0018736
17323,Solyc07g062020.2,tandem,Unclassified,Solyc07g062010.1,0.151425,0.225994,0.670042,0.552296
17324,Solyc07g062210.3,tandem,Unclassified,Solyc07g062220.3,0.367167,3.6093,0.101728,1.38294e-35
17325,Solyc07g062280.3,tandem,TE-like,Solyc07g062270.3,0.211207,2.02232,0.104438,1.41102e-30
17326,Solyc07g062330.2,tandem,TE-like,Solyc07g062340.1,0.0255486,0.0501685,0.509256,0.10098
17327,Solyc07g062340.1,tandem,TE-like,Solyc07g062330.2,0.0255486,0.0501685,0.509256,0.10098
17328,Solyc07g062350.2,tandem,TE-like,Solyc07g062360.1,0.141536,0.449493,0.31488,8.92089e-05
17329,Solyc07g062360.1,tandem,TE-like,Solyc07g062350.2,0.141536,0.449493,0.31488,8.92089e-05
17330,Solyc07g062480.1,tandem,TE-like,Solyc07g062490.1,0.0474318,0.266955,0.177677,2.72202e-12
17331,Solyc07g062490.1,tandem,TE-like,Solyc07g062480.1,0.0474318,0.266955,0.177677,2.72202e-12
17332,Solyc07g062500.3,tandem,gbM,Solyc07g062510.2,0.0909183,0.299487,0.303581,3.61219e-13
17333,Solyc07g062510.2,tandem,TE-like,Solyc07g062500.3,0.0909183,0.299487,0.303581,3.61219e-13
17334,Solyc07g062520.3,tandem,TE-like,Solyc07g062510.2,0.068811,0.235366,0.292357,3.14938e-12
17335,Solyc07g062890.3,tandem,TE-like,Solyc07g062880.3,0.185278,0.120782,1.53398,0.331348
17336,Solyc07g062903.1,tandem,TE-like,Solyc07g062910.3,0.500482,1.01268,0.494214,0.0408726
17337,Solyc07g062905.1,tandem,TE-like,Solyc07g062907.1,0.310182,0.761815,0.407161,0.0132263
17338,Solyc07g062907.1,tandem,TE-like,Solyc07g062905.1,0.310182,0.761815,0.407161,0.0132263
17339,Solyc07g062920.3,tandem,TE-like,Solyc07g062907.1,0.38866,1.97037,0.197252,3.31695e-08
17340,Solyc07g062990.2,tandem,Unclassified,Solyc07g063000.3,0.207356,0.699497,0.296435,7.33894e-07
17341,Solyc07g063000.3,tandem,TE-like,Solyc07g062990.2,0.207356,0.699497,0.296435,7.33894e-07
17342,Solyc07g063170.1,tandem,Unmethylated,Solyc07g063165.1,0.283074,0.352182,0.803773,0.325515
17343,Solyc07g063270.3,tandem,TE-like,Solyc07g063280.2,0.254741,0.751531,0.338962,0.00148958
17344,Solyc07g063280.2,tandem,TE-like,Solyc07g063270.3,0.254741,0.751531,0.338962,0.00148958
17345,Solyc07g063310.3,tandem,gbM,Solyc07g063320.3,0.20127,4.11096,0.0489593,1.64849e-68
17346,Solyc07g063320.3,tandem,gbM,Solyc07g063310.3,0.20127,4.11096,0.0489593,1.64849e-68
17347,Solyc07g063440.3,tandem,TE-like,Solyc07g063450.2,0.641434,2.99509,0.214162,1.26e-18
17348,Solyc07g063450.2,tandem,TE-like,Solyc07g063440.3,0.641434,2.99509,0.214162,1.26e-18
17349,Solyc07g063480.3,tandem,gbM,Solyc07g063475.1,NA,NA,NA,NA
17350,Solyc07g063720.1,tandem,TE-like,Solyc07g063710.2,0.120264,0.430467,0.27938,3.58587e-22
17351,Solyc07g063730.2,tandem,TE-like,Solyc07g063720.1,0.142769,0.351386,0.406303,1.8343e-13
17352,Solyc07g063733.1,tandem,gbM,Solyc07g063740.2,0.0335462,0.0452329,0.741633,0.590167
17353,Solyc07g063740.2,tandem,TE-like,Solyc07g063733.1,0.0335462,0.0452329,0.741633,0.590167
17354,Solyc07g063800.2,tandem,gbM,Solyc07g063780.2,0.157257,0.511614,0.307374,2.35314e-25
17355,Solyc07g063920.3,tandem,TE-like,Solyc07g063930.3,0.16169,1.575,0.10266,4.0677e-56
17356,Solyc07g063930.3,tandem,Unclassified,Solyc07g063920.3,0.16169,1.575,0.10266,4.0677e-56
17357,Solyc07g063980.1,tandem,TE-like,Solyc07g063990.1,0.28873,1.00554,0.287141,2.2186e-07
17358,Solyc07g063990.1,tandem,TE-like,Solyc07g063980.1,0.28873,1.00554,0.287141,2.2186e-07
17359,Solyc07g064180.3,tandem,TE-like,Solyc07g064190.3,0.0858367,0.178559,0.480719,8.35104e-05
17360,Solyc07g064190.3,tandem,TE-like,Solyc07g064180.3,0.0858367,0.178559,0.480719,8.35104e-05
17361,Solyc07g064210.2,tandem,TE-like,Solyc07g064220.1,0.172386,0.266522,0.646798,0.192957
17362,Solyc07g064220.1,tandem,TE-like,Solyc07g064210.2,0.172386,0.266522,0.646798,0.192957
17363,Solyc07g064360.2,tandem,gbM,Solyc07g064370.1,0.58261,4.21036,0.138375,4.51921e-41
17364,Solyc07g064370.1,tandem,Unclassified,Solyc07g064360.2,0.58261,4.21036,0.138375,4.51921e-41
17365,Solyc07g064373.1,tandem,TE-like,Solyc07g064380.3,0.221469,0.45761,0.483969,0.000360039
17366,Solyc07g064380.3,tandem,TE-like,Solyc07g064373.1,0.221469,0.45761,0.483969,0.000360039
17367,Solyc07g064450.3,tandem,TE-like,Solyc07g064470.3,0.288032,0.834178,0.345288,4.87835e-07
17368,Solyc07g064470.3,tandem,gbM,Solyc07g064450.3,0.288032,0.834178,0.345288,4.87835e-07
17369,Solyc07g064720.3,tandem,TE-like,Solyc07g064730.2,0.330281,3.92201,0.0842122,4.53016e-38
17370,Solyc07g064730.2,tandem,TE-like,Solyc07g064720.3,0.330281,3.92201,0.0842122,4.53016e-38
17371,Solyc07g065060.1,tandem,Unclassified,Solyc07g065070.1,0.212845,0.789934,0.269447,1.28293e-16
17372,Solyc07g065185.1,tandem,Unclassified,Solyc07g065190.3,0.00885774,0.00712613,1.243,0.667367
17373,Solyc07g065190.3,tandem,TE-like,Solyc07g065185.1,0.00885774,0.00712613,1.243,0.667367
17374,Solyc07g065350.2,tandem,TE-like,Solyc07g065360.2,0.286218,1.88059,0.152196,3.00753e-24
17375,Solyc07g065360.2,tandem,TE-like,Solyc07g065350.2,0.286218,1.88059,0.152196,3.00753e-24
17376,Solyc07g065520.3,tandem,TE-like,Solyc07g065510.3,0.0019478,0.0123676,0.157493,0.00644182
17377,Solyc07g065580.2,tandem,TE-like,Solyc07g065570.2,0.050784,0.049597,1.02393,0.999812
17378,Solyc07g065960.1,tandem,Unmethylated,Solyc07g065970.1,0.25556,1.48713,0.171847,8.12106e-12
17379,Solyc07g065970.1,tandem,Unmethylated,Solyc07g065960.1,0.25556,1.48713,0.171847,8.12106e-12
17380,Solyc07g066000.3,tandem,Unmethylated,Solyc07g066010.3,0.364391,3.22587,0.112959,2.15493e-17
17381,Solyc07g066010.3,tandem,gbM,Solyc07g066020.2,0.343096,4.32744,0.0792839,1.46124e-56
17382,Solyc07g066020.2,tandem,TE-like,Solyc07g066010.3,0.343096,4.32744,0.0792839,1.46124e-56
17383,Solyc07g066140.1,tandem,gbM,Solyc07g066130.1,0.268662,0.636889,0.421834,3.32352e-09
17384,Solyc07g066600.3,tandem,Unclassified,Solyc07g066610.3,0.0989053,2.25585,0.0438439,1.59073e-95
17385,Solyc07g066610.3,tandem,Unmethylated,Solyc07g066600.3,0.0989053,2.25585,0.0438439,1.59073e-95
17386,Solyc08g005312.1,tandem,Unclassified,Solyc08g005320.3,NA,0.00590616,3.75954e-13,NA
17387,Solyc08g005314.1,tandem,TE-like,Solyc08g005320.3,0.142801,0.225217,0.634061,0.043508
17388,Solyc08g005318.1,tandem,TE-like,Solyc08g005360.1,0.433252,1.50209,0.288432,1.37094e-08
17389,Solyc08g005320.3,tandem,gbM,Solyc08g005312.1,NA,0.00590616,3.75954e-13,NA
17390,Solyc08g005330.1,tandem,TE-like,Solyc08g005314.1,0.0394245,0.141055,0.279498,5.8233e-05
17391,Solyc08g005350.3,tandem,TE-like,Solyc08g005318.1,0.0755768,0.137465,0.549789,0.0337157
17392,Solyc08g005360.1,tandem,Unclassified,Solyc08g005318.1,0.433252,1.50209,0.288432,1.37094e-08
17393,Solyc08g005370.1,tandem,TE-like,Solyc08g005360.1,0.198047,0.270358,0.732536,0.2513
17394,Solyc08g005380.1,tandem,Unclassified,Solyc08g005370.1,0.12544,1.23153,0.101857,5.48276e-17
17395,Solyc08g005497.1,tandem,TE-like,Solyc08g005500.3,0.319698,0.766599,0.417034,0.00496793
17396,Solyc08g005500.3,tandem,TE-like,Solyc08g005497.1,0.319698,0.766599,0.417034,0.00496793
17397,Solyc08g005710.3,tandem,TE-like,Solyc08g005720.3,0.0629509,0.0867488,0.725669,0.192858
17398,Solyc08g005720.3,tandem,TE-like,Solyc08g005710.3,0.0629509,0.0867488,0.725669,0.192858
17399,Solyc08g005755.1,tandem,Unclassified,Solyc08g005760.1,0.233416,1.06792,0.21857,5.77295e-05
17400,Solyc08g005810.1,tandem,gbM,Solyc08g005820.1,0.0925739,0.169623,0.545763,0.0064309
17401,Solyc08g005840.1,tandem,Unclassified,Solyc08g005830.1,0.2121,1.17574,0.180398,1.60324e-29
17402,Solyc08g005850.1,tandem,TE-like,Solyc08g005840.1,0.191374,0.717392,0.266764,1.21462e-17
17403,Solyc08g006190.2,tandem,TE-like,Solyc08g006200.2,0.529347,1.33735,0.395818,7.11387e-07
17404,Solyc08g006200.2,tandem,TE-like,Solyc08g006190.2,0.529347,1.33735,0.395818,7.11387e-07
17405,Solyc08g006210.2,tandem,TE-like,Solyc08g006200.2,0.338546,0.652929,0.518504,0.000839658
17406,Solyc08g006220.3,tandem,TE-like,Solyc08g006210.2,0.239515,0.516329,0.463882,0.000381102
17407,Solyc08g006230.3,tandem,gbM,Solyc08g006240.2,0.266676,0.503125,0.530039,0.00487274
17408,Solyc08g006240.2,tandem,TE-like,Solyc08g006230.3,0.266676,0.503125,0.530039,0.00487274
17409,Solyc08g006251.1,tandem,Unclassified,Solyc08g006252.1,0.311572,0.511745,0.608843,0.0754459
17410,Solyc08g006252.1,tandem,Unclassified,Solyc08g006251.1,0.311572,0.511745,0.608843,0.0754459
17411,Solyc08g006254.1,tandem,NA,Solyc08g006256.1,0.0341265,NA,NA,NA
17412,Solyc08g006256.1,tandem,NA,Solyc08g006258.1,0.0368687,0.0399647,0.922532,0.989636
17413,Solyc08g006258.1,tandem,NA,Solyc08g006256.1,0.0368687,0.0399647,0.922532,0.989636
17414,Solyc08g006260.2,tandem,TE-like,Solyc08g006280.2,0.459702,1.88556,0.243801,1.30977e-06
17415,Solyc08g006280.2,tandem,TE-like,Solyc08g006260.2,0.459702,1.88556,0.243801,1.30977e-06
17416,Solyc08g006290.2,tandem,TE-like,Solyc08g006300.3,0.155654,0.993735,0.156635,1.40653e-23
17417,Solyc08g006300.3,tandem,TE-like,Solyc08g006290.2,0.155654,0.993735,0.156635,1.40653e-23
17418,Solyc08g006330.3,tandem,gbM,Solyc08g006350.3,0.0442545,0.18429,0.240136,1.93914e-10
17419,Solyc08g006350.3,tandem,TE-like,Solyc08g006330.3,0.0442545,0.18429,0.240136,1.93914e-10
17420,Solyc08g006360.2,tandem,TE-like,Solyc08g006350.3,0.0569062,0.201929,0.281813,3.08074e-07
17421,Solyc08g006400.1,tandem,Unclassified,Solyc08g006410.3,0.11604,0.301781,0.384518,0.0506318
17422,Solyc08g006410.3,tandem,TE-like,Solyc08g006400.1,0.11604,0.301781,0.384518,0.0506318
17423,Solyc08g006740.3,tandem,TE-like,Solyc08g006750.3,0.0145839,0.142998,0.101987,1.50958e-14
17424,Solyc08g006750.3,tandem,TE-like,Solyc08g006740.3,0.0145839,0.142998,0.101987,1.50958e-14
17425,Solyc08g006760.3,tandem,TE-like,Solyc08g006770.3,0.0526057,0.0671923,0.782913,0.524678
17426,Solyc08g006770.3,tandem,TE-like,Solyc08g006760.3,0.0526057,0.0671923,0.782913,0.524678
17427,Solyc08g006850.3,tandem,TE-like,Solyc08g006860.3,0.133048,0.240152,0.554017,0.00543576
17428,Solyc08g006860.3,tandem,TE-like,Solyc08g006850.3,0.133048,0.240152,0.554017,0.00543576
17429,Solyc08g007280.2,tandem,Unclassified,Solyc08g007300.2,0.158438,0.145543,1.0886,0.999974
17430,Solyc08g007300.2,tandem,gbM,Solyc08g007280.2,0.158438,0.145543,1.0886,0.999974
17431,Solyc08g007600.1,tandem,TE-like,Solyc08g007610.1,0.0840934,0.302107,0.278357,6.44935e-21
17432,Solyc08g007610.1,tandem,TE-like,Solyc08g007620.2,0.125293,0.330835,0.378717,5.67795e-14
17433,Solyc08g007620.2,tandem,TE-like,Solyc08g007610.1,0.125293,0.330835,0.378717,5.67795e-14
17434,Solyc08g007660.2,tandem,TE-like,Solyc08g007670.1,0.157244,0.309139,0.508653,0.000134325
17435,Solyc08g007690.1,tandem,TE-like,Solyc08g007700.1,0.116026,0.52015,0.223062,3.89769e-34
17436,Solyc08g007700.1,tandem,TE-like,Solyc08g007690.1,0.116026,0.52015,0.223062,3.89769e-34
17437,Solyc08g007714.1,tandem,TE-like,Solyc08g007716.1,0.102425,0.0831111,1.23238,0.489265
17438,Solyc08g007740.2,tandem,TE-like,Solyc08g007750.3,0.0686471,0.09925,0.691658,0.15333
17439,Solyc08g007750.3,tandem,TE-like,Solyc08g007740.2,0.0686471,0.09925,0.691658,0.15333
17440,Solyc08g007810.2,tandem,Unmethylated,Solyc08g007805.1,0.145109,0.184531,0.786363,0.752435
17441,Solyc08g007830.1,tandem,TE-like,Solyc08g007820.1,0.159298,1.39048,0.114564,6.86347e-29
17442,Solyc08g007930.2,tandem,TE-like,Solyc08g007920.2,0.0305163,0.0396211,0.770203,0.638907
17443,Solyc08g008000.2,tandem,TE-like,Solyc08g008010.3,0.0836525,0.406626,0.205723,3.17319e-14
17444,Solyc08g008010.3,tandem,TE-like,Solyc08g008000.2,0.0836525,0.406626,0.205723,3.17319e-14
17445,Solyc08g008130.3,tandem,TE-like,Solyc08g008140.3,0.194576,0.410905,0.473531,0.0518634
17446,Solyc08g008140.3,tandem,Unmethylated,Solyc08g008130.3,0.194576,0.410905,0.473531,0.0518634
17447,Solyc08g008200.2,tandem,TE-like,Solyc08g008190.3,0.116118,0.49317,0.235453,8.2642e-23
17448,Solyc08g008280.3,tandem,gbM,Solyc08g008277.1,0.342955,0.772247,0.4441,0.00311755
17449,Solyc08g008285.1,tandem,gbM,Solyc08g008280.3,0.382882,1.43347,0.267102,4.1036e-07
17450,Solyc08g008340.3,tandem,TE-like,Solyc08g008330.3,0.0468134,0.0337815,1.38577,0.700428
17451,Solyc08g008480.3,tandem,TE-like,Solyc08g008485.1,0.0248552,0.0470103,0.528718,0.239188
17452,Solyc08g013700.1,tandem,TE-like,Solyc08g013690.1,0.0987139,0.349073,0.282788,5.04607e-06
17453,Solyc08g013758.1,tandem,TE-like,Solyc08g013770.3,0.0143764,0.0217011,0.662473,0.466156
17454,Solyc08g013770.3,tandem,TE-like,Solyc08g013758.1,0.0143764,0.0217011,0.662473,0.466156
17455,Solyc08g013805.1,tandem,Unclassified,Solyc08g013800.3,0.182015,0.375387,0.484872,0.000945959
17456,Solyc08g013820.3,tandem,TE-like,Solyc08g013805.1,0.321996,0.734589,0.438335,1.51005e-06
17457,Solyc08g013880.3,tandem,TE-like,Solyc08g013890.3,0.210781,0.426369,0.494363,0.0183779
17458,Solyc08g013890.3,tandem,Unclassified,Solyc08g013880.3,0.210781,0.426369,0.494363,0.0183779
17459,Solyc08g013910.3,tandem,TE-like,Solyc08g013920.3,0.697242,3.55969,0.195872,2.85321e-16
17460,Solyc08g013920.3,tandem,TE-like,Solyc08g013910.3,0.697242,3.55969,0.195872,2.85321e-16
17461,Solyc08g014240.3,tandem,TE-like,Solyc08g014230.3,0.143084,0.334299,0.428011,9.77314e-06
17462,Solyc08g014243.1,tandem,TE-like,Solyc08g014260.2,0.110028,0.543347,0.2025,1.03298e-07
17463,Solyc08g014260.2,tandem,TE-like,Solyc08g014243.1,0.110028,0.543347,0.2025,1.03298e-07
17464,Solyc08g015692.1,tandem,TE-like,Solyc08g015720.1,0.573432,1.03856,0.552139,0.0923088
17465,Solyc08g015694.1,tandem,TE-like,Solyc08g015730.2,0.255714,0.457094,0.559434,0.000356231
17466,Solyc08g015696.1,tandem,Unclassified,Solyc08g015750.2,0.0550512,0.0914531,0.601961,0.213919
17467,Solyc08g015700.1,tandem,TE-like,Solyc08g015710.1,0.141704,0.117766,1.20326,0.650458
17468,Solyc08g015710.1,tandem,TE-like,Solyc08g015700.1,0.141704,0.117766,1.20326,0.650458
17469,Solyc08g015720.1,tandem,TE-like,Solyc08g015692.1,0.573432,1.03856,0.552139,0.0923088
17470,Solyc08g015730.2,tandem,Unclassified,Solyc08g015696.1,0.149182,0.217819,0.684888,0.161235
17471,Solyc08g015750.2,tandem,Unclassified,Solyc08g015696.1,0.0550512,0.0914531,0.601961,0.213919
17472,Solyc08g015877.1,tandem,TE-like,Solyc08g015890.1,0.188876,0.356086,0.530424,0.113848
17473,Solyc08g015890.1,tandem,TE-like,Solyc08g015877.1,0.188876,0.356086,0.530424,0.113848
17474,Solyc08g016100.1,tandem,Unclassified,Solyc08g016110.1,0.0184216,0.0214907,0.85719,0.563737
17475,Solyc08g016110.1,tandem,Unclassified,Solyc08g016120.1,0.00916747,NA,NA,NA
17476,Solyc08g016120.1,tandem,Unclassified,Solyc08g016110.1,0.00916747,NA,NA,NA
17477,Solyc08g021890.3,tandem,TE-like,Solyc08g021920.3,0.0560468,0.143477,0.390634,2.52954e-05
17478,Solyc08g021920.3,tandem,TE-like,Solyc08g021890.3,0.0560468,0.143477,0.390634,2.52954e-05
17479,Solyc08g022180.1,tandem,TE-like,Solyc08g022215.1,0.371405,0.849822,0.437039,0.000166025
17480,Solyc08g022215.1,tandem,TE-like,Solyc08g022180.1,0.371405,0.849822,0.437039,0.000166025
17481,Solyc08g023410.1,tandem,TE-like,Solyc08g023420.2,0.18214,0.335983,0.542111,0.124897
17482,Solyc08g023420.2,tandem,TE-like,Solyc08g023410.1,0.18214,0.335983,0.542111,0.124897
17483,Solyc08g023570.2,tandem,TE-like,Solyc08g023580.3,0.0392015,0.0445278,0.880383,0.702578
17484,Solyc08g023580.3,tandem,TE-like,Solyc08g023570.2,0.0392015,0.0445278,0.880383,0.702578
17485,Solyc08g028940.1,tandem,TE-like,Solyc08g028950.2,0.147508,0.327143,0.450898,0.0011281
17486,Solyc08g028950.2,tandem,TE-like,Solyc08g028940.1,0.147508,0.327143,0.450898,0.0011281
17487,Solyc08g036620.3,tandem,Unmethylated,NA,NA,NA,NA,NA
17488,Solyc08g036625.1,tandem,TE-like,NA,NA,NA,NA,NA
17489,Solyc08g036640.3,tandem,TE-like,Solyc08g036660.3,0.173541,0.488406,0.355322,0.0122268
17490,Solyc08g036660.3,tandem,Unmethylated,Solyc08g036640.3,0.173541,0.488406,0.355322,0.0122268
17491,Solyc08g042130.2,tandem,TE-like,Solyc08g042143.1,0.33537,0.653249,0.513388,0.00592081
17492,Solyc08g042143.1,tandem,TE-like,Solyc08g042130.2,0.33537,0.653249,0.513388,0.00592081
17493,Solyc08g044360.2,tandem,TE-like,Solyc08g044375.1,0.0038409,0.0051244,0.749532,0.249073
17494,Solyc08g044375.1,tandem,TE-like,Solyc08g044360.2,0.0038409,0.0051244,0.749532,0.249073
17495,Solyc08g044400.2,tandem,TE-like,Solyc08g044410.1,0.0431366,0.120953,0.356641,0.0109503
17496,Solyc08g044410.1,tandem,gbM,Solyc08g044400.2,0.0431366,0.120953,0.356641,0.0109503
17497,Solyc08g048280.2,tandem,TE-like,Solyc08g048290.3,0.0588794,0.130548,0.451017,0.0609873
17498,Solyc08g048290.3,tandem,TE-like,Solyc08g048280.2,0.0588794,0.130548,0.451017,0.0609873
17499,Solyc08g048370.3,tandem,Unclassified,Solyc08g048390.2,0.095395,0.672527,0.141846,7.12854e-15
17500,Solyc08g048390.2,tandem,Unclassified,Solyc08g048370.3,0.095395,0.672527,0.141846,7.12854e-15
17501,Solyc08g060880.1,tandem,TE-like,Solyc08g060890.1,0.240849,0.394784,0.610078,0.102693
17502,Solyc08g060890.1,tandem,TE-like,Solyc08g060880.1,0.240849,0.394784,0.610078,0.102693
17503,Solyc08g061060.2,tandem,Unclassified,Solyc08g061063.1,0.214102,3.21792,0.0665344,1.65388e-24
17504,Solyc08g061063.1,tandem,TE-like,Solyc08g061060.2,0.214102,3.21792,0.0665344,1.65388e-24
17505,Solyc08g061340.1,tandem,TE-like,Solyc08g061350.1,0.0796606,0.111357,0.715362,0.564755
17506,Solyc08g061350.1,tandem,TE-like,Solyc08g061340.1,0.0796606,0.111357,0.715362,0.564755
17507,Solyc08g061400.1,tandem,TE-like,Solyc08g061410.2,0.169207,0.116139,1.45693,0.247132
17508,Solyc08g061410.2,tandem,TE-like,Solyc08g061400.1,0.169207,0.116139,1.45693,0.247132
17509,Solyc08g061635.1,tandem,TE-like,Solyc08g061650.3,NA,NA,NA,NA
17510,Solyc08g061650.3,tandem,TE-like,Solyc08g061635.1,NA,NA,NA,NA
17511,Solyc08g061691.1,tandem,TE-like,Solyc08g061700.2,0.0899196,0.137702,0.653004,0.718155
17512,Solyc08g061700.2,tandem,TE-like,Solyc08g061691.1,0.0899196,0.137702,0.653004,0.718155
17513,Solyc08g061920.2,tandem,TE-like,Solyc08g061930.3,0.128149,0.395326,0.324161,1.26325e-13
17514,Solyc08g061930.3,tandem,Unclassified,Solyc08g061920.2,0.128149,0.395326,0.324161,1.26325e-13
17515,Solyc08g062510.3,tandem,TE-like,Solyc08g062515.1,0.0280772,0.0670828,0.418545,0.0105306
17516,Solyc08g062515.1,tandem,TE-like,Solyc08g062510.3,0.0280772,0.0670828,0.418545,0.0105306
17517,Solyc08g062910.3,tandem,gbM,Solyc08g062915.1,0.000497717,0.0606744,0.00820309,2.93777e-20
17518,Solyc08g062915.1,tandem,gbM,Solyc08g062920.3,NA,NA,NA,NA
17519,Solyc08g062920.3,tandem,gbM,Solyc08g062915.1,NA,NA,NA,NA
17520,Solyc08g065510.1,tandem,TE-like,Solyc08g065530.2,0.0473922,0.178593,0.265364,0.000298253
17521,Solyc08g065520.1,tandem,TE-like,Solyc08g065530.2,0.0660933,0.402359,0.164264,4.86246e-06
17522,Solyc08g065530.2,tandem,TE-like,Solyc08g065520.1,0.0660933,0.402359,0.164264,4.86246e-06
17523,Solyc08g065570.2,tandem,TE-like,Solyc08g065580.1,0.130366,0.205918,0.633099,0.133786
17524,Solyc08g065580.1,tandem,TE-like,Solyc08g065570.2,0.130366,0.205918,0.633099,0.133786
17525,Solyc08g065590.2,tandem,TE-like,Solyc08g065600.1,0.162363,0.290222,0.559445,0.00187406
17526,Solyc08g065600.1,tandem,TE-like,Solyc08g065590.2,0.162363,0.290222,0.559445,0.00187406
17527,Solyc08g065630.2,tandem,TE-like,Solyc08g065635.1,0.309754,0.294171,1.05297,0.887201
17528,Solyc08g065635.1,tandem,TE-like,Solyc08g065630.2,0.309754,0.294171,1.05297,0.887201
17529,Solyc08g065670.3,tandem,TE-like,Solyc08g065680.2,0.0700976,0.362949,0.193133,7.6713e-08
17530,Solyc08g065680.2,tandem,TE-like,Solyc08g065670.3,0.0700976,0.362949,0.193133,7.6713e-08
17531,Solyc08g065720.1,tandem,TE-like,Solyc08g065710.2,0.0950607,0.234465,0.405436,1.11104e-05
17532,Solyc08g065740.2,tandem,TE-like,Solyc08g065750.1,0.0961203,0.190158,0.505476,0.000430346
17533,Solyc08g065750.1,tandem,TE-like,Solyc08g065740.2,0.0961203,0.190158,0.505476,0.000430346
17534,Solyc08g065780.2,tandem,TE-like,Solyc08g065790.3,0.0852749,0.309238,0.275759,1.28866e-11
17535,Solyc08g065790.3,tandem,TE-like,Solyc08g065780.2,0.0852749,0.309238,0.275759,1.28866e-11
17536,Solyc08g066120.3,tandem,TE-like,Solyc08g066140.3,0.0311221,0.0393884,0.790133,0.475279
17537,Solyc08g066140.3,tandem,TE-like,Solyc08g066120.3,0.0311221,0.0393884,0.790133,0.475279
17538,Solyc08g066245.1,tandem,TE-like,Solyc08g066240.3,0.0578383,0.199915,0.289315,0.000397299
17539,Solyc08g066250.3,tandem,TE-like,Solyc08g066260.3,0.0854389,0.277806,0.307549,9.05217e-07
17540,Solyc08g066260.3,tandem,TE-like,Solyc08g066250.3,0.0854389,0.277806,0.307549,9.05217e-07
17541,Solyc08g066310.2,tandem,gbM,Solyc08g066320.3,0.428088,4.5185,0.0947413,2.61601e-62
17542,Solyc08g066320.3,tandem,gbM,Solyc08g066310.2,0.428088,4.5185,0.0947413,2.61601e-62
17543,Solyc08g066365.1,tandem,TE-like,Solyc08g066370.2,0.00605553,0.0324861,0.186404,0.00619234
17544,Solyc08g066370.2,tandem,TE-like,Solyc08g066365.1,0.00605553,0.0324861,0.186404,0.00619234
17545,Solyc08g066450.1,tandem,Unclassified,Solyc08g066435.1,0.0240957,0.0570894,0.42207,0.110323
17546,Solyc08g066460.2,tandem,TE-like,Solyc08g066450.1,0.481091,3.18457,0.151069,6.43096e-27
17547,Solyc08g066670.3,tandem,Unclassified,Solyc08g066680.3,0.266818,1.69449,0.157462,8.30175e-36
17548,Solyc08g066680.3,tandem,gbM,Solyc08g066670.3,0.266818,1.69449,0.157462,8.30175e-36
17549,Solyc08g066760.3,tandem,gbM,Solyc08g066770.3,0.0305271,0.059239,0.515321,0.193041
17550,Solyc08g066770.3,tandem,Unclassified,Solyc08g066760.3,0.0305271,0.059239,0.515321,0.193041
17551,Solyc08g066790.3,tandem,gbM,Solyc08g066800.3,0.0531981,0.327549,0.162413,1.17689e-31
17552,Solyc08g066800.3,tandem,gbM,Solyc08g066790.3,0.0531981,0.327549,0.162413,1.17689e-31
17553,Solyc08g067140.1,tandem,Unclassified,Solyc08g067145.1,0.241239,0.276594,0.872177,0.577933
17554,Solyc08g067145.1,tandem,Unclassified,Solyc08g067140.1,0.241239,0.276594,0.872177,0.577933
17555,Solyc08g067500.1,tandem,Unclassified,Solyc08g067510.1,0.353179,1.75385,0.201373,3.95401e-10
17556,Solyc08g067505.1,tandem,Unclassified,Solyc08g067520.1,0.170879,0.648101,0.263661,2.63806e-06
17557,Solyc08g067510.1,tandem,TE-like,Solyc08g067500.1,0.353179,1.75385,0.201373,3.95401e-10
17558,Solyc08g067520.1,tandem,Unmethylated,Solyc08g067505.1,0.170879,0.648101,0.263661,2.63806e-06
17559,Solyc08g067530.1,tandem,Unclassified,Solyc08g067540.1,0.234956,0.483594,0.485854,0.0103481
17560,Solyc08g067540.1,tandem,TE-like,Solyc08g067530.1,0.234956,0.483594,0.485854,0.0103481
17561,Solyc08g067550.1,tandem,Unclassified,Solyc08g067540.1,0.215025,0.39803,0.540225,0.0245657
17562,Solyc08g067610.3,tandem,Unclassified,Solyc08g067620.2,0.0403544,0.191575,0.210646,4.06289e-36
17563,Solyc08g067620.2,tandem,Unclassified,Solyc08g067610.3,0.0403544,0.191575,0.210646,4.06289e-36
17564,Solyc08g067880.3,tandem,TE-like,Solyc08g067885.1,0.0831988,0.262097,0.317436,3.5171e-06
17565,Solyc08g067885.1,tandem,TE-like,Solyc08g067890.3,0.0129144,0.00605084,2.13431,0.567665
17566,Solyc08g067890.3,tandem,TE-like,Solyc08g067885.1,0.0129144,0.00605084,2.13431,0.567665
17567,Solyc08g068085.1,tandem,Unclassified,Solyc08g068090.3,NA,NA,NA,NA
17568,Solyc08g068165.1,tandem,TE-like,Solyc08g068170.1,NA,NA,NA,NA
17569,Solyc08g068170.1,tandem,TE-like,Solyc08g068165.1,NA,NA,NA,NA
17570,Solyc08g068250.3,tandem,TE-like,Solyc08g068260.1,0.0969841,0.184156,0.526643,0.0625183
17571,Solyc08g068260.1,tandem,Unmethylated,Solyc08g068250.3,0.0969841,0.184156,0.526643,0.0625183
17572,Solyc08g068520.3,tandem,Unclassified,Solyc08g068530.3,0.228123,0.323033,0.706192,0.0170843
17573,Solyc08g068600.3,tandem,TE-like,Solyc08g068610.3,0.0152541,0.106136,0.143722,1.61197e-10
17574,Solyc08g068610.3,tandem,TE-like,Solyc08g068600.3,0.0152541,0.106136,0.143722,1.61197e-10
17575,Solyc08g068620.2,tandem,TE-like,Solyc08g068610.3,0.0539531,0.44278,0.121851,8.15834e-23
17576,Solyc08g068630.3,tandem,TE-like,Solyc08g068620.2,0.0441952,0.302426,0.146135,1.32993e-17
17577,Solyc08g068640.4,tandem,TE-like,Solyc08g068630.3,0.0262285,0.164116,0.159817,1.81316e-12
17578,Solyc08g068660.1,tandem,TE-like,Solyc08g068670.3,0.16338,0.463949,0.352152,0.00379585
17579,Solyc08g068670.3,tandem,TE-like,Solyc08g068660.1,0.16338,0.463949,0.352152,0.00379585
17580,Solyc08g068680.3,tandem,TE-like,Solyc08g068670.3,0.0301841,0.242356,0.124544,1.66058e-21
17581,Solyc08g068690.1,tandem,Unmethylated,Solyc08g068700.1,0.0446261,0.246998,0.180674,4.67578e-10
17582,Solyc08g068700.1,tandem,Unclassified,Solyc08g068710.1,0.0417801,0.31215,0.133846,1.6458e-13
17583,Solyc08g068710.1,tandem,Unclassified,Solyc08g068700.1,0.0417801,0.31215,0.133846,1.6458e-13
17584,Solyc08g068860.3,tandem,Unclassified,Solyc08g068870.3,0.363163,1.25575,0.289201,2.50398e-13
17585,Solyc08g068870.3,tandem,Unclassified,Solyc08g068860.3,0.363163,1.25575,0.289201,2.50398e-13
17586,Solyc08g074250.2,tandem,TE-like,Solyc08g074255.1,0.102484,0.440619,0.232591,8.33952e-06
17587,Solyc08g074255.1,tandem,Unclassified,Solyc08g074250.2,0.102484,0.440619,0.232591,8.33952e-06
17588,Solyc08g074360.3,tandem,TE-like,Solyc08g074370.3,0.0411773,0.151108,0.272503,2.11509e-05
17589,Solyc08g074370.3,tandem,TE-like,Solyc08g074360.3,0.0411773,0.151108,0.272503,2.11509e-05
17590,Solyc08g074620.3,tandem,Unclassified,Solyc08g074630.2,0.0523007,0.208675,0.250632,2.25356e-14
17591,Solyc08g074630.2,tandem,Unclassified,Solyc08g074640.1,0.230609,1.12137,0.205649,2.68892e-31
17592,Solyc08g074640.1,tandem,TE-like,Solyc08g074630.2,0.230609,1.12137,0.205649,2.68892e-31
17593,Solyc08g074680.3,tandem,TE-like,Solyc08g074682.1,0.107392,0.54396,0.197427,4.31857e-30
17594,Solyc08g074682.1,tandem,TE-like,Solyc08g074683.1,0.100879,0.730503,0.138096,1.43694e-47
17595,Solyc08g074683.1,tandem,TE-like,Solyc08g074690.3,0.380087,4.31431,0.0880992,1.23699e-108
17596,Solyc08g074690.3,tandem,TE-like,Solyc08g074683.1,0.380087,4.31431,0.0880992,1.23699e-108
17597,Solyc08g074730.2,tandem,TE-like,Solyc08g074740.3,0.091338,0.225641,0.404793,3.7627e-08
17598,Solyc08g074740.3,tandem,gbM,Solyc08g074730.2,0.091338,0.225641,0.404793,3.7627e-08
17599,Solyc08g074800.3,tandem,TE-like,Solyc08g074830.3,0.120904,0.206089,0.586663,0.0898918
17600,Solyc08g074830.3,tandem,TE-like,Solyc08g074800.3,0.120904,0.206089,0.586663,0.0898918
17601,Solyc08g074835.1,tandem,Unclassified,Solyc08g074830.3,0.497306,1.81756,0.273612,2.48109e-06
17602,Solyc08g074910.3,tandem,gbM,Solyc08g074897.1,0.504728,1.03935,0.485619,0.0106326
17603,Solyc08g074940.3,tandem,TE-like,Solyc08g074930.1,0.178734,0.321086,0.556656,0.000869677
17604,Solyc08g075030.3,tandem,TE-like,Solyc08g075020.3,0.361607,4.12144,0.0877378,1.5694e-40
17605,Solyc08g075200.2,tandem,Unmethylated,Solyc08g075210.2,0.132912,0.210226,0.632233,0.179337
17606,Solyc08g075250.1,tandem,Unclassified,Solyc08g075240.3,0.0252493,0.136027,0.185619,0.000252098
17607,Solyc08g075353.1,tandem,Unclassified,Solyc08g075357.1,0.491855,0.631725,0.778592,0.508657
17608,Solyc08g075357.1,tandem,TE-like,Solyc08g075353.1,0.491855,0.631725,0.778592,0.508657
17609,Solyc08g075410.3,tandem,Unclassified,Solyc08g075420.3,0.0522066,0.146948,0.355273,0.00324611
17610,Solyc08g075420.3,tandem,TE-like,Solyc08g075410.3,0.0522066,0.146948,0.355273,0.00324611
17611,Solyc08g075460.3,tandem,TE-like,Solyc08g075470.3,0.0743393,0.245368,0.30297,2.99281e-09
17612,Solyc08g075470.3,tandem,TE-like,Solyc08g075460.3,0.0743393,0.245368,0.30297,2.99281e-09
17613,Solyc08g075550.3,tandem,Unclassified,Solyc08g075540.4,0.291073,4.03935,0.0720593,3.01087e-58
17614,Solyc08g075590.2,tandem,gbM,Solyc08g075600.2,0.240397,1.27299,0.188845,2.65716e-70
17615,Solyc08g075600.2,tandem,Unclassified,Solyc08g075590.2,0.240397,1.27299,0.188845,2.65716e-70
17616,Solyc08g075610.2,tandem,gbM,Solyc08g075620.2,0.303903,1.4859,0.204525,5.74192e-15
17617,Solyc08g075620.2,tandem,gbM,Solyc08g075610.2,0.303903,1.4859,0.204525,5.74192e-15
17618,Solyc08g075630.3,tandem,Unclassified,Solyc08g075640.3,0.10725,0.21532,0.498094,2.32454e-07
17619,Solyc08g075640.3,tandem,Unclassified,Solyc08g075630.3,0.10725,0.21532,0.498094,2.32454e-07
17620,Solyc08g075800.1,tandem,TE-like,Solyc08g075810.3,0.0821711,0.53972,0.152248,3.01431e-36
17621,Solyc08g075810.3,tandem,TE-like,Solyc08g075800.1,0.0821711,0.53972,0.152248,3.01431e-36
17622,Solyc08g076050.3,tandem,gbM,Solyc08g076060.3,0.103201,0.343577,0.300371,4.17054e-20
17623,Solyc08g076060.3,tandem,gbM,Solyc08g076070.1,0.225108,0.510312,0.441117,0.000526159
17624,Solyc08g076070.1,tandem,TE-like,Solyc08g076060.3,0.225108,0.510312,0.441117,0.000526159
17625,Solyc08g076250.2,tandem,TE-like,Solyc08g076253.1,0.0590201,0.117167,0.503728,0.0879975
17626,Solyc08g076253.1,tandem,Unclassified,Solyc08g076250.2,0.0590201,0.117167,0.503728,0.0879975
17627,Solyc08g076257.1,tandem,TE-like,Solyc08g076253.1,0.13945,0.407631,0.342099,0.000176205
17628,Solyc08g076335.1,tandem,Unmethylated,Solyc08g076340.3,0.201894,0.151148,1.33573,0.459766
17629,Solyc08g076340.3,tandem,Unmethylated,Solyc08g076335.1,0.201894,0.151148,1.33573,0.459766
17630,Solyc08g076620.1,tandem,gbM,Solyc08g076630.2,0.114804,0.970972,0.118236,1.3734e-26
17631,Solyc08g076630.2,tandem,TE-like,Solyc08g076620.1,0.114804,0.970972,0.118236,1.3734e-26
17632,Solyc08g076640.1,tandem,TE-like,Solyc08g076630.2,0.185667,2.1093,0.0880231,9.21849e-44
17633,Solyc08g076700.1,tandem,TE-like,Solyc08g076710.3,0.286515,2.25732,0.126927,1.02047e-22
17634,Solyc08g076710.3,tandem,TE-like,Solyc08g076700.1,0.286515,2.25732,0.126927,1.02047e-22
17635,Solyc08g076790.3,tandem,TE-like,Solyc08g076810.3,0.172969,0.678247,0.255024,1.307e-11
17636,Solyc08g076970.3,tandem,Unclassified,Solyc08g076980.3,0.0598263,0.452758,0.132137,2.24047e-25
17637,Solyc08g076980.3,tandem,Unclassified,Solyc08g076970.3,0.0598263,0.452758,0.132137,2.24047e-25
17638,Solyc08g076990.3,tandem,gbM,Solyc08g076980.3,0.0918614,0.675442,0.136002,1.93045e-31
17639,Solyc08g077260.3,tandem,Unclassified,Solyc08g077270.3,0.0136882,0.00851412,1.60771,0.816273
17640,Solyc08g077270.3,tandem,TE-like,Solyc08g077260.3,0.0136882,0.00851412,1.60771,0.816273
17641,Solyc08g077335.1,tandem,TE-like,Solyc08g077340.2,0.0331666,0.0559097,0.593218,0.283542
17642,Solyc08g077340.2,tandem,TE-like,Solyc08g077335.1,0.0331666,0.0559097,0.593218,0.283542
17643,Solyc08g077380.3,tandem,Unclassified,Solyc08g077370.3,0.0325561,0.0348145,0.935131,0.835242
17644,Solyc08g077483.1,tandem,TE-like,Solyc08g077490.2,0.515575,1.79115,0.287846,0.00055582
17645,Solyc08g077487.1,tandem,TE-like,Solyc08g077490.2,0.167062,0.299601,0.557614,0.0383841
17646,Solyc08g077490.2,tandem,TE-like,Solyc08g077487.1,0.167062,0.299601,0.557614,0.0383841
17647,Solyc08g077600.1,tandem,TE-like,Solyc08g077610.2,0.251648,0.644862,0.390236,2.88074e-08
17648,Solyc08g077685.1,tandem,TE-like,Solyc08g077690.3,NA,NA,NA,NA
17649,Solyc08g077720.3,tandem,Unclassified,Solyc08g077710.3,0.0866418,0.331309,0.261514,0.000290188
17650,Solyc08g077810.2,tandem,TE-like,Solyc08g077820.3,0.0181643,0.0577408,0.314583,0.0122571
17651,Solyc08g077820.3,tandem,TE-like,Solyc08g077810.2,0.0181643,0.0577408,0.314583,0.0122571
17652,Solyc08g077910.3,tandem,gbM,Solyc08g077900.3,0.424446,2.77676,0.152857,1.62832e-19
17653,Solyc08g077920.3,tandem,TE-like,Solyc08g077930.3,0.00842102,0.0809131,0.104075,3.85004e-08
17654,Solyc08g077930.3,tandem,TE-like,Solyc08g077920.3,0.00842102,0.0809131,0.104075,3.85004e-08
17655,Solyc08g077955.1,tandem,Unclassified,Solyc08g077970.2,0.273668,0.286138,0.956421,1
17656,Solyc08g078115.1,tandem,TE-like,Solyc08g078120.1,0.0267712,0.100898,0.26533,0.00874481
17657,Solyc08g078120.1,tandem,TE-like,Solyc08g078115.1,0.0267712,0.100898,0.26533,0.00874481
17658,Solyc08g078260.1,tandem,Unclassified,Solyc08g078250.3,0.481018,3.16434,0.152012,2.74968e-14
17659,Solyc08g078390.3,tandem,TE-like,Solyc08g078400.3,0.0989672,0.480984,0.20576,1.55718e-29
17660,Solyc08g078400.3,tandem,gbM,Solyc08g078390.3,0.0989672,0.480984,0.20576,1.55718e-29
17661,Solyc08g078420.1,tandem,Unmethylated,Solyc08g078410.1,0.00856244,NA,NA,NA
17662,Solyc08g078695.1,tandem,Unmethylated,Solyc08g078710.2,0.611764,1.75997,0.3476,0.00129071
17663,Solyc08g078710.2,tandem,Unclassified,Solyc08g078695.1,0.611764,1.75997,0.3476,0.00129071
17664,Solyc08g078720.3,tandem,Unclassified,Solyc08g078710.2,0.575859,1.77887,0.323721,2.41431e-05
17665,Solyc08g078770.1,tandem,gbM,Solyc08g078780.2,0.125781,0.29567,0.425409,3.53257e-11
17666,Solyc08g078780.2,tandem,gbM,Solyc08g078770.1,0.125781,0.29567,0.425409,3.53257e-11
17667,Solyc08g078900.1,tandem,Unclassified,Solyc08g078910.1,0.204129,3.13748,0.0650615,6.41832e-30
17668,Solyc08g078930.1,tandem,TE-like,Solyc08g078940.1,0.285306,3.28398,0.0868779,6.03985e-33
17669,Solyc08g078940.1,tandem,Unclassified,Solyc08g078930.1,0.285306,3.28398,0.0868779,6.03985e-33
17670,Solyc08g079140.1,tandem,Unmethylated,Solyc08g079130.1,0.192848,0.485244,0.397425,0.000828097
17671,Solyc08g079150.1,tandem,Unmethylated,Solyc08g079140.1,0.168658,0.31191,0.540726,0.0234789
17672,Solyc08g079190.1,tandem,NA,NA,NA,NA,NA,NA
17673,Solyc08g079200.1,tandem,NA,NA,NA,NA,NA,NA
17674,Solyc08g079230.1,tandem,NA,NA,NA,NA,NA,NA
17675,Solyc08g079255.1,tandem,Unclassified,Solyc08g079250.3,0.182397,0.261815,0.696663,0.179567
17676,Solyc08g079280.3,tandem,TE-like,Solyc08g079285.1,0.0994669,0.319336,0.31148,2.21169e-11
17677,Solyc08g079285.1,tandem,TE-like,Solyc08g079280.3,0.0994669,0.319336,0.31148,2.21169e-11
17678,Solyc08g079300.3,tandem,TE-like,Solyc08g079310.3,0.0816367,0.352101,0.231856,4.9682e-18
17679,Solyc08g079310.3,tandem,TE-like,Solyc08g079300.3,0.0816367,0.352101,0.231856,4.9682e-18
17680,Solyc08g079313.1,tandem,Unclassified,Solyc08g079310.3,0.194812,0.456885,0.426392,0.0118458
17681,Solyc08g079330.2,tandem,TE-like,Solyc08g083410.1,0.0774602,0.207103,0.374018,9.58515e-08
17682,Solyc08g079350.2,tandem,TE-like,Solyc08g083520.2,0.087753,0.222959,0.393583,1.50961e-07
17683,Solyc08g079355.1,tandem,TE-like,Solyc08g079350.2,0.109205,0.212628,0.513595,0.00303371
17684,Solyc08g079420.3,tandem,gbM,Solyc08g083505.1,0.110686,0.257889,0.429201,1.23894e-07
17685,Solyc08g079840.2,tandem,TE-like,Solyc08g079850.3,0.0917972,0.434094,0.211468,1.06188e-31
17686,Solyc08g079850.3,tandem,TE-like,Solyc08g079840.2,0.0917972,0.434094,0.211468,1.06188e-31
17687,Solyc08g079860.2,tandem,TE-like,Solyc08g079870.3,0.0636136,0.183001,0.347612,1.50004e-11
17688,Solyc08g079870.3,tandem,TE-like,Solyc08g079860.2,0.0636136,0.183001,0.347612,1.50004e-11
17689,Solyc08g079880.2,tandem,TE-like,Solyc08g079870.3,0.0820981,0.171648,0.478292,1.46447e-06
17690,Solyc08g079890.2,tandem,gbM,Solyc08g079880.2,0.0922162,0.213966,0.430985,4.73815e-09
17691,Solyc08g079900.3,tandem,TE-like,Solyc08g079890.2,0.0780871,0.238298,0.327687,1.17872e-14
17692,Solyc08g079910.2,tandem,TE-like,Solyc08g079900.3,0.0893844,0.280646,0.318495,3.27186e-16
17693,Solyc08g079920.2,tandem,gbM,Solyc08g079930.2,0.0691282,0.185546,0.372567,3.40973e-10
17694,Solyc08g079930.2,tandem,gbM,Solyc08g079940.1,0.13908,0.260649,0.533592,0.012742
17695,Solyc08g079940.1,tandem,Unclassified,Solyc08g079930.2,0.13908,0.260649,0.533592,0.012742
17696,Solyc08g079990.2,tandem,TE-like,Solyc08g079980.1,0.330445,1.95839,0.168733,2.58496e-69
17697,Solyc08g080170.3,tandem,gbM,Solyc08g080160.3,0.208737,0.460717,0.45307,0.0112623
17698,Solyc08g080250.3,tandem,gbM,Solyc08g080240.3,NA,0.0152052,-7.30159e-14,NA
17699,Solyc08g080390.3,tandem,gbM,Solyc08g080380.3,0.112335,0.17228,0.65205,0.0144828
17700,Solyc08g080480.3,tandem,Unmethylated,Solyc08g080490.3,0.3684,3.25726,0.113101,2.25002e-26
17701,Solyc08g080490.3,tandem,Unmethylated,Solyc08g080480.3,0.3684,3.25726,0.113101,2.25002e-26
17702,Solyc08g080590.3,tandem,TE-like,Solyc08g080585.1,0.0701811,0.0461409,1.52102,0.364346
17703,Solyc08g080600.1,tandem,TE-like,Solyc08g080610.1,0.0534559,0.144816,0.369129,0.0349479
17704,Solyc08g080610.1,tandem,TE-like,Solyc08g080620.1,0.0685032,0.76367,0.0897025,1.40198e-14
17705,Solyc08g080620.1,tandem,TE-like,Solyc08g080610.1,0.0685032,0.76367,0.0897025,1.40198e-14
17706,Solyc08g080640.2,tandem,TE-like,Solyc08g080650.3,0.0537689,0.435465,0.123475,2.01781e-16
17707,Solyc08g080650.3,tandem,TE-like,Solyc08g080660.1,0.120678,2.10825,0.0572408,4.19976e-44
17708,Solyc08g080660.1,tandem,TE-like,Solyc08g080670.1,0.02445,0.303536,0.0805506,1.2605e-16
17709,Solyc08g080670.1,tandem,TE-like,Solyc08g080660.1,0.02445,0.303536,0.0805506,1.2605e-16
17710,Solyc08g080700.2,tandem,Unclassified,Solyc08g080710.2,0.422749,3.29037,0.12848,9.63075e-16
17711,Solyc08g080710.2,tandem,TE-like,Solyc08g080700.2,0.422749,3.29037,0.12848,9.63075e-16
17712,Solyc08g080760.2,tandem,Unclassified,Solyc08g080770.3,0.0637235,0.180837,0.352381,0.000545438
17713,Solyc08g080770.3,tandem,Unclassified,Solyc08g080760.2,0.0637235,0.180837,0.352381,0.000545438
17714,Solyc08g080800.1,tandem,TE-like,Solyc08g080790.1,0.155672,0.556252,0.279859,3.58409e-10
17715,Solyc08g080810.2,tandem,TE-like,Solyc08g080800.1,0.21551,0.763503,0.282264,3.80272e-05
17716,Solyc08g080900.3,tandem,gbM,Solyc08g080910.3,0.136015,0.3148,0.432069,0.000258806
17717,Solyc08g080910.3,tandem,TE-like,Solyc08g080900.3,0.136015,0.3148,0.432069,0.000258806
17718,Solyc08g080980.3,tandem,Unclassified,Solyc08g080990.3,0.687297,1.45931,0.470974,3.41052e-07
17719,Solyc08g080990.3,tandem,gbM,Solyc08g080980.3,0.687297,1.45931,0.470974,3.41052e-07
17720,Solyc08g081453.1,tandem,TE-like,Solyc08g081450.3,0.205233,0.290726,0.705932,0.130016
17721,Solyc08g081495.1,tandem,TE-like,Solyc08g081500.2,0.55047,3.83812,0.143422,1.11905e-20
17722,Solyc08g081500.2,tandem,TE-like,Solyc08g081495.1,0.55047,3.83812,0.143422,1.11905e-20
17723,Solyc08g081550.3,tandem,NA,Solyc08g081540.3,0.0407067,0.226216,0.179946,4.4293e-07
17724,Solyc08g081660.2,tandem,Unclassified,Solyc08g081670.2,0.0353106,0.0893683,0.395113,0.10188
17725,Solyc08g081780.1,tandem,TE-like,Solyc08g081790.2,0.192645,3.18466,0.0604915,0
17726,Solyc08g081790.2,tandem,Unclassified,Solyc08g081780.1,0.192645,3.18466,0.0604915,0
17727,Solyc08g081800.1,tandem,TE-like,Solyc08g081790.2,0.358663,3.18366,0.112657,0
17728,Solyc08g081820.3,tandem,gbM,Solyc08g081810.3,0.0949593,1.25212,0.0758388,3.91961e-88
17729,Solyc08g081910.3,tandem,TE-like,Solyc08g081900.3,0.0108506,0.0599417,0.181019,0.000422605
17730,Solyc08g082135.1,tandem,TE-like,Solyc08g082150.2,NA,NA,NA,NA
17731,Solyc08g082150.2,tandem,TE-like,Solyc08g082135.1,NA,NA,NA,NA
17732,Solyc08g082290.3,tandem,gbM,Solyc08g082280.3,0.378879,0.771968,0.490797,5.8644e-05
17733,Solyc08g082490.2,tandem,TE-like,Solyc08g082500.2,0.0733551,0.0715043,1.02588,0.999865
17734,Solyc08g082500.2,tandem,TE-like,Solyc08g082490.2,0.0733551,0.0715043,1.02588,0.999865
17735,Solyc08g082510.1,tandem,Unclassified,Solyc08g082513.1,0.420165,2.95252,0.142307,7.29257e-14
17736,Solyc08g082513.1,tandem,TE-like,Solyc08g082510.1,0.420165,2.95252,0.142307,7.29257e-14
17737,Solyc08g082685.1,tandem,TE-like,Solyc08g082690.2,0.103977,0.122037,0.852015,0.53521
17738,Solyc08g082690.2,tandem,Unclassified,Solyc08g082685.1,0.103977,0.122037,0.852015,0.53521
17739,Solyc08g082780.2,tandem,TE-like,Solyc08g082790.3,0.228054,0.15793,1.44402,0.33232
17740,Solyc08g082790.3,tandem,Unclassified,Solyc08g082780.2,0.228054,0.15793,1.44402,0.33232
17741,Solyc08g083410.1,tandem,TE-like,Solyc08g079330.2,0.0774602,0.207103,0.374018,9.58515e-08
17742,Solyc08g083505.1,tandem,TE-like,Solyc08g079420.3,0.110686,0.257889,0.429201,1.23894e-07
17743,Solyc08g083510.2,tandem,TE-like,Solyc08g083500.2,0.114972,0.295303,0.389337,2.16807e-08
17744,Solyc09g005134.1,tandem,TE-like,Solyc09g005136.1,0.0604309,0.0721909,0.837099,0.693299
17745,Solyc09g005136.1,tandem,TE-like,Solyc09g005138.1,0.0578612,0.0882358,0.655756,0.0895065
17746,Solyc09g005138.1,tandem,TE-like,Solyc09g005136.1,0.0578612,0.0882358,0.655756,0.0895065
17747,Solyc09g005150.2,tandem,Unclassified,Solyc09g005160.2,0.13694,0.352289,0.388715,5.10987e-15
17748,Solyc09g005160.2,tandem,gbM,Solyc09g005150.2,0.13694,0.352289,0.388715,5.10987e-15
17749,Solyc09g005400.3,tandem,Unclassified,Solyc09g005410.2,0.0844405,0.144605,0.583941,0.151415
17750,Solyc09g005410.2,tandem,Unclassified,Solyc09g005400.3,0.0844405,0.144605,0.583941,0.151415
17751,Solyc09g005420.3,tandem,Unclassified,Solyc09g005410.2,0.0455284,0.217323,0.209497,0.000320904
17752,Solyc09g005510.1,tandem,TE-like,Solyc09g005520.2,0.238193,0.616486,0.386372,0.000883489
17753,Solyc09g005523.1,tandem,TE-like,Solyc09g005530.3,0.020613,NA,NA,0.188936
17754,Solyc09g005530.3,tandem,TE-like,Solyc09g005523.1,0.020613,NA,NA,0.188936
17755,Solyc09g005650.1,tandem,gbM,Solyc09g005660.3,0.108403,0.241767,0.448376,1.39649e-07
17756,Solyc09g005660.3,tandem,gbM,Solyc09g005670.2,0.233412,0.56585,0.412498,3.96333e-13
17757,Solyc09g005670.2,tandem,TE-like,Solyc09g005660.3,0.233412,0.56585,0.412498,3.96333e-13
17758,Solyc09g005690.3,tandem,TE-like,Solyc09g005670.2,0.0719578,0.187935,0.382887,4.63716e-06
17759,Solyc09g005840.1,tandem,TE-like,Solyc09g005830.1,0.130375,0.681375,0.191341,5.5094e-41
17760,Solyc09g006010.2,tandem,TE-like,Solyc09g007010.1,0.145323,0.397051,0.366007,0.000808612
17761,Solyc09g007010.1,tandem,TE-like,Solyc09g007020.1,0.0503537,0.256867,0.19603,4.63355e-06
17762,Solyc09g007020.1,tandem,TE-like,Solyc09g007010.1,0.0503537,0.256867,0.19603,4.63355e-06
17763,Solyc09g007160.3,tandem,TE-like,Solyc09g007150.3,0.0127111,0.00705587,1.80149,0.585408
17764,Solyc09g007180.3,tandem,TE-like,Solyc09g007170.3,0.0108614,0.0228491,0.475352,0.188973
17765,Solyc09g007445.1,tandem,TE-like,Solyc09g007450.2,0.00728318,NA,NA,NA
17766,Solyc09g007450.2,tandem,TE-like,Solyc09g007445.1,0.00728318,NA,NA,NA
17767,Solyc09g007570.2,tandem,gbM,Solyc09g007580.2,0.221147,0.431251,0.512802,0.000208219
17768,Solyc09g007580.2,tandem,TE-like,Solyc09g007570.2,0.221147,0.431251,0.512802,0.000208219
17769,Solyc09g007660.1,tandem,TE-like,Solyc09g007650.2,0.237028,1.93283,0.122633,1.29161e-20
17770,Solyc09g007700.3,tandem,Unclassified,Solyc09g007680.3,NA,NA,NA,NA
17771,Solyc09g007765.1,tandem,Unmethylated,Solyc09g007770.2,0.0259693,0.0346261,0.749992,0.403333
17772,Solyc09g007770.2,tandem,Unmethylated,Solyc09g007765.1,0.0259693,0.0346261,0.749992,0.403333
17773,Solyc09g007900.3,tandem,TE-like,Solyc09g007910.3,0.0104927,0.16055,0.0653546,1.9774e-31
17774,Solyc09g007910.3,tandem,Unclassified,Solyc09g007920.3,0.0229625,0.207277,0.110781,2.75381e-31
17775,Solyc09g007920.3,tandem,gbM,Solyc09g007910.3,0.0229625,0.207277,0.110781,2.75381e-31
17776,Solyc09g008050.3,tandem,TE-like,Solyc09g008060.3,0.312225,2.28069,0.1369,2.15771e-50
17777,Solyc09g008060.3,tandem,TE-like,Solyc09g008050.3,0.312225,2.28069,0.1369,2.15771e-50
17778,Solyc09g008415.1,tandem,NA,Solyc09g008420.3,NA,NA,NA,NA
17779,Solyc09g008740.1,tandem,TE-like,Solyc09g008750.1,0.0819371,0.459477,0.178327,7.79603e-08
17780,Solyc09g008750.1,tandem,TE-like,Solyc09g008760.1,0.0770108,0.405948,0.189706,1.18252e-07
17781,Solyc09g008760.1,tandem,TE-like,Solyc09g008750.1,0.0770108,0.405948,0.189706,1.18252e-07
17782,Solyc09g008950.1,tandem,TE-like,Solyc09g008960.2,0.21999,2.24892,0.0978203,3.2731e-24
17783,Solyc09g008960.2,tandem,TE-like,Solyc09g008950.1,0.21999,2.24892,0.0978203,3.2731e-24
17784,Solyc09g008970.1,tandem,Unmethylated,Solyc09g008980.2,0.494517,1.66989,0.296138,1.03948e-07
17785,Solyc09g008980.2,tandem,TE-like,Solyc09g008970.1,0.494517,1.66989,0.296138,1.03948e-07
17786,Solyc09g009510.3,tandem,TE-like,Solyc09g009520.3,0.225545,1.97921,0.113957,1.7902e-49
17787,Solyc09g009530.3,tandem,TE-like,Solyc09g009540.3,0.169636,1.487,0.114079,8.23131e-42
17788,Solyc09g009535.1,tandem,TE-like,Solyc09g009550.3,0.107856,1.93228,0.0558179,3.12979e-50
17789,Solyc09g009540.3,tandem,TE-like,Solyc09g009535.1,NA,NA,NA,NA
17790,Solyc09g009550.3,tandem,TE-like,Solyc09g009535.1,0.107856,1.93228,0.0558179,3.12979e-50
17791,Solyc09g009570.2,tandem,TE-like,Solyc09g009580.3,0.163808,1.42104,0.115273,1.68242e-14
17792,Solyc09g009600.2,tandem,TE-like,Solyc09g009610.2,0.24132,3.97934,0.0606432,7.06497e-94
17793,Solyc09g009610.2,tandem,TE-like,Solyc09g009600.2,0.24132,3.97934,0.0606432,7.06497e-94
17794,Solyc09g009660.3,tandem,TE-like,Solyc09g009670.3,0.0678615,0.230592,0.294293,5.89684e-08
17795,Solyc09g009670.3,tandem,TE-like,Solyc09g009660.3,0.0678615,0.230592,0.294293,5.89684e-08
17796,Solyc09g009985.1,tandem,gbM,Solyc09g010010.1,0.147266,0.33589,0.438434,0.00342137
17797,Solyc09g010010.1,tandem,gbM,Solyc09g010000.3,0.233909,3.05881,0.0764705,1.23457e-23
17798,Solyc09g010090.4,tandem,TE-like,Solyc09g010080.3,0.165013,1.26304,0.130647,7.79617e-65
17799,Solyc09g010595.1,tandem,TE-like,Solyc09g010610.2,0.283379,1.20112,0.235928,1.77188e-12
17800,Solyc09g010610.2,tandem,TE-like,Solyc09g010595.1,0.283379,1.20112,0.235928,1.77188e-12
17801,Solyc09g011070.1,tandem,TE-like,Solyc09g011060.2,0.387695,4.4912,0.0863233,4.12415e-112
17802,Solyc09g011103.1,tandem,TE-like,Solyc09g011100.1,0.204926,0.406043,0.504692,0.0284785
17803,Solyc09g011107.1,tandem,TE-like,Solyc09g011103.1,0.388803,2.22864,0.174457,5.0267e-09
17804,Solyc09g011120.1,tandem,TE-like,Solyc09g011110.1,0.750066,3.39928,0.220655,4.37156e-18
17805,Solyc09g011140.3,tandem,TE-like,Solyc09g011130.1,0.193815,1.77266,0.109336,1.9057e-31
17806,Solyc09g011260.2,tandem,TE-like,Solyc09g011270.3,0.339572,2.27432,0.149307,5.80806e-19
17807,Solyc09g011270.3,tandem,Unclassified,Solyc09g011260.2,0.339572,2.27432,0.149307,5.80806e-19
17808,Solyc09g011280.1,tandem,Unmethylated,Solyc09g011290.1,0.387057,0.749127,0.516678,0.00920027
17809,Solyc09g011290.1,tandem,TE-like,Solyc09g011295.1,0.333713,1.09172,0.305677,9.76166e-08
17810,Solyc09g011295.1,tandem,TE-like,Solyc09g011290.1,0.333713,1.09172,0.305677,9.76166e-08
17811,Solyc09g011490.3,tandem,Unclassified,Solyc09g011500.3,0.0962309,0.497979,0.193243,4.53138e-12
17812,Solyc09g011500.3,tandem,Unclassified,Solyc09g011510.2,0.101474,0.686185,0.147882,7.00194e-10
17813,Solyc09g011510.2,tandem,TE-like,Solyc09g011520.3,0.160962,0.332677,0.483837,0.00838226
17814,Solyc09g011520.3,tandem,Unclassified,Solyc09g011510.2,0.160962,0.332677,0.483837,0.00838226
17815,Solyc09g011530.2,tandem,Unclassified,Solyc09g011520.3,0.137743,0.235732,0.58432,0.13525
17816,Solyc09g011560.2,tandem,TE-like,Solyc09g011550.2,0.109494,0.683877,0.160107,5.53979e-15
17817,Solyc09g011570.3,tandem,Unclassified,Solyc09g011580.2,0.132072,0.361847,0.364994,1.18877e-05
17818,Solyc09g011580.2,tandem,Unclassified,Solyc09g011590.3,0.101757,0.224862,0.452533,0.00192868
17819,Solyc09g011590.3,tandem,gbM,Solyc09g011580.2,0.101757,0.224862,0.452533,0.00192868
17820,Solyc09g011600.3,tandem,gbM,Solyc09g011610.3,0.190096,0.537123,0.353915,0.000921807
17821,Solyc09g011610.3,tandem,Unclassified,Solyc09g011600.3,0.190096,0.537123,0.353915,0.000921807
17822,Solyc09g011650.3,tandem,Unclassified,Solyc09g011640.4,0.353831,3.53141,0.100195,6.90723e-27
17823,Solyc09g011800.3,tandem,TE-like,Solyc09g011790.3,0.0303883,0.141843,0.214239,0.000166318
17824,Solyc09g011960.2,tandem,TE-like,Solyc09g011970.2,0.178417,4.33296,0.0411767,1.61925e-115
17825,Solyc09g011970.2,tandem,TE-like,Solyc09g011960.2,0.178417,4.33296,0.0411767,1.61925e-115
17826,Solyc09g011980.1,tandem,Unclassified,Solyc09g011990.1,0.0973604,0.221981,0.438598,0.00931541
17827,Solyc09g011990.1,tandem,gbM,Solyc09g012000.1,0.0886675,0.347553,0.255119,1.33546e-20
17828,Solyc09g012010.1,tandem,Unclassified,Solyc09g012020.1,0.210783,0.685719,0.30739,8.97186e-12
17829,Solyc09g012020.1,tandem,TE-like,Solyc09g012010.1,0.210783,0.685719,0.30739,8.97186e-12
17830,Solyc09g014220.3,tandem,TE-like,Solyc09g014230.2,0.226805,4.42236,0.051286,5.45024e-106
17831,Solyc09g014230.2,tandem,TE-like,Solyc09g014220.3,0.226805,4.42236,0.051286,5.45024e-106
17832,Solyc09g014530.3,tandem,Unclassified,Solyc09g014540.2,0.122958,0.101009,1.21729,0.573403
17833,Solyc09g014540.2,tandem,Unclassified,Solyc09g014530.3,0.122958,0.101009,1.21729,0.573403
17834,Solyc09g014550.3,tandem,Unclassified,Solyc09g014540.2,0.172579,0.2304,0.74904,0.352768
17835,Solyc09g014555.1,tandem,TE-like,Solyc09g014550.3,0.186261,0.451869,0.412202,0.0105959
17836,Solyc09g014560.2,tandem,Unclassified,Solyc09g014580.3,0.134231,0.387027,0.346827,0.0168842
17837,Solyc09g014580.3,tandem,Unmethylated,Solyc09g014560.2,0.134231,0.387027,0.346827,0.0168842
17838,Solyc09g014623.1,tandem,TE-like,Solyc09g014630.1,NA,NA,NA,NA
17839,Solyc09g014624.1,tandem,TE-like,Solyc09g014630.1,0.0420134,0.0976573,0.430212,0.0322763
17840,Solyc09g014629.1,tandem,TE-like,Solyc09g014633.1,0.146996,0.152112,0.966363,0.765195
17841,Solyc09g014630.1,tandem,TE-like,Solyc09g014624.1,0.0420134,0.0976573,0.430212,0.0322763
17842,Solyc09g014633.1,tandem,TE-like,Solyc09g014629.1,0.146996,0.152112,0.966363,0.765195
17843,Solyc09g014635.1,tandem,TE-like,Solyc09g014633.1,0.055141,0.0317938,1.73433,0.722442
17844,Solyc09g014637.1,tandem,TE-like,Solyc09g014690.2,0.191264,0.561681,0.340521,5.66813e-05
17845,Solyc09g014640.1,tandem,TE-like,Solyc09g014627.1,0.0691275,0.0985145,0.701699,0.248101
17846,Solyc09g014680.1,tandem,TE-like,Solyc09g014627.1,0.100331,0.270171,0.37136,0.000344859
17847,Solyc09g014690.2,tandem,Unclassified,Solyc09g014637.1,0.191264,0.561681,0.340521,5.66813e-05
17848,Solyc09g014700.2,tandem,TE-like,Solyc09g014690.2,0.0197243,0.0214727,0.918574,0.877954
17849,Solyc09g014710.3,tandem,TE-like,Solyc09g014720.2,0.109621,0.829373,0.132173,4.57659e-51
17850,Solyc09g014720.2,tandem,TE-like,Solyc09g014730.3,0.133028,0.819706,0.162287,4.18333e-51
17851,Solyc09g014730.3,tandem,TE-like,Solyc09g014720.2,0.133028,0.819706,0.162287,4.18333e-51
17852,Solyc09g014740.3,tandem,TE-like,Solyc09g014730.3,0.164405,0.751019,0.218909,1.47848e-37
17853,Solyc09g014800.2,tandem,Unclassified,Solyc09g014820.3,0.335231,3.51746,0.0953047,2.7044e-27
17854,Solyc09g014820.3,tandem,TE-like,Solyc09g014800.2,0.335231,3.51746,0.0953047,2.7044e-27
17855,Solyc09g015000.3,tandem,Unmethylated,Solyc09g015020.1,0.031861,0.200068,0.159251,3.53938e-06
17856,Solyc09g015020.1,tandem,Unmethylated,Solyc09g015000.3,0.031861,0.200068,0.159251,3.53938e-06
17857,Solyc09g015130.3,tandem,TE-like,Solyc09g015120.3,0.00483324,NA,NA,NA
17858,Solyc09g015230.1,tandem,TE-like,Solyc09g015240.1,0.096408,0.353647,0.272611,3.88579e-12
17859,Solyc09g015290.1,tandem,TE-like,Solyc09g015300.1,0.219254,0.572074,0.383262,0.0114647
17860,Solyc09g015300.1,tandem,TE-like,Solyc09g015290.1,0.219254,0.572074,0.383262,0.0114647
17861,Solyc09g015830.2,tandem,TE-like,Solyc09g015840.3,0.284636,0.853617,0.333447,2.11042e-05
17862,Solyc09g015840.3,tandem,gbM,Solyc09g015830.2,0.284636,0.853617,0.333447,2.11042e-05
17863,Solyc09g015870.3,tandem,TE-like,Solyc09g015880.3,0.0821346,0.191689,0.428479,0.0110789
17864,Solyc09g015880.3,tandem,TE-like,Solyc09g015870.3,0.0821346,0.191689,0.428479,0.0110789
17865,Solyc09g017980.2,tandem,TE-like,Solyc09g017990.2,0.215164,0.417668,0.515155,0.0032458
17866,Solyc09g017990.2,tandem,TE-like,Solyc09g017980.2,0.215164,0.417668,0.515155,0.0032458
17867,Solyc09g018905.1,tandem,TE-like,Solyc09g018930.1,0.175438,0.312002,0.562297,0.157128
17868,Solyc09g018930.1,tandem,TE-like,Solyc09g018905.1,0.175438,0.312002,0.562297,0.157128
17869,Solyc09g025220.2,tandem,TE-like,Solyc09g025210.3,0.499303,4.25522,0.117339,6.844e-50
17870,Solyc09g037025.1,tandem,TE-like,Solyc09g037030.1,0.383425,0.707656,0.541825,0.0137869
17871,Solyc09g037030.1,tandem,TE-like,Solyc09g037025.1,0.383425,0.707656,0.541825,0.0137869
17872,Solyc09g040190.1,tandem,Unclassified,Solyc09g042200.1,0.00684085,0.0193496,0.353539,0.390903
17873,Solyc09g042200.1,tandem,Unclassified,Solyc09g040190.1,0.00684085,0.0193496,0.353539,0.390903
17874,Solyc09g042263.1,tandem,TE-like,Solyc09g042270.1,0.121972,0.309983,0.393481,1.98232e-05
17875,Solyc09g042270.1,tandem,TE-like,Solyc09g042263.1,0.121972,0.309983,0.393481,1.98232e-05
17876,Solyc09g042573.1,tandem,Unclassified,Solyc09g042577.1,0.083682,0.37725,0.221821,0.0114943
17877,Solyc09g042577.1,tandem,Unclassified,Solyc09g042573.1,0.083682,0.37725,0.221821,0.0114943
17878,Solyc09g055510.1,tandem,NA,Solyc09g055520.1,0.0160938,0.0173962,0.925131,0.9041
17879,Solyc09g055520.1,tandem,TE-like,Solyc09g055510.1,0.0160938,0.0173962,0.925131,0.9041
17880,Solyc09g055540.1,tandem,TE-like,Solyc09g055520.1,0.41421,0.789356,0.524745,0.0130732
17881,Solyc09g056040.3,tandem,TE-like,Solyc09g056050.1,0.316876,0.320695,0.988092,0.638375
17882,Solyc09g056050.1,tandem,TE-like,Solyc09g056040.3,0.316876,0.320695,0.988092,0.638375
17883,Solyc09g057520.2,tandem,TE-like,Solyc09g057530.1,0.11732,0.295842,0.396564,0.00471191
17884,Solyc09g057530.1,tandem,TE-like,Solyc09g057520.2,0.11732,0.295842,0.396564,0.00471191
17885,Solyc09g057583.1,tandem,NA,Solyc09g057590.3,0.0855119,0.138957,0.615385,0.205276
17886,Solyc09g057590.3,tandem,NA,Solyc09g057583.1,0.0855119,0.138957,0.615385,0.205276
17887,Solyc09g057660.3,tandem,gbM,Solyc09g057670.3,0.424204,3.26175,0.130054,3.07136e-17
17888,Solyc09g057670.3,tandem,Unclassified,Solyc09g057660.3,0.424204,3.26175,0.130054,3.07136e-17
17889,Solyc09g057875.1,tandem,TE-like,Solyc09g057880.3,0.652167,3.5381,0.184327,1.07334e-18
17890,Solyc09g057880.3,tandem,TE-like,Solyc09g057875.1,0.652167,3.5381,0.184327,1.07334e-18
17891,Solyc09g059020.3,tandem,TE-like,Solyc09g059030.3,0.0903245,0.22855,0.395206,5.49658e-06
17892,Solyc09g059030.3,tandem,gbM,Solyc09g059020.3,0.0903245,0.22855,0.395206,5.49658e-06
17893,Solyc09g059040.3,tandem,gbM,Solyc09g059060.1,0.334665,2.32272,0.144084,8.85549e-05
17894,Solyc09g059060.1,tandem,TE-like,Solyc09g059040.3,0.334665,2.32272,0.144084,8.85549e-05
17895,Solyc09g059070.2,tandem,TE-like,Solyc09g059060.1,0.135373,0.210592,0.642821,0.262319
17896,Solyc09g059285.1,tandem,TE-like,Solyc09g059290.3,0.265312,0.455945,0.581895,0.0637133
17897,Solyc09g059290.3,tandem,TE-like,Solyc09g059285.1,0.265312,0.455945,0.581895,0.0637133
17898,Solyc09g059550.1,tandem,Unclassified,Solyc09g059560.2,0.203415,0.866636,0.234717,6.25087e-12
17899,Solyc09g059560.2,tandem,TE-like,Solyc09g059550.1,0.203415,0.866636,0.234717,6.25087e-12
17900,Solyc09g059890.2,tandem,TE-like,Solyc09g059900.1,0.128952,0.0676044,1.90744,0.409874
17901,Solyc09g059900.1,tandem,TE-like,Solyc09g059890.2,0.128952,0.0676044,1.90744,0.409874
17902,Solyc09g059996.1,tandem,TE-like,Solyc09g060000.2,0.0768763,0.110468,0.695914,0.268948
17903,Solyc09g060000.2,tandem,TE-like,Solyc09g059996.1,0.0768763,0.110468,0.695914,0.268948
17904,Solyc09g060010.1,tandem,TE-like,NA,NA,NA,NA,NA
17905,Solyc09g060020.1,tandem,TE-like,NA,NA,NA,NA,NA
17906,Solyc09g060130.1,tandem,TE-like,Solyc09g060140.2,0.125462,0.206897,0.606399,0.0149362
17907,Solyc09g060140.2,tandem,TE-like,Solyc09g060130.1,0.125462,0.206897,0.606399,0.0149362
17908,Solyc09g061635.1,tandem,TE-like,Solyc09g061650.1,0.0572533,0.034048,1.68155,0.514215
17909,Solyc09g061650.1,tandem,TE-like,Solyc09g061635.1,0.0572533,0.034048,1.68155,0.514215
17910,Solyc09g061685.1,tandem,TE-like,Solyc09g061690.1,0.0552702,0.155545,0.355333,7.41435e-05
17911,Solyc09g061690.1,tandem,TE-like,Solyc09g061685.1,0.0552702,0.155545,0.355333,7.41435e-05
17912,Solyc09g064330.2,tandem,TE-like,Solyc09g064340.1,0.0473728,0.15793,0.299961,0.011635
17913,Solyc09g064340.1,tandem,TE-like,Solyc09g064350.1,0.0331323,0.13476,0.245862,0.00847643
17914,Solyc09g064350.1,tandem,TE-like,Solyc09g064340.1,0.0331323,0.13476,0.245862,0.00847643
17915,Solyc09g064560.1,tandem,TE-like,Solyc09g064570.1,0.153805,0.183056,0.840209,0.513788
17916,Solyc09g064570.1,tandem,Unclassified,Solyc09g064560.1,0.153805,0.183056,0.840209,0.513788
17917,Solyc09g064742.1,tandem,TE-like,Solyc09g064750.2,0.0435756,0.0442442,0.98489,0.962403
17918,Solyc09g064750.2,tandem,TE-like,Solyc09g064742.1,0.0435756,0.0442442,0.98489,0.962403
17919,Solyc09g065260.2,tandem,TE-like,Solyc09g065250.2,0.537555,3.57195,0.150493,0
17920,Solyc09g066155.1,tandem,TE-like,Solyc09g066180.1,0.0439488,0.0609924,0.720562,0.250404
17921,Solyc09g066180.1,tandem,TE-like,Solyc09g066155.1,0.0439488,0.0609924,0.720562,0.250404
17922,Solyc09g066270.3,tandem,TE-like,Solyc09g066260.3,0.127213,2.96374,0.0429232,0
17923,Solyc09g066320.2,tandem,TE-like,Solyc09g066310.3,0.0191075,0.0836333,0.228468,6.79988e-05
17924,Solyc09g073030.3,tandem,Unclassified,Solyc09g073040.3,0.305737,0.356261,0.858183,0.655821
17925,Solyc09g073040.3,tandem,Unclassified,Solyc09g073030.3,0.305737,0.356261,0.858183,0.655821
17926,Solyc09g074120.2,tandem,TE-like,Solyc09g074130.2,0.0559858,0.0542763,1.0315,0.894172
17927,Solyc09g074130.2,tandem,TE-like,Solyc09g074120.2,0.0559858,0.0542763,1.0315,0.894172
17928,Solyc09g074150.2,tandem,TE-like,Solyc09g074140.2,0.063714,0.0695085,0.916635,0.689074
17929,Solyc09g074200.2,tandem,TE-like,Solyc09g074190.2,0.135079,0.205095,0.658619,0.00152145
17930,Solyc09g074280.1,tandem,gbM,Solyc09g074290.1,0.0665413,0.35652,0.186641,2.26062e-18
17931,Solyc09g074290.1,tandem,gbM,Solyc09g074280.1,0.0665413,0.35652,0.186641,2.26062e-18
17932,Solyc09g074590.1,tandem,TE-like,Solyc09g074600.1,0.0127875,0.166283,0.0769023,3.12357e-05
17933,Solyc09g074600.1,tandem,TE-like,Solyc09g074590.1,0.0127875,0.166283,0.0769023,3.12357e-05
17934,Solyc09g074710.2,tandem,Unclassified,Solyc09g074730.2,0.180488,0.27299,0.661153,0.157714
17935,Solyc09g074970.3,tandem,Unclassified,Solyc09g074990.3,0.0496047,0.101119,0.49056,0.021957
17936,Solyc09g074990.3,tandem,TE-like,Solyc09g074970.3,0.0496047,0.101119,0.49056,0.021957
17937,Solyc09g075060.3,tandem,TE-like,Solyc09g075070.3,0.134205,0.593837,0.225996,9.18751e-26
17938,Solyc09g075070.3,tandem,gbM,Solyc09g075060.3,0.134205,0.593837,0.225996,9.18751e-26
17939,Solyc09g075160.3,tandem,Unmethylated,Solyc09g075150.3,NA,0.280515,0,NA
17940,Solyc09g075230.1,tandem,Unmethylated,Solyc09g075260.3,0.0749681,0.134295,0.558235,0.0768282
17941,Solyc09g075260.3,tandem,Unmethylated,Solyc09g075230.1,0.0749681,0.134295,0.558235,0.0768282
17942,Solyc09g075270.1,tandem,Unclassified,Solyc09g075260.3,0.437755,3.23155,0.135463,2.09054e-12
17943,Solyc09g075670.1,tandem,Unclassified,Solyc09g075680.1,0.403445,1.38785,0.290696,2.00136e-17
17944,Solyc09g075700.1,tandem,Unclassified,Solyc09g075710.1,0.0749973,0.292144,0.256713,1.96026e-09
17945,Solyc09g075710.1,tandem,Unclassified,Solyc09g075700.1,0.0749973,0.292144,0.256713,1.96026e-09
17946,Solyc09g075860.3,tandem,gbM,Solyc09g075870.2,0.151958,1.41042,0.107739,8.91898e-85
17947,Solyc09g075870.2,tandem,gbM,Solyc09g075860.3,0.151958,1.41042,0.107739,8.91898e-85
17948,Solyc09g075910.1,tandem,gbM,Solyc09g075920.1,0.46021,4.64409,0.0990957,5.03435e-86
17949,Solyc09g075920.1,tandem,gbM,Solyc09g075910.1,0.46021,4.64409,0.0990957,5.03435e-86
17950,Solyc09g075930.2,tandem,gbM,Solyc09g075940.3,0.0463924,0.102995,0.450432,0.000285114
17951,Solyc09g075940.3,tandem,Unclassified,Solyc09g075930.2,0.0463924,0.102995,0.450432,0.000285114
17952,Solyc09g082085.1,tandem,Unmethylated,Solyc09g082090.1,0.106936,0.248305,0.430662,0.0361471
17953,Solyc09g082090.1,tandem,Unmethylated,Solyc09g082085.1,0.106936,0.248305,0.430662,0.0361471
17954,Solyc09g082110.3,tandem,Unclassified,Solyc09g082100.3,0.329648,1.47742,0.223123,3.16559e-18
17955,Solyc09g082230.1,tandem,Unclassified,Solyc09g082240.3,0.18549,1.13505,0.16342,2.58538e-15
17956,Solyc09g082240.3,tandem,TE-like,Solyc09g082250.2,0.199994,0.360342,0.555012,0.0144582
17957,Solyc09g082250.2,tandem,TE-like,Solyc09g082260.1,0.319737,0.662239,0.482813,0.000515031
17958,Solyc09g082260.1,tandem,TE-like,Solyc09g082250.2,0.319737,0.662239,0.482813,0.000515031
17959,Solyc09g082280.3,tandem,TE-like,Solyc09g082270.3,0.553201,3.51887,0.15721,3.42892e-15
17960,Solyc09g082300.3,tandem,Unclassified,Solyc09g082290.3,0.511776,3.20594,0.159634,8.00235e-12
17961,Solyc09g082340.2,tandem,Unclassified,Solyc09g082330.2,0.241619,1.02957,0.234679,1.51219e-22
17962,Solyc09g082350.1,tandem,Unclassified,Solyc09g082340.2,0.111517,0.501838,0.222217,4.98058e-07
17963,Solyc09g082420.1,tandem,TE-like,Solyc09g082430.1,0.0375898,0.0554448,0.677968,0.535354
17964,Solyc09g082430.1,tandem,TE-like,Solyc09g082440.1,0.166854,0.180437,0.924724,0.844283
17965,Solyc09g082440.1,tandem,TE-like,Solyc09g082430.1,0.166854,0.180437,0.924724,0.844283
17966,Solyc09g082630.3,tandem,gbM,Solyc09g082640.1,0.383251,3.39955,0.112736,2.03601e-29
17967,Solyc09g082640.1,tandem,TE-like,Solyc09g082630.3,0.383251,3.39955,0.112736,2.03601e-29
17968,Solyc09g082650.3,tandem,TE-like,Solyc09g082640.1,0.0921978,0.35134,0.262417,1.41149e-06
17969,Solyc09g082690.3,tandem,gbM,Solyc09g082700.2,0.0169701,0.101504,0.167187,0.000224116
17970,Solyc09g082695.1,tandem,Unclassified,Solyc09g082700.2,NA,NA,NA,NA
17971,Solyc09g082700.2,tandem,TE-like,Solyc09g082695.1,NA,NA,NA,NA
17972,Solyc09g082720.3,tandem,TE-like,Solyc09g082730.4,0.105731,0.946958,0.111653,1.17865e-29
17973,Solyc09g082730.4,tandem,TE-like,Solyc09g082720.3,0.105731,0.946958,0.111653,1.17865e-29
17974,Solyc09g082740.1,tandem,Unclassified,Solyc09g082750.1,0.13867,0.154674,0.896527,0.99991
17975,Solyc09g082750.1,tandem,Unclassified,Solyc09g082740.1,0.13867,0.154674,0.896527,0.99991
17976,Solyc09g082840.1,tandem,Unclassified,Solyc09g082845.1,0.134331,0.261185,0.514312,0.0417591
17977,Solyc09g082845.1,tandem,Unclassified,Solyc09g082840.1,0.134331,0.261185,0.514312,0.0417591
17978,Solyc09g082870.2,tandem,gbM,Solyc09g082880.2,0.0646157,0.261688,0.246919,6.68811e-05
17979,Solyc09g082880.2,tandem,Unmethylated,Solyc09g082870.2,0.0646157,0.261688,0.246919,6.68811e-05
17980,Solyc09g083020.1,tandem,Unclassified,Solyc09g083030.1,0.21527,0.764596,0.281547,1.84457e-05
17981,Solyc09g083030.1,tandem,Unmethylated,Solyc09g083040.1,0.38004,1.71437,0.22168,3.55948e-10
17982,Solyc09g083040.1,tandem,Unmethylated,Solyc09g083030.1,0.38004,1.71437,0.22168,3.55948e-10
17983,Solyc09g083100.1,tandem,Unclassified,Solyc09g083090.3,0.0157895,0.0528889,0.298541,0.00152834
17984,Solyc09g083130.3,tandem,TE-like,Solyc09g083120.3,0.203577,1.66214,0.122479,1.65032e-68
17985,Solyc09g083160.3,tandem,Unclassified,NA,NA,NA,NA,NA
17986,Solyc09g083170.3,tandem,Unclassified,NA,NA,NA,NA,NA
17987,Solyc09g083200.3,tandem,TE-like,Solyc09g083210.3,0.0512462,0.26368,0.19435,1.3866e-20
17988,Solyc09g083210.3,tandem,TE-like,Solyc09g083200.3,0.0512462,0.26368,0.19435,1.3866e-20
17989,Solyc09g083230.1,tandem,TE-like,Solyc09g083240.3,0.566505,1.98481,0.285421,0.0444642
17990,Solyc09g083240.3,tandem,Unclassified,Solyc09g083230.1,0.566505,1.98481,0.285421,0.0444642
17991,Solyc09g083310.2,tandem,TE-like,Solyc09g083300.2,0.21549,0.493241,0.436886,0.00466116
17992,Solyc09g083440.3,tandem,TE-like,Solyc09g083445.1,0.0799186,0.153932,0.519182,0.146051
17993,Solyc09g083445.1,tandem,TE-like,Solyc09g083440.3,0.0799186,0.153932,0.519182,0.146051
17994,Solyc09g084460.3,tandem,TE-like,Solyc09g084465.1,0.107707,0.292323,0.368452,0.00285785
17995,Solyc09g084465.1,tandem,TE-like,Solyc09g084460.3,0.107707,0.292323,0.368452,0.00285785
17996,Solyc09g084470.3,tandem,TE-like,Solyc09g084465.1,0.0231751,0.045771,0.506326,0.281951
17997,Solyc09g084480.3,tandem,TE-like,Solyc09g084470.3,0.156558,0.273496,0.572433,0.434041
17998,Solyc09g084490.3,tandem,TE-like,Solyc09g084480.3,0.149425,0.227475,0.656885,0.232383
17999,Solyc09g089490.3,tandem,Unclassified,Solyc09g089500.3,0.200764,0.177181,1.13311,0.818935
18000,Solyc09g089500.3,tandem,TE-like,Solyc09g089505.1,0.168551,0.210877,0.799282,0.580596
18001,Solyc09g089505.1,tandem,Unclassified,Solyc09g089500.3,0.168551,0.210877,0.799282,0.580596
18002,Solyc09g089510.3,tandem,Unclassified,Solyc09g089505.1,NA,NA,NA,NA
18003,Solyc09g089520.3,tandem,TE-like,Solyc09g089510.3,0.118755,0.259712,0.457256,0.0271738
18004,Solyc09g089680.3,tandem,TE-like,Solyc09g089690.3,0.233021,2.15742,0.108009,1.4648e-30
18005,Solyc09g089690.3,tandem,Unclassified,Solyc09g089680.3,0.233021,2.15742,0.108009,1.4648e-30
18006,Solyc09g089710.3,tandem,TE-like,Solyc09g089720.2,0.115746,0.435283,0.26591,2.35249e-05
18007,Solyc09g089720.2,tandem,TE-like,Solyc09g089710.3,0.115746,0.435283,0.26591,2.35249e-05
18008,Solyc09g089740.3,tandem,TE-like,Solyc09g089730.3,0.0962169,0.348209,0.276319,5.71262e-11
18009,Solyc09g089750.1,tandem,Unclassified,Solyc09g089760.1,0.124665,0.357107,0.349098,0.0392829
18010,Solyc09g089760.1,tandem,TE-like,Solyc09g089750.1,0.124665,0.357107,0.349098,0.0392829
18011,Solyc09g089780.3,tandem,TE-like,Solyc09g089790.3,0.185781,0.723802,0.256674,3.73737e-15
18012,Solyc09g089790.3,tandem,TE-like,Solyc09g089800.2,0.207719,0.653327,0.317941,3.19224e-12
18013,Solyc09g089800.2,tandem,TE-like,Solyc09g089810.1,0.0953184,0.235485,0.404775,8.13365e-06
18014,Solyc09g089810.1,tandem,TE-like,Solyc09g089800.2,0.0953184,0.235485,0.404775,8.13365e-06
18015,Solyc09g089820.2,tandem,TE-like,Solyc09g089810.1,0.105759,0.322955,0.327472,1.06548e-08
18016,Solyc09g089830.3,tandem,TE-like,Solyc09g089820.2,0.154673,0.298378,0.518378,0.000472271
18017,Solyc09g089920.1,tandem,Unclassified,Solyc09g089910.1,0.357358,3.2372,0.110391,1.78033e-19
18018,Solyc09g090000.1,tandem,TE-like,Solyc09g090010.3,0.217766,0.474268,0.459163,0.000975158
18019,Solyc09g090010.3,tandem,TE-like,Solyc09g090000.1,0.217766,0.474268,0.459163,0.000975158
18020,Solyc09g090080.1,tandem,gbM,Solyc09g090070.1,0.100791,4.5867,0.0219746,8.95074e-131
18021,Solyc09g090240.2,tandem,TE-like,Solyc09g090250.3,0.0988337,0.0996501,0.991808,0.864439
18022,Solyc09g090500.3,tandem,gbM,Solyc09g090510.3,0.113987,0.509556,0.223698,2.70876e-20
18023,Solyc09g090510.3,tandem,TE-like,Solyc09g090500.3,0.113987,0.509556,0.223698,2.70876e-20
18024,Solyc09g090553.1,tandem,TE-like,Solyc09g090560.1,0.0744447,0.204123,0.364705,0.00966366
18025,Solyc09g090560.1,tandem,TE-like,Solyc09g090553.1,0.0744447,0.204123,0.364705,0.00966366
18026,Solyc09g090750.3,tandem,gbM,Solyc09g090760.3,0.0245272,0.0460784,0.532293,0.144197
18027,Solyc09g090760.3,tandem,gbM,Solyc09g090750.3,0.0245272,0.0460784,0.532293,0.144197
18028,Solyc09g090873.1,tandem,TE-like,Solyc09g090880.1,0.118698,0.12991,0.913693,0.81654
18029,Solyc09g090880.1,tandem,TE-like,Solyc09g090873.1,0.118698,0.12991,0.913693,0.81654
18030,Solyc09g090970.3,tandem,TE-like,Solyc09g090980.3,0.100104,0.191318,0.523234,0.0264874
18031,Solyc09g090980.3,tandem,Unclassified,Solyc09g090990.2,0.0968972,0.190699,0.508116,0.0253057
18032,Solyc09g090990.2,tandem,Unclassified,Solyc09g090980.3,0.0968972,0.190699,0.508116,0.0253057
18033,Solyc09g091000.3,tandem,Unclassified,Solyc09g090990.2,0.155336,0.863038,0.179987,2.68627e-08
18034,Solyc09g091140.3,tandem,TE-like,Solyc09g091130.3,0.309204,1.48411,0.208342,1.42994e-11
18035,Solyc09g091290.1,tandem,TE-like,Solyc09g091300.1,0.291743,1.42911,0.204143,5.84787e-10
18036,Solyc09g091300.1,tandem,Unclassified,Solyc09g091290.1,0.291743,1.42911,0.204143,5.84787e-10
18037,Solyc09g091310.1,tandem,TE-like,NA,NA,NA,NA,NA
18038,Solyc09g091320.1,tandem,Unclassified,Solyc09g091330.1,0.315386,1.40287,0.224816,2.74065e-05
18039,Solyc09g091330.1,tandem,Unclassified,Solyc09g091340.1,0.331216,2.09098,0.158403,1.71928e-07
18040,Solyc09g091340.1,tandem,TE-like,Solyc09g091330.1,0.331216,2.09098,0.158403,1.71928e-07
18041,Solyc09g091350.1,tandem,Unclassified,Solyc09g091340.1,0.612067,3.15106,0.194242,4.22487e-10
18042,Solyc09g091530.2,tandem,TE-like,Solyc09g091540.1,0.0771709,0.237366,0.325113,4.47828e-06
18043,Solyc09g091540.1,tandem,TE-like,Solyc09g091530.2,0.0771709,0.237366,0.325113,4.47828e-06
18044,Solyc09g091550.3,tandem,TE-like,Solyc09g091540.1,0.087802,0.310771,0.282529,1.1935e-09
18045,Solyc09g091670.3,tandem,gbM,Solyc09g091660.3,0.0972246,0.752752,0.129159,1.10106e-120
18046,Solyc09g091720.1,tandem,TE-like,Solyc09g091725.1,0.175574,0.255954,0.685961,0.217698
18047,Solyc09g091725.1,tandem,TE-like,Solyc09g091720.1,0.175574,0.255954,0.685961,0.217698
18048,Solyc09g091890.3,tandem,Unclassified,NA,NA,NA,NA,NA
18049,Solyc09g092200.2,tandem,Unclassified,Solyc09g092210.3,0.167285,2.50148,0.0668743,4.07842e-18
18050,Solyc09g092210.3,tandem,Unclassified,Solyc09g092200.2,0.167285,2.50148,0.0668743,4.07842e-18
18051,Solyc09g092280.1,tandem,Unmethylated,Solyc09g092290.1,0.0484353,0.0331823,1.45967,0.134924
18052,Solyc09g092290.1,tandem,NA,Solyc09g092300.3,0.172328,0.40703,0.42338,2.07058e-06
18053,Solyc09g092300.3,tandem,NA,Solyc09g092290.1,0.172328,0.40703,0.42338,2.07058e-06
18054,Solyc09g092310.1,tandem,NA,Solyc09g092300.3,0.026415,0.0467598,0.564908,0.171667
18055,Solyc09g092390.2,tandem,Unclassified,Solyc09g092380.3,0.00444757,0.115472,0.0385165,3.8413e-18
18056,Solyc09g092490.3,tandem,gbM,Solyc09g092480.1,0.166056,1.09099,0.152207,2.40314e-16
18057,Solyc09g092560.3,tandem,TE-like,Solyc09g092565.1,0.120765,0.479023,0.252107,4.33888e-06
18058,Solyc09g092565.1,tandem,NA,Solyc09g092580.3,0.149468,0.516988,0.289113,4.09089e-07
18059,Solyc09g092580.3,tandem,TE-like,Solyc09g092565.1,0.149468,0.516988,0.289113,4.09089e-07
18060,Solyc09g092590.2,tandem,TE-like,Solyc09g092600.3,0.126628,0.82671,0.153171,2.81096e-31
18061,Solyc09g092600.3,tandem,TE-like,Solyc09g092590.2,0.126628,0.82671,0.153171,2.81096e-31
18062,Solyc09g092605.1,tandem,Unclassified,Solyc09g092640.3,0.0949371,0.747504,0.127006,1.75683e-12
18063,Solyc09g092620.3,tandem,TE-like,Solyc09g092600.3,0.129355,0.749903,0.172496,5.1192e-29
18064,Solyc09g092640.3,tandem,TE-like,Solyc09g092620.3,0.0982474,0.48047,0.204482,7.75277e-21
18065,Solyc09g097880.3,tandem,TE-like,Solyc09g097890.2,0.0844707,0.158729,0.53217,0.0110406
18066,Solyc09g097890.2,tandem,Unclassified,Solyc09g097880.3,0.0844707,0.158729,0.53217,0.0110406
18067,Solyc09g097950.2,tandem,TE-like,Solyc09g097960.3,0.0674697,0.29021,0.232486,0.00130102
18068,Solyc09g097960.3,tandem,TE-like,Solyc09g097950.2,0.0674697,0.29021,0.232486,0.00130102
18069,Solyc09g097970.3,tandem,gbM,Solyc09g097980.3,0.0871327,0.434439,0.200564,2.05559e-18
18070,Solyc09g097980.3,tandem,TE-like,Solyc09g097970.3,0.0871327,0.434439,0.200564,2.05559e-18
18071,Solyc09g097990.1,tandem,TE-like,Solyc09g098000.3,0.263867,2.00939,0.131317,3.72063e-12
18072,Solyc09g098000.3,tandem,TE-like,Solyc09g097990.1,0.263867,2.00939,0.131317,3.72063e-12
18073,Solyc09g098010.3,tandem,TE-like,Solyc09g098770.2,0.156931,0.467764,0.335492,3.30009e-12
18074,Solyc09g098030.3,tandem,TE-like,Solyc09g098010.3,0.0083258,0.0125998,0.660787,0.453696
18075,Solyc09g098035.1,tandem,NA,Solyc09g098770.2,0.208653,0.549531,0.379693,0.00679543
18076,Solyc09g098050.2,tandem,gbM,Solyc09g098060.3,0.150352,1.46848,0.102386,1.07026e-31
18077,Solyc09g098060.3,tandem,gbM,Solyc09g098050.2,0.150352,1.46848,0.102386,1.07026e-31
18078,Solyc09g098350.3,tandem,Unclassified,Solyc09g098370.3,0.0513564,0.0732483,0.701127,0.200666
18079,Solyc09g098370.3,tandem,TE-like,Solyc09g098350.3,0.0513564,0.0732483,0.701127,0.200666
18080,Solyc09g098770.2,tandem,Unclassified,Solyc09g098035.1,0.208653,0.549531,0.379693,0.00679543
18081,Solyc10g005160.1,tandem,TE-like,Solyc10g005170.1,0.104673,0.331719,0.315545,2.59736e-09
18082,Solyc10g005170.1,tandem,Unclassified,Solyc10g005160.1,0.104673,0.331719,0.315545,2.59736e-09
18083,Solyc10g005420.1,tandem,NA,Solyc10g005410.3,0.0827096,0.22352,0.370033,0.0207034
18084,Solyc10g005630.3,tandem,TE-like,Solyc10g005640.3,0.015966,0.0301098,0.530259,0.127558
18085,Solyc10g005780.3,tandem,TE-like,Solyc10g005770.3,0.0249086,0.0633277,0.39333,0.0214288
18086,Solyc10g006157.1,tandem,TE-like,Solyc10g006180.3,NA,NA,NA,NA
18087,Solyc10g006180.3,tandem,TE-like,Solyc10g006157.1,NA,NA,NA,NA
18088,Solyc10g006215.1,tandem,TE-like,Solyc10g006220.3,0.167678,0.312799,0.536057,0.0891923
18089,Solyc10g006220.3,tandem,TE-like,Solyc10g006215.1,0.167678,0.312799,0.536057,0.0891923
18090,Solyc10g006620.2,tandem,TE-like,Solyc10g006630.2,0.00384303,NA,NA,NA
18091,Solyc10g006630.2,tandem,TE-like,Solyc10g006620.2,0.00384303,NA,NA,NA
18092,Solyc10g006810.3,tandem,TE-like,Solyc10g006820.3,0.000966374,NA,NA,NA
18093,Solyc10g007090.3,tandem,TE-like,Solyc10g007100.3,0.118842,0.476903,0.249195,0.000151432
18094,Solyc10g007158.1,tandem,TE-like,Solyc10g007170.2,0.186432,0.292207,0.638014,0.128283
18095,Solyc10g007160.2,tandem,TE-like,Solyc10g007158.1,0.0106739,0.0437921,0.24374,0.0680793
18096,Solyc10g007225.1,tandem,gbM,Solyc10g007230.2,0.205146,0.15115,1.35723,0.171054
18097,Solyc10g007240.2,tandem,TE-like,Solyc10g007250.1,0.315092,0.283964,1.10962,0.566681
18098,Solyc10g007250.1,tandem,gbM,Solyc10g007240.2,0.315092,0.283964,1.10962,0.566681
18099,Solyc10g007360.3,tandem,TE-like,Solyc10g007370.2,0.0101434,0.0522034,0.194306,5.76877e-06
18100,Solyc10g007370.2,tandem,TE-like,Solyc10g007360.3,0.0101434,0.0522034,0.194306,5.76877e-06
18101,Solyc10g007420.4,tandem,TE-like,Solyc10g007430.2,0.464333,0.88491,0.524723,0.000466741
18102,Solyc10g007430.2,tandem,Unclassified,Solyc10g007420.4,0.464333,0.88491,0.524723,0.000466741
18103,Solyc10g007490.2,tandem,TE-like,Solyc10g007480.3,0.0292401,0.116369,0.251272,0.000401955
18104,Solyc10g007570.3,tandem,TE-like,Solyc10g007560.2,0.187506,0.331259,0.56604,0.0935955
18105,Solyc10g007880.3,tandem,TE-like,Solyc10g007890.3,0.199045,1.32829,0.149851,1.34365e-51
18106,Solyc10g007890.3,tandem,TE-like,Solyc10g007880.3,0.199045,1.32829,0.149851,1.34365e-51
18107,Solyc10g007900.3,tandem,TE-like,Solyc10g007890.3,0.159316,0.541041,0.294463,3.35968e-09
18108,Solyc10g007905.1,tandem,TE-like,Solyc10g007930.3,0.247062,0.866829,0.285018,0.00329991
18109,Solyc10g007930.3,tandem,TE-like,Solyc10g007905.1,0.247062,0.866829,0.285018,0.00329991
18110,Solyc10g008010.3,tandem,TE-like,Solyc10g008020.3,0.22488,0.336541,0.66821,0.0286622
18111,Solyc10g008020.3,tandem,TE-like,Solyc10g008010.3,0.22488,0.336541,0.66821,0.0286622
18112,Solyc10g008230.2,tandem,TE-like,Solyc10g008240.3,0.112681,0.230706,0.488419,8.52529e-08
18113,Solyc10g008240.3,tandem,TE-like,Solyc10g008230.2,0.112681,0.230706,0.488419,8.52529e-08
18114,Solyc10g008245.1,tandem,Unclassified,Solyc10g008250.2,0.201759,0.413773,0.487607,0.00598956
18115,Solyc10g008250.2,tandem,Unclassified,Solyc10g008245.1,0.201759,0.413773,0.487607,0.00598956
18116,Solyc10g008260.2,tandem,Unclassified,Solyc10g008250.2,0.221394,0.458525,0.482839,0.00211204
18117,Solyc10g008270.3,tandem,Unclassified,Solyc10g008260.2,0.16361,0.303888,0.538388,0.00595248
18118,Solyc10g008410.1,tandem,Unclassified,Solyc10g008400.1,0.243812,1.21794,0.200183,1.10042e-08
18119,Solyc10g008650.2,tandem,Unclassified,Solyc10g008655.1,0.344615,0.519732,0.663064,0.263039
18120,Solyc10g008655.1,tandem,Unclassified,Solyc10g008660.2,0.278236,0.582997,0.47725,0.0254475
18121,Solyc10g008660.2,tandem,Unclassified,Solyc10g008655.1,0.278236,0.582997,0.47725,0.0254475
18122,Solyc10g008670.3,tandem,TE-like,Solyc10g008680.2,0.00313657,NA,NA,NA
18123,Solyc10g008680.2,tandem,TE-like,Solyc10g008660.2,0.128368,0.522241,0.245803,0.000334161
18124,Solyc10g008720.3,tandem,TE-like,Solyc10g008710.3,0.336257,3.79256,0.0886621,2.98455e-40
18125,Solyc10g008750.3,tandem,TE-like,Solyc10g008760.3,0.0883298,0.317448,0.278249,5.20355e-07
18126,Solyc10g008760.3,tandem,gbM,Solyc10g008750.3,0.0883298,0.317448,0.278249,5.20355e-07
18127,Solyc10g008770.3,tandem,Unclassified,Solyc10g008760.3,0.353796,2.43865,0.145078,4.14926e-24
18128,Solyc10g008820.3,tandem,TE-like,Solyc10g008810.3,0.218303,0.374941,0.582232,0.00380775
18129,Solyc10g008830.2,tandem,TE-like,Solyc10g008820.3,0.400083,4.06699,0.0983733,1.46281e-35
18130,Solyc10g009200.3,tandem,gbM,Solyc10g009210.3,0.132839,0.128232,1.03593,0.890787
18131,Solyc10g009450.1,tandem,Unclassified,Solyc10g009460.1,0.0213118,0.0240495,0.886165,0.814823
18132,Solyc10g009460.1,tandem,TE-like,Solyc10g009450.1,0.0213118,0.0240495,0.886165,0.814823
18133,Solyc10g009483.1,tandem,TE-like,Solyc10g009487.1,0.14064,0.182624,0.770109,0.531694
18134,Solyc10g009503.1,tandem,NA,Solyc10g009520.2,NA,NA,NA,NA
18135,Solyc10g009505.1,tandem,TE-like,Solyc10g009520.2,0.00370934,0.013195,0.281116,0.347511
18136,Solyc10g009507.1,tandem,TE-like,Solyc10g009505.1,0.0963297,0.275373,0.349816,0.00363026
18137,Solyc10g009520.2,tandem,TE-like,Solyc10g009505.1,0.00370934,0.013195,0.281116,0.347511
18138,Solyc10g009600.1,tandem,TE-like,Solyc10g009610.2,0.0997567,0.23041,0.432952,1.16907e-06
18139,Solyc10g009610.2,tandem,TE-like,Solyc10g009620.2,0.0656682,0.131312,0.500093,0.000895243
18140,Solyc10g009640.2,tandem,TE-like,Solyc10g009620.2,0.046473,0.131189,0.354244,1.17232e-06
18141,Solyc10g011660.3,tandem,gbM,Solyc10g011650.3,0.041061,0.117837,0.348455,2.80403e-05
18142,Solyc10g011815.1,tandem,NA,Solyc10g011820.3,0.0551779,0.229133,0.240811,0.0164622
18143,Solyc10g011920.2,tandem,Unmethylated,Solyc10g011930.1,0.025008,0.12198,0.205017,0.00838474
18144,Solyc10g011930.1,tandem,NA,Solyc10g011920.2,0.025008,0.12198,0.205017,0.00838474
18145,Solyc10g012050.3,tandem,TE-like,Solyc10g012060.3,0.0842204,0.158192,0.532394,0.00131695
18146,Solyc10g012060.3,tandem,TE-like,Solyc10g012050.3,0.0842204,0.158192,0.532394,0.00131695
18147,Solyc10g012110.2,tandem,Unclassified,Solyc10g012120.1,0.163787,0.260847,0.627905,0.302077
18148,Solyc10g012120.1,tandem,Unclassified,Solyc10g012110.2,0.163787,0.260847,0.627905,0.302077
18149,Solyc10g012130.1,tandem,Unmethylated,Solyc10g012120.1,0.227018,0.457913,0.495767,0.0481554
18150,Solyc10g012253.1,tandem,TE-like,Solyc10g012260.1,NA,0.0186936,1.18781e-13,NA
18151,Solyc10g012260.1,tandem,TE-like,Solyc10g012253.1,NA,0.0186936,1.18781e-13,NA
18152,Solyc10g017690.1,tandem,Unclassified,Solyc10g017700.1,0.199544,0.194271,1.02714,0.765065
18153,Solyc10g017700.1,tandem,Unclassified,Solyc10g017690.1,0.199544,0.194271,1.02714,0.765065
18154,Solyc10g017710.1,tandem,Unclassified,Solyc10g017700.1,0.149749,0.233422,0.641537,0.014197
18155,Solyc10g017753.1,tandem,TE-like,Solyc10g017760.2,NA,NA,NA,NA
18156,Solyc10g017760.2,tandem,TE-like,Solyc10g017753.1,NA,NA,NA,NA
18157,Solyc10g017970.1,tandem,NA,Solyc10g017980.1,NA,0.0299216,-1.11313e-13,NA
18158,Solyc10g017980.1,tandem,NA,Solyc10g017970.1,NA,0.0299216,-1.11313e-13,NA
18159,Solyc10g018030.2,tandem,TE-like,Solyc10g018023.1,0.0829614,0.126227,0.657239,0.28179
18160,Solyc10g018070.1,tandem,TE-like,Solyc10g018080.1,0.214504,0.236965,0.905215,0.728741
18161,Solyc10g018080.1,tandem,TE-like,Solyc10g018070.1,0.214504,0.236965,0.905215,0.728741
18162,Solyc10g018180.1,tandem,TE-like,Solyc10g018190.2,0.133041,0.242318,0.549034,0.141885
18163,Solyc10g018280.1,tandem,NA,Solyc10g018290.2,0.0114495,NA,NA,NA
18164,Solyc10g018290.2,tandem,NA,Solyc10g018280.1,0.0114495,NA,NA,NA
18165,Solyc10g018330.2,tandem,TE-like,Solyc10g018320.1,0.223716,1.50081,0.149064,4.8764e-16
18166,Solyc10g018380.2,tandem,TE-like,Solyc10g018390.2,0.127017,0.281528,0.451171,0.00141151
18167,Solyc10g018397.1,tandem,TE-like,Solyc10g018420.2,0.00521994,0.0157417,0.331601,0.082583
18168,Solyc10g018420.2,tandem,TE-like,Solyc10g018397.1,0.00521994,0.0157417,0.331601,0.082583
18169,Solyc10g018450.1,tandem,Unclassified,Solyc10g018460.1,0.0574487,0.204636,0.280736,0.00770243
18170,Solyc10g018460.1,tandem,TE-like,Solyc10g018470.1,0.405998,1.49476,0.271613,0.0023638
18171,Solyc10g018470.1,tandem,TE-like,Solyc10g018460.1,0.405998,1.49476,0.271613,0.0023638
18172,Solyc10g018475.1,tandem,TE-like,Solyc10g018490.1,0.330185,1.24168,0.265918,0.000389397
18173,Solyc10g018490.1,tandem,TE-like,Solyc10g018475.1,0.330185,1.24168,0.265918,0.000389397
18174,Solyc10g018620.1,tandem,TE-like,Solyc10g018630.2,0.0386043,0.0419328,0.920622,0.989891
18175,Solyc10g018630.2,tandem,Unclassified,Solyc10g018620.1,0.0386043,0.0419328,0.920622,0.989891
18176,Solyc10g018943.1,tandem,TE-like,Solyc10g018950.1,0.0698304,0.300558,0.232336,0.00149816
18177,Solyc10g018950.1,tandem,TE-like,Solyc10g018943.1,0.0698304,0.300558,0.232336,0.00149816
18178,Solyc10g019177.1,tandem,TE-like,Solyc10g019190.1,0.0777471,0.167539,0.464053,0.00507541
18179,Solyc10g019190.1,tandem,TE-like,Solyc10g019177.1,0.0777471,0.167539,0.464053,0.00507541
18180,Solyc10g024500.1,tandem,NA,Solyc10g026520.2,0.19578,0.454193,0.43105,0.151736
18181,Solyc10g024510.2,tandem,TE-like,Solyc10g024500.1,0.282337,0.749865,0.376517,0.0520727
18182,Solyc10g026520.2,tandem,TE-like,Solyc10g024500.1,0.19578,0.454193,0.43105,0.151736
18183,Solyc10g036770.1,tandem,TE-like,Solyc10g036810.1,0.124093,0.248609,0.499148,0.223456
18184,Solyc10g036810.1,tandem,TE-like,Solyc10g036770.1,0.124093,0.248609,0.499148,0.223456
18185,Solyc10g044517.1,tandem,Unclassified,Solyc10g044530.1,0.228857,0.691921,0.330756,0.00646549
18186,Solyc10g044530.1,tandem,Unmethylated,Solyc10g044517.1,0.228857,0.691921,0.330756,0.00646549
18187,Solyc10g044745.1,tandem,Unclassified,Solyc10g044750.2,0.0533608,0.0623586,0.855709,0.674442
18188,Solyc10g044750.2,tandem,Unclassified,Solyc10g044745.1,0.0533608,0.0623586,0.855709,0.674442
18189,Solyc10g045175.1,tandem,TE-like,Solyc10g045180.1,0.00625229,NA,NA,NA
18190,Solyc10g045180.1,tandem,TE-like,Solyc10g045175.1,0.00625229,NA,NA,NA
18191,Solyc10g045250.1,tandem,TE-like,Solyc10g045260.1,0.139161,0.130649,1.06515,0.999937
18192,Solyc10g045260.1,tandem,TE-like,Solyc10g045250.1,0.139161,0.130649,1.06515,0.999937
18193,Solyc10g045585.1,tandem,TE-like,NA,NA,NA,NA,NA
18194,Solyc10g045590.1,tandem,TE-like,NA,NA,NA,NA,NA
18195,Solyc10g047643.1,tandem,gbM,Solyc10g047650.2,NA,NA,NA,NA
18196,Solyc10g047650.2,tandem,gbM,Solyc10g047643.1,NA,NA,NA,NA
18197,Solyc10g047680.2,tandem,gbM,Solyc10g047685.1,0.188262,1.09274,0.172284,5.4544e-05
18198,Solyc10g047685.1,tandem,TE-like,Solyc10g047680.2,0.188262,1.09274,0.172284,5.4544e-05
18199,Solyc10g047704.1,tandem,TE-like,Solyc10g047706.1,0.5973,0.785067,0.760827,0.381529
18200,Solyc10g047706.1,tandem,TE-like,Solyc10g047704.1,0.5973,0.785067,0.760827,0.381529
18201,Solyc10g047780.1,tandem,TE-like,Solyc10g047776.1,0.0769776,0.139744,0.550849,0.29268
18202,Solyc10g047970.1,tandem,TE-like,Solyc10g047980.2,0.137643,0.150812,0.912677,0.749265
18203,Solyc10g047980.2,tandem,TE-like,Solyc10g047985.1,0.143823,0.159204,0.903388,0.742491
18204,Solyc10g047985.1,tandem,TE-like,Solyc10g047980.2,0.143823,0.159204,0.903388,0.742491
18205,Solyc10g047990.2,tandem,TE-like,Solyc10g048000.2,0.132517,0.153495,0.863331,0.661591
18206,Solyc10g048000.2,tandem,TE-like,Solyc10g047990.2,0.132517,0.153495,0.863331,0.661591
18207,Solyc10g049370.2,tandem,TE-like,Solyc10g049380.1,0.0976066,0.183308,0.532474,0.00475015
18208,Solyc10g049380.1,tandem,TE-like,Solyc10g049370.2,0.0976066,0.183308,0.532474,0.00475015
18209,Solyc10g049473.1,tandem,TE-like,Solyc10g049480.1,0.129204,0.233563,0.553185,0.00414168
18210,Solyc10g049480.1,tandem,TE-like,Solyc10g049473.1,0.129204,0.233563,0.553185,0.00414168
18211,Solyc10g049990.1,tandem,TE-like,Solyc10g049992.1,0.153345,0.278821,0.549976,0.0361084
18212,Solyc10g049992.1,tandem,TE-like,Solyc10g049990.1,0.153345,0.278821,0.549976,0.0361084
18213,Solyc10g050350.1,tandem,TE-like,Solyc10g050370.2,0.124057,0.0938099,1.32243,0.684193
18214,Solyc10g050370.2,tandem,TE-like,Solyc10g050350.1,0.124057,0.0938099,1.32243,0.684193
18215,Solyc10g050405.1,tandem,TE-like,Solyc10g050420.2,0.160669,0.356085,0.45121,0.00455288
18216,Solyc10g050420.2,tandem,TE-like,Solyc10g050405.1,0.160669,0.356085,0.45121,0.00455288
18217,Solyc10g050516.1,tandem,TE-like,Solyc10g050530.1,0.0045698,0.0211412,0.216156,0.0147597
18218,Solyc10g050530.1,tandem,TE-like,Solyc10g050516.1,0.0045698,0.0211412,0.216156,0.0147597
18219,Solyc10g050772.1,tandem,TE-like,Solyc10g050780.1,0.053368,0.0542141,0.984393,0.62866
18220,Solyc10g050780.1,tandem,TE-like,Solyc10g050772.1,0.053368,0.0542141,0.984393,0.62866
18221,Solyc10g050960.2,tandem,Unclassified,Solyc10g050970.1,0.106845,0.103969,1.02766,0.770502
18222,Solyc10g050970.1,tandem,Unclassified,Solyc10g050960.2,0.106845,0.103969,1.02766,0.770502
18223,Solyc10g050980.1,tandem,Unclassified,Solyc10g050990.1,0.0326022,0.158255,0.20601,0.0204108
18224,Solyc10g050990.1,tandem,TE-like,Solyc10g050980.1,0.0326022,0.158255,0.20601,0.0204108
18225,Solyc10g051020.2,tandem,TE-like,Solyc10g051010.2,0.0762571,0.313077,0.243573,2.07067e-10
18226,Solyc10g051390.2,tandem,Unmethylated,Solyc10g051380.2,0.183201,1.64859,0.111126,8.26093e-13
18227,Solyc10g052490.2,tandem,Unclassified,Solyc10g052500.2,0.0784115,0.319521,0.245403,8.15021e-11
18228,Solyc10g052500.2,tandem,TE-like,Solyc10g052510.2,0.0595836,0.108616,0.548571,0.0328447
18229,Solyc10g052510.2,tandem,Unclassified,Solyc10g052500.2,0.0595836,0.108616,0.548571,0.0328447
18230,Solyc10g052863.1,tandem,TE-like,Solyc10g052867.1,0.4314,0.377788,1.14191,0.3678
18231,Solyc10g052867.1,tandem,Unclassified,Solyc10g052863.1,0.4314,0.377788,1.14191,0.3678
18232,Solyc10g054272.1,tandem,TE-like,Solyc10g054280.2,0.0218478,0.0326801,0.668533,0.338997
18233,Solyc10g054280.2,tandem,TE-like,Solyc10g054272.1,0.0218478,0.0326801,0.668533,0.338997
18234,Solyc10g054560.2,tandem,TE-like,Solyc10g054570.2,NA,0.140921,7.87832e-15,NA
18235,Solyc10g054570.2,tandem,Unclassified,Solyc10g054590.2,NA,0.125955,8.81444e-15,NA
18236,Solyc10g054590.2,tandem,TE-like,Solyc10g054570.2,NA,0.125955,8.81444e-15,NA
18237,Solyc10g054665.1,tandem,Unclassified,Solyc10g054667.1,0.00685412,0.0438866,0.156178,0.0551419
18238,Solyc10g054667.1,tandem,NA,Solyc10g054665.1,0.00685412,0.0438866,0.156178,0.0551419
18239,Solyc10g054733.1,tandem,Unclassified,Solyc10g054750.1,NA,NA,NA,NA
18240,Solyc10g054750.1,tandem,Unclassified,Solyc10g054733.1,NA,NA,NA,NA
18241,Solyc10g054790.2,tandem,TE-like,Solyc10g054800.2,0.078587,0.350968,0.223915,1.20345e-14
18242,Solyc10g054800.2,tandem,TE-like,Solyc10g054790.2,0.078587,0.350968,0.223915,1.20345e-14
18243,Solyc10g054810.2,tandem,TE-like,Solyc10g054820.2,0.0457869,0.191992,0.238483,4.19692e-08
18244,Solyc10g054820.2,tandem,TE-like,Solyc10g054810.2,0.0457869,0.191992,0.238483,4.19692e-08
18245,Solyc10g054840.2,tandem,TE-like,Solyc10g054820.2,0.0356929,0.13204,0.270318,3.2348e-06
18246,Solyc10g054935.1,tandem,TE-like,Solyc10g054940.1,0.315258,0.440368,0.715897,0.351808
18247,Solyc10g054940.1,tandem,TE-like,Solyc10g054935.1,0.315258,0.440368,0.715897,0.351808
18248,Solyc10g055005.1,tandem,TE-like,Solyc10g055010.2,0.228662,1.08542,0.210666,0.00157131
18249,Solyc10g055010.2,tandem,TE-like,Solyc10g055005.1,0.228662,1.08542,0.210666,0.00157131
18250,Solyc10g055200.1,tandem,TE-like,Solyc10g055190.1,0.265688,3.56985,0.0744256,5.54506e-28
18251,Solyc10g055210.2,tandem,Unclassified,Solyc10g055230.1,0.198214,0.483503,0.409954,0.000912919
18252,Solyc10g055230.1,tandem,TE-like,Solyc10g055210.2,0.198214,0.483503,0.409954,0.000912919
18253,Solyc10g055290.2,tandem,TE-like,Solyc10g055300.1,0.00885398,NA,NA,NA
18254,Solyc10g055300.1,tandem,TE-like,Solyc10g055290.2,0.00885398,NA,NA,NA
18255,Solyc10g055580.2,tandem,TE-like,Solyc10g055570.2,0.017728,0.0254,0.697953,0.713428
18256,Solyc10g055590.1,tandem,TE-like,Solyc10g055580.2,0.25492,0.558528,0.456414,0.00887849
18257,Solyc10g055617.1,tandem,TE-like,Solyc10g055620.2,0.314678,0.990048,0.317841,1.38237e-05
18258,Solyc10g055620.2,tandem,gbM,Solyc10g055617.1,0.314678,0.990048,0.317841,1.38237e-05
18259,Solyc10g055740.2,tandem,TE-like,Solyc10g055750.1,0.203823,0.529909,0.384637,8.79072e-10
18260,Solyc10g055750.1,tandem,TE-like,Solyc10g055740.2,0.203823,0.529909,0.384637,8.79072e-10
18261,Solyc10g055810.2,tandem,Unclassified,Solyc10g055800.2,0.0554905,0.540346,0.102694,5.00738e-28
18262,Solyc10g062055.1,tandem,TE-like,Solyc10g062060.1,0.134778,0.154422,0.872789,0.681136
18263,Solyc10g062060.1,tandem,TE-like,Solyc10g062055.1,0.134778,0.154422,0.872789,0.681136
18264,Solyc10g074380.2,tandem,TE-like,Solyc10g074400.2,0.0219705,0.0718897,0.305614,0.0960357
18265,Solyc10g074400.2,tandem,TE-like,Solyc10g074380.2,0.0219705,0.0718897,0.305614,0.0960357
18266,Solyc10g074405.1,tandem,TE-like,Solyc10g074420.1,0.0300133,0.0809132,0.370932,0.00877835
18267,Solyc10g074420.1,tandem,TE-like,Solyc10g074405.1,0.0300133,0.0809132,0.370932,0.00877835
18268,Solyc10g074443.1,tandem,TE-like,Solyc10g074447.1,0.309688,0.465488,0.665298,0.267496
18269,Solyc10g074447.1,tandem,Unclassified,Solyc10g074443.1,0.309688,0.465488,0.665298,0.267496
18270,Solyc10g074890.2,tandem,TE-like,Solyc10g074900.2,0.341982,4.79123,0.0713767,4.3424e-120
18271,Solyc10g074900.2,tandem,TE-like,Solyc10g074890.2,0.341982,4.79123,0.0713767,4.3424e-120
18272,Solyc10g075050.2,tandem,Unclassified,Solyc10g075060.2,0.177498,1.15811,0.153265,2.13614e-07
18273,Solyc10g075060.2,tandem,Unclassified,Solyc10g075050.2,0.177498,1.15811,0.153265,2.13614e-07
18274,Solyc10g075100.2,tandem,Unclassified,Solyc10g075110.2,0.163846,0.71981,0.227624,2.98048e-06
18275,Solyc10g075110.2,tandem,Unclassified,Solyc10g075100.2,0.163846,0.71981,0.227624,2.98048e-06
18276,Solyc10g076190.2,tandem,TE-like,Solyc10g076220.2,0.0311778,0.245954,0.126763,9.04831e-16
18277,Solyc10g076210.2,tandem,TE-like,Solyc10g076230.2,0.0984551,0.432147,0.227827,3.54515e-08
18278,Solyc10g076230.2,tandem,TE-like,Solyc10g076210.2,0.0984551,0.432147,0.227827,3.54515e-08
18279,Solyc10g076240.2,tandem,TE-like,Solyc10g076243.1,0.00271936,0.00456488,0.595714,0.531569
18280,Solyc10g076243.1,tandem,TE-like,Solyc10g076240.2,0.00271936,0.00456488,0.595714,0.531569
18281,Solyc10g076340.2,tandem,gbM,Solyc10g076330.2,0.0633192,0.107494,0.589047,0.168668
18282,Solyc10g076370.2,tandem,TE-like,Solyc10g076380.2,0.163204,0.376187,0.433836,0.0169939
18283,Solyc10g076380.2,tandem,Unmethylated,Solyc10g076370.2,0.163204,0.376187,0.433836,0.0169939
18284,Solyc10g076485.1,tandem,Unclassified,Solyc10g076500.2,0.281165,0.747292,0.376244,0.00199999
18285,Solyc10g076490.1,tandem,TE-like,Solyc10g076500.2,0.0887586,0.151901,0.584318,0.00886039
18286,Solyc10g076500.2,tandem,TE-like,Solyc10g076485.1,0.281165,0.747292,0.376244,0.00199999
18287,Solyc10g076670.2,tandem,TE-like,Solyc10g076660.2,0.0984434,0.492332,0.199953,6.28418e-11
18288,Solyc10g076840.2,tandem,TE-like,Solyc10g076845.1,0.0859468,0.147743,0.581732,0.0536617
18289,Solyc10g076845.1,tandem,Unclassified,Solyc10g076840.2,0.0859468,0.147743,0.581732,0.0536617
18290,Solyc10g076880.2,tandem,Unclassified,Solyc10g076890.2,0.247897,0.365146,0.678898,0.12754
18291,Solyc10g076890.2,tandem,TE-like,Solyc10g076880.2,0.247897,0.365146,0.678898,0.12754
18292,Solyc10g077005.1,tandem,Unclassified,Solyc10g077010.2,0.106773,0.320439,0.333207,0.00411126
18293,Solyc10g077050.2,tandem,TE-like,Solyc10g077060.2,0.339481,4.09213,0.0829597,2.11365e-64
18294,Solyc10g077060.2,tandem,gbM,Solyc10g077050.2,0.339481,4.09213,0.0829597,2.11365e-64
18295,Solyc10g078205.1,tandem,Unmethylated,Solyc10g078220.2,0.123781,0.501082,0.247027,0.000126411
18296,Solyc10g078220.2,tandem,TE-like,Solyc10g078230.2,0.0446503,0.155467,0.287201,4.17489e-06
18297,Solyc10g078230.2,tandem,Unclassified,Solyc10g078220.2,0.0446503,0.155467,0.287201,4.17489e-06
18298,Solyc10g078235.1,tandem,TE-like,Solyc10g078240.2,0.164338,1.62981,0.100833,1.52853e-22
18299,Solyc10g078240.2,tandem,Unclassified,Solyc10g078235.1,0.164338,1.62981,0.100833,1.52853e-22
18300,Solyc10g078285.1,tandem,Unclassified,Solyc10g078290.2,NA,NA,NA,NA
18301,Solyc10g078290.2,tandem,Unclassified,Solyc10g078285.1,NA,NA,NA,NA
18302,Solyc10g078490.2,tandem,Unclassified,Solyc10g078495.1,0.201868,2.1983,0.0918293,2.26337e-13
18303,Solyc10g078495.1,tandem,Unmethylated,Solyc10g078490.2,0.201868,2.1983,0.0918293,2.26337e-13
18304,Solyc10g078510.2,tandem,TE-like,Solyc10g078520.2,0.175063,0.41694,0.419877,5.13296e-05
18305,Solyc10g078520.2,tandem,gbM,Solyc10g078510.2,0.175063,0.41694,0.419877,5.13296e-05
18306,Solyc10g078800.2,tandem,TE-like,Solyc10g078810.1,0.079219,0.113761,0.696362,0.0969272
18307,Solyc10g078810.1,tandem,gbM,Solyc10g078820.2,0.0818211,0.121549,0.673152,0.0542567
18308,Solyc10g078820.2,tandem,TE-like,Solyc10g078810.1,0.0818211,0.121549,0.673152,0.0542567
18309,Solyc10g078840.1,tandem,Unclassified,Solyc10g078850.1,0.0602419,0.210663,0.285963,1.11748e-05
18310,Solyc10g078850.1,tandem,Unclassified,Solyc10g078840.1,0.0602419,0.210663,0.285963,1.11748e-05
18311,Solyc10g079345.1,tandem,NA,Solyc10g079350.2,0.295387,0.39049,0.756452,0.405769
18312,Solyc10g079360.2,tandem,Unclassified,Solyc10g079370.2,0.23342,3.28276,0.0711047,1.5743e-33
18313,Solyc10g079370.2,tandem,Unclassified,Solyc10g079360.2,0.23342,3.28276,0.0711047,1.5743e-33
18314,Solyc10g079520.1,tandem,gbM,Solyc10g079530.1,0.0498488,0.0809085,0.616114,0.0295621
18315,Solyc10g079530.1,tandem,gbM,Solyc10g079520.1,0.0498488,0.0809085,0.616114,0.0295621
18316,Solyc10g079565.1,tandem,TE-like,Solyc10g079570.2,0.0932145,0.116564,0.799686,0.478726
18317,Solyc10g079570.2,tandem,TE-like,Solyc10g079565.1,0.0932145,0.116564,0.799686,0.478726
18318,Solyc10g079595.1,tandem,NA,Solyc10g079600.2,NA,NA,NA,NA
18319,Solyc10g079650.2,tandem,TE-like,Solyc10g079660.2,0.121627,0.430942,0.282236,1.37547e-07
18320,Solyc10g079660.2,tandem,TE-like,Solyc10g079650.2,0.121627,0.430942,0.282236,1.37547e-07
18321,Solyc10g079940.1,tandem,Unclassified,Solyc10g079930.1,0.288346,0.999132,0.288596,1.39004e-05
18322,Solyc10g080040.2,tandem,TE-like,Solyc10g080045.1,0.836624,3.61929,0.231157,9.39792e-11
18323,Solyc10g080045.1,tandem,Unclassified,Solyc10g080040.2,0.836624,3.61929,0.231157,9.39792e-11
18324,Solyc10g080060.1,tandem,Unclassified,Solyc10g080050.2,0.125322,0.547556,0.228875,4.00872e-10
18325,Solyc10g080320.2,tandem,TE-like,Solyc10g080330.2,0.0325344,0.0777582,0.418405,0.00968486
18326,Solyc10g080330.2,tandem,TE-like,Solyc10g080320.2,0.0325344,0.0777582,0.418405,0.00968486
18327,Solyc10g080430.1,tandem,gbM,Solyc10g080420.2,0.0259425,0.317466,0.0817175,1.32691e-51
18328,Solyc10g080770.2,tandem,TE-like,Solyc10g080780.2,0.158076,0.318703,0.495999,0.00062206
18329,Solyc10g080780.2,tandem,TE-like,Solyc10g080770.2,0.158076,0.318703,0.495999,0.00062206
18330,Solyc10g080815.1,tandem,TE-like,Solyc10g080817.1,0.104594,0.353196,0.296135,0.0271088
18331,Solyc10g080840.1,tandem,TE-like,Solyc10g087040.2,0.165571,0.822715,0.20125,2.02787e-27
18332,Solyc10g080855.1,tandem,Unclassified,Solyc10g080870.3,0.10371,0.6453,0.160715,3.35181e-10
18333,Solyc10g080870.3,tandem,gbM,Solyc10g080855.1,0.10371,0.6453,0.160715,3.35181e-10
18334,Solyc10g080900.2,tandem,Unclassified,Solyc10g080890.2,0.0826483,0.310293,0.266356,6.82561e-10
18335,Solyc10g080990.2,tandem,TE-like,Solyc10g080980.2,0.111235,0.621876,0.17887,2.23059e-20
18336,Solyc10g081790.1,tandem,TE-like,NA,NA,NA,NA,NA
18337,Solyc10g081810.2,tandem,gbM,Solyc10g081800.2,0.0283995,0.094499,0.300527,0.0033462
18338,Solyc10g081980.2,tandem,TE-like,Solyc10g081970.2,0.00950753,0.0990524,0.0959849,0.000186869
18339,Solyc10g082065.1,tandem,TE-like,Solyc10g083060.1,0.172914,0.137262,1.25974,0.671001
18340,Solyc10g083060.1,tandem,TE-like,Solyc10g082065.1,0.172914,0.137262,1.25974,0.671001
18341,Solyc10g083075.1,tandem,TE-like,Solyc10g083080.2,0.300323,0.892987,0.336313,0.000698732
18342,Solyc10g083080.2,tandem,TE-like,Solyc10g083090.1,0.182816,0.389302,0.469599,0.00144126
18343,Solyc10g083090.1,tandem,TE-like,Solyc10g083080.2,0.182816,0.389302,0.469599,0.00144126
18344,Solyc10g083100.1,tandem,TE-like,Solyc10g083090.1,0.16519,0.522135,0.316374,1.83796e-06
18345,Solyc10g083300.2,tandem,TE-like,Solyc10g083290.4,0.124334,1.19832,0.103756,1.70311e-57
18346,Solyc10g083700.3,tandem,TE-like,Solyc10g083690.3,0.0465446,0.135107,0.344501,2.43795e-06
18347,Solyc10g083710.2,tandem,TE-like,Solyc10g083720.2,0.00320536,NA,NA,NA
18348,Solyc10g083830.2,tandem,TE-like,Solyc10g083850.2,0.197838,0.667665,0.296313,2.7944e-22
18349,Solyc10g083850.2,tandem,TE-like,Solyc10g083830.2,0.197838,0.667665,0.296313,2.7944e-22
18350,Solyc10g083870.2,tandem,Unclassified,Solyc10g083860.2,0.0140136,0.0607717,0.230594,0.0336636
18351,Solyc10g083950.1,tandem,gbM,Solyc10g083940.1,0.264343,4.4603,0.0592658,1.59095e-89
18352,Solyc10g084023.1,tandem,Unmethylated,Solyc10g084027.1,0.36157,1.23617,0.292491,0.00344892
18353,Solyc10g084027.1,tandem,NA,Solyc10g084023.1,0.36157,1.23617,0.292491,0.00344892
18354,Solyc10g084033.1,tandem,Unclassified,Solyc10g084037.1,0.271514,2.58611,0.104989,2.84078e-10
18355,Solyc10g084037.1,tandem,Unmethylated,Solyc10g084033.1,0.271514,2.58611,0.104989,2.84078e-10
18356,Solyc10g084320.2,tandem,Unclassified,Solyc10g084325.1,0.104911,0.506012,0.20733,7.51701e-33
18357,Solyc10g084325.1,tandem,gbM,Solyc10g084320.2,0.104911,0.506012,0.20733,7.51701e-33
18358,Solyc10g084450.1,tandem,TE-like,Solyc10g084460.1,0.0272626,0.0373393,0.730131,0.587389
18359,Solyc10g084460.1,tandem,TE-like,Solyc10g084450.1,0.0272626,0.0373393,0.730131,0.587389
18360,Solyc10g084470.1,tandem,TE-like,Solyc10g084460.1,0.0282273,0.0476268,0.592676,0.224087
18361,Solyc10g084480.1,tandem,TE-like,Solyc10g084470.1,0.136985,0.140582,0.974416,0.906728
18362,Solyc10g084490.1,tandem,TE-like,Solyc10g084480.1,0.0609322,0.0602892,1.01066,0.999998
18363,Solyc10g084820.2,tandem,gbM,Solyc10g084810.2,0.0241385,0.0165636,1.45732,0.560733
18364,Solyc10g085030.1,tandem,Unmethylated,Solyc10g085040.1,0.100485,0.336609,0.298521,7.89917e-07
18365,Solyc10g085040.1,tandem,Unmethylated,Solyc10g085030.1,0.100485,0.336609,0.298521,7.89917e-07
18366,Solyc10g085110.2,tandem,TE-like,Solyc10g085120.2,0.13494,0.486818,0.277187,1.02636e-14
18367,Solyc10g085150.2,tandem,Unclassified,Solyc10g085140.1,0.0729002,0.772089,0.0944193,1.2654e-11
18368,Solyc10g085440.1,tandem,Unclassified,Solyc10g085450.2,0.0581388,0.0214084,2.7157,0.386245
18369,Solyc10g085450.2,tandem,Unmethylated,Solyc10g085440.1,0.0581388,0.0214084,2.7157,0.386245
18370,Solyc10g085520.1,tandem,TE-like,Solyc10g085530.1,0.140247,0.223784,0.626706,0.145483
18371,Solyc10g085540.1,tandem,TE-like,Solyc10g085530.1,0.0964518,0.233337,0.413358,2.08062e-09
18372,Solyc10g085650.2,tandem,TE-like,Solyc10g085640.1,0.10467,0.505235,0.207171,2.01721e-25
18373,Solyc10g085830.2,tandem,TE-like,Solyc10g085840.1,0.32571,0.807765,0.403223,0.00234646
18374,Solyc10g085840.1,tandem,TE-like,Solyc10g085830.2,0.32571,0.807765,0.403223,0.00234646
18375,Solyc10g085870.1,tandem,gbM,Solyc10g085880.1,0.11894,0.19362,0.614296,0.0349186
18376,Solyc10g085880.1,tandem,TE-like,Solyc10g085870.1,0.11894,0.19362,0.614296,0.0349186
18377,Solyc10g086090.2,tandem,Unclassified,Solyc10g086100.2,0.127527,0.770327,0.165549,3.24538e-06
18378,Solyc10g086100.2,tandem,Unclassified,Solyc10g086090.2,0.127527,0.770327,0.165549,3.24538e-06
18379,Solyc10g086250.2,tandem,TE-like,Solyc10g086260.2,0.0990695,1.6485,0.0600969,1.94323e-12
18380,Solyc10g086260.2,tandem,TE-like,Solyc10g086270.2,0.089495,0.713887,0.125363,4.26284e-08
18381,Solyc10g086270.2,tandem,TE-like,Solyc10g086260.2,0.089495,0.713887,0.125363,4.26284e-08
18382,Solyc10g086370.1,tandem,Unclassified,Solyc10g086380.1,0.19272,0.358716,0.53725,3.9703e-05
18383,Solyc10g086380.1,tandem,gbM,Solyc10g086370.1,0.19272,0.358716,0.53725,3.9703e-05
18384,Solyc10g086550.2,tandem,TE-like,Solyc10g086540.2,0.140322,0.554017,0.253282,2.42984e-27
18385,Solyc10g086730.2,tandem,Unclassified,Solyc10g086720.2,0.204468,1.83875,0.1112,8.43186e-42
18386,Solyc10g087010.2,tandem,TE-like,Solyc10g087013.1,0.0887078,0.33721,0.263064,1.9984e-18
18387,Solyc10g087013.1,tandem,TE-like,Solyc10g087010.2,0.0887078,0.33721,0.263064,1.9984e-18
18388,Solyc10g087040.2,tandem,TE-like,Solyc10g080840.1,0.165571,0.822715,0.20125,2.02787e-27
18389,Solyc11g005110.2,tandem,TE-like,Solyc11g005120.2,NA,NA,NA,NA
18390,Solyc11g005120.2,tandem,Unclassified,Solyc11g005110.2,NA,NA,NA,NA
18391,Solyc11g005240.1,tandem,gbM,Solyc11g005230.1,0.164923,0.310011,0.531993,0.000413619
18392,Solyc11g005280.1,tandem,TE-like,Solyc11g005290.1,0.174386,0.648482,0.268914,6.53528e-10
18393,Solyc11g005290.1,tandem,TE-like,Solyc11g005280.1,0.174386,0.648482,0.268914,6.53528e-10
18394,Solyc11g005300.2,tandem,TE-like,Solyc11g005290.1,0.150707,0.341068,0.441867,0.000398044
18395,Solyc11g005310.1,tandem,TE-like,Solyc11g005300.2,0.0874198,0.31556,0.27703,1.71173e-06
18396,Solyc11g005320.1,tandem,TE-like,Solyc11g005310.1,0.193085,1.558,0.123932,1.49815e-19
18397,Solyc11g005520.2,tandem,TE-like,Solyc11g005530.2,0.177938,0.297692,0.597725,0.0119979
18398,Solyc11g005530.2,tandem,TE-like,Solyc11g005520.2,0.177938,0.297692,0.597725,0.0119979
18399,Solyc11g005830.2,tandem,TE-like,Solyc11g005840.2,0.0570933,0.245403,0.232652,6.10264e-17
18400,Solyc11g005840.2,tandem,TE-like,Solyc11g005830.2,0.0570933,0.245403,0.232652,6.10264e-17
18401,Solyc11g006145.1,tandem,TE-like,Solyc11g006150.1,0.413375,0.770423,0.536556,0.0616716
18402,Solyc11g006150.1,tandem,TE-like,Solyc11g006145.1,0.413375,0.770423,0.536556,0.0616716
18403,Solyc11g006300.2,tandem,Unmethylated,Solyc11g006290.2,0.322666,3.76261,0.0857559,1.6698e-31
18404,Solyc11g006520.2,tandem,TE-like,Solyc11g006530.2,0.169084,0.364368,0.464047,5.47591e-10
18405,Solyc11g006530.2,tandem,TE-like,Solyc11g006520.2,0.169084,0.364368,0.464047,5.47591e-10
18406,Solyc11g006590.2,tandem,TE-like,Solyc11g006593.1,0.0427736,0.227274,0.188203,0.000335551
18407,Solyc11g006593.1,tandem,TE-like,Solyc11g006590.2,0.0427736,0.227274,0.188203,0.000335551
18408,Solyc11g006735.1,tandem,Unclassified,Solyc11g006740.2,0.210087,0.330694,0.635293,0.240214
18409,Solyc11g006740.2,tandem,TE-like,Solyc11g006735.1,0.210087,0.330694,0.635293,0.240214
18410,Solyc11g007130.2,tandem,TE-like,Solyc11g007140.2,0.225557,1.58785,0.142052,1.70319e-28
18411,Solyc11g007140.2,tandem,gbM,Solyc11g007130.2,0.225557,1.58785,0.142052,1.70319e-28
18412,Solyc11g007220.2,tandem,TE-like,Solyc11g007210.2,0.00830771,0.0267427,0.310653,0.0358653
18413,Solyc11g007300.2,tandem,TE-like,Solyc11g007280.2,0.167062,1.74301,0.0958473,1.15751e-221
18414,Solyc11g007450.2,tandem,TE-like,Solyc11g007460.1,0.211503,0.469985,0.45002,0.0247976
18415,Solyc11g007470.1,tandem,TE-like,Solyc11g007480.1,0.114639,0.359612,0.318786,3.55727e-11
18416,Solyc11g007480.1,tandem,TE-like,Solyc11g007470.1,0.114639,0.359612,0.318786,3.55727e-11
18417,Solyc11g007490.1,tandem,TE-like,Solyc11g007500.2,0.14791,0.799669,0.184964,1.3998e-11
18418,Solyc11g007500.2,tandem,Unclassified,Solyc11g007490.1,0.14791,0.799669,0.184964,1.3998e-11
18419,Solyc11g007560.2,tandem,Unmethylated,Solyc11g007570.2,0.381152,1.97013,0.193465,1.66312e-17
18420,Solyc11g007570.2,tandem,gbM,Solyc11g007560.2,0.381152,1.97013,0.193465,1.66312e-17
18421,Solyc11g007870.1,tandem,Unclassified,Solyc11g007880.1,0.122673,0.106086,1.15636,0.835798
18422,Solyc11g007890.2,tandem,TE-like,Solyc11g007900.2,0.213583,0.511187,0.417818,1.82989e-05
18423,Solyc11g007900.2,tandem,TE-like,Solyc11g007890.2,0.213583,0.511187,0.417818,1.82989e-05
18424,Solyc11g008010.2,tandem,TE-like,Solyc11g008000.2,0.529454,4.13211,0.128132,3.91887e-28
18425,Solyc11g008020.2,tandem,TE-like,Solyc11g008030.2,0.0595214,0.21544,0.276278,2.61711e-05
18426,Solyc11g008270.2,tandem,gbM,Solyc11g008280.2,0.133076,0.457642,0.290787,0.000164281
18427,Solyc11g008280.2,tandem,gbM,Solyc11g008270.2,0.133076,0.457642,0.290787,0.000164281
18428,Solyc11g008520.2,tandem,gbM,Solyc11g008530.2,0.123476,0.331561,0.372409,4.31133e-22
18429,Solyc11g008530.2,tandem,gbM,Solyc11g008520.2,0.123476,0.331561,0.372409,4.31133e-22
18430,Solyc11g008540.2,tandem,TE-like,Solyc11g008530.2,0.112041,0.239645,0.467529,1.59794e-11
18431,Solyc11g008640.1,tandem,TE-like,Solyc11g008650.1,0.167853,1.75003,0.0959142,4.72252e-11
18432,Solyc11g008650.1,tandem,Unclassified,Solyc11g008640.1,0.167853,1.75003,0.0959142,4.72252e-11
18433,Solyc11g010400.2,tandem,TE-like,Solyc11g010410.2,0.124853,0.311206,0.401192,4.75722e-05
18434,Solyc11g010410.2,tandem,TE-like,Solyc11g010400.2,0.124853,0.311206,0.401192,4.75722e-05
18435,Solyc11g010430.2,tandem,Unclassified,Solyc11g010420.2,0.112251,0.661727,0.169634,4.92983e-14
18436,Solyc11g010520.1,tandem,Unclassified,Solyc11g010530.2,0.328365,0.596707,0.550295,0.0977386
18437,Solyc11g010530.2,tandem,Unclassified,Solyc11g010520.1,0.328365,0.596707,0.550295,0.0977386
18438,Solyc11g010750.1,tandem,Unclassified,Solyc11g010760.1,0.0424804,0.34877,0.1218,1.02596e-07
18439,Solyc11g010760.1,tandem,TE-like,Solyc11g010750.1,0.0424804,0.34877,0.1218,1.02596e-07
18440,Solyc11g010780.1,tandem,TE-like,Solyc11g010790.1,0.105053,0.520948,0.201657,2.83619e-19
18441,Solyc11g010790.1,tandem,Unclassified,Solyc11g010800.2,0.00838381,0.0568597,0.147447,0.00174118
18442,Solyc11g010800.2,tandem,TE-like,Solyc11g010810.1,0.00627593,0.0492966,0.12731,0.00235847
18443,Solyc11g010810.1,tandem,Unmethylated,Solyc11g010800.2,0.00627593,0.0492966,0.12731,0.00235847
18444,Solyc11g010960.2,tandem,TE-like,Solyc11g010980.2,0.154997,0.918147,0.168815,6.59925e-28
18445,Solyc11g010980.2,tandem,TE-like,Solyc11g010960.2,0.154997,0.918147,0.168815,6.59925e-28
18446,Solyc11g010990.2,tandem,TE-like,Solyc11g010960.2,0.00909445,0.0279789,0.325047,0.0174299
18447,Solyc11g011300.2,tandem,TE-like,Solyc11g011285.1,0.164079,0.970956,0.168987,4.59908e-40
18448,Solyc11g011330.2,tandem,TE-like,Solyc11g011340.2,0.100319,1.14624,0.0875204,5.46188e-42
18449,Solyc11g011340.2,tandem,TE-like,Solyc11g011330.2,0.100319,1.14624,0.0875204,5.46188e-42
18450,Solyc11g011390.2,tandem,TE-like,Solyc11g011380.2,NA,0.00382484,-2.90266e-13,NA
18451,Solyc11g011542.1,tandem,TE-like,Solyc11g011540.2,0.548169,2.14731,0.255281,1.72861e-05
18452,Solyc11g011580.2,tandem,TE-like,Solyc11g011590.2,0.0292854,0.229992,0.127332,6.2604e-10
18453,Solyc11g011590.2,tandem,TE-like,Solyc11g011580.2,0.0292854,0.229992,0.127332,6.2604e-10
18454,Solyc11g011750.1,tandem,TE-like,Solyc11g011740.1,0.296549,2.24026,0.132373,2.57947e-15
18455,Solyc11g011877.1,tandem,TE-like,Solyc11g011880.2,0.222875,0.561697,0.396789,0.00338407
18456,Solyc11g011895.1,tandem,gbM,Solyc11g011900.1,0.196126,0.576747,0.340056,8.69557e-05
18457,Solyc11g011900.1,tandem,TE-like,Solyc11g011895.1,0.196126,0.576747,0.340056,8.69557e-05
18458,Solyc11g012210.1,tandem,TE-like,Solyc11g012200.2,0.14454,0.373311,0.387183,1.24693e-07
18459,Solyc11g012220.1,tandem,gbM,Solyc11g012240.1,0.180596,0.494382,0.365297,1.09947e-09
18460,Solyc11g012240.1,tandem,gbM,Solyc11g012220.1,0.180596,0.494382,0.365297,1.09947e-09
18461,Solyc11g012250.1,tandem,TE-like,Solyc11g012260.2,0.394238,3.71081,0.10624,8.1651e-30
18462,Solyc11g012260.2,tandem,TE-like,Solyc11g012250.1,0.394238,3.71081,0.10624,8.1651e-30
18463,Solyc11g012300.1,tandem,Unclassified,Solyc11g012310.1,0.135297,0.155775,0.868539,0.691625
18464,Solyc11g012310.1,tandem,Unclassified,Solyc11g012300.1,0.135297,0.155775,0.868539,0.691625
18465,Solyc11g012375.1,tandem,Unmethylated,Solyc11g012380.1,0.298722,0.485388,0.615429,0.113878
18466,Solyc11g012380.1,tandem,Unclassified,Solyc11g012375.1,0.298722,0.485388,0.615429,0.113878
18467,Solyc11g012540.2,tandem,TE-like,Solyc11g012550.2,0.160748,0.246784,0.651373,0.0688017
18468,Solyc11g012550.2,tandem,TE-like,Solyc11g012560.2,0.290957,0.515313,0.564623,0.00105605
18469,Solyc11g012560.2,tandem,TE-like,Solyc11g012550.2,0.290957,0.515313,0.564623,0.00105605
18470,Solyc11g013083.1,tandem,TE-like,Solyc11g013090.2,0.276665,0.590731,0.468345,2.37699e-09
18471,Solyc11g013085.1,tandem,Unclassified,Solyc11g013090.2,0.00631328,0.0108995,0.579226,0.524699
18472,Solyc11g013090.2,tandem,TE-like,Solyc11g013083.1,0.276665,0.590731,0.468345,2.37699e-09
18473,Solyc11g013580.1,tandem,TE-like,Solyc11g013590.1,0.0501148,0.134097,0.37372,0.00313862
18474,Solyc11g013590.1,tandem,TE-like,Solyc11g013580.1,0.0501148,0.134097,0.37372,0.00313862
18475,Solyc11g013600.1,tandem,TE-like,Solyc11g013590.1,0.0761335,0.119559,0.636786,0.150685
18476,Solyc11g013683.1,tandem,TE-like,Solyc11g013700.1,NA,NA,NA,NA
18477,Solyc11g013890.1,tandem,Unclassified,Solyc11g013895.1,0.144634,0.13237,1.09265,0.847601
18478,Solyc11g013895.1,tandem,TE-like,Solyc11g013890.1,0.144634,0.13237,1.09265,0.847601
18479,Solyc11g015890.2,tandem,TE-like,Solyc11g015897.1,0.322126,1.94214,0.165862,8.52367e-05
18480,Solyc11g015897.1,tandem,Unclassified,Solyc11g015890.2,0.322126,1.94214,0.165862,8.52367e-05
18481,Solyc11g016910.1,tandem,TE-like,Solyc11g016920.1,0.220143,0.323928,0.679603,0.235545
18482,Solyc11g016920.1,tandem,TE-like,Solyc11g016910.1,0.220143,0.323928,0.679603,0.235545
18483,Solyc11g017020.1,tandem,NA,Solyc11g017030.2,0.15596,0.173387,0.899492,0.7209
18484,Solyc11g017030.2,tandem,NA,Solyc11g017020.1,0.15596,0.173387,0.899492,0.7209
18485,Solyc11g017077.1,tandem,TE-like,Solyc11g017090.2,0.00991842,0.0101234,0.979753,0.607338
18486,Solyc11g017090.2,tandem,TE-like,Solyc11g017077.1,0.00991842,0.0101234,0.979753,0.607338
18487,Solyc11g017270.2,tandem,gbM,Solyc11g017280.2,0.175126,0.538435,0.32525,1.39095e-24
18488,Solyc11g017280.2,tandem,gbM,Solyc11g017270.2,0.175126,0.538435,0.32525,1.39095e-24
18489,Solyc11g017474.1,tandem,TE-like,Solyc11g017478.1,0.0960883,0.152976,0.628128,0.255696
18490,Solyc11g017478.1,tandem,Unclassified,Solyc11g018470.2,0.0580413,0.196084,0.296002,0.00184224
18491,Solyc11g018470.2,tandem,Unclassified,Solyc11g017478.1,0.0580413,0.196084,0.296002,0.00184224
18492,Solyc11g018530.2,tandem,TE-like,Solyc11g018535.1,0.0419588,0.130893,0.320559,0.00328394
18493,Solyc11g018535.1,tandem,TE-like,Solyc11g018530.2,0.0419588,0.130893,0.320559,0.00328394
18494,Solyc11g018775.1,tandem,Unclassified,Solyc11g018777.1,0.00551822,0.0105164,0.524723,0.320898
18495,Solyc11g018777.1,tandem,Unclassified,Solyc11g018775.1,0.00551822,0.0105164,0.524723,0.320898
18496,Solyc11g018800.2,tandem,TE-like,Solyc11g018805.1,0.0370154,0.487495,0.0759299,5.56995e-26
18497,Solyc11g018805.1,tandem,TE-like,Solyc11g018800.2,0.0370154,0.487495,0.0759299,5.56995e-26
18498,Solyc11g019890.2,tandem,TE-like,Solyc11g019895.1,0.119792,0.100495,1.19202,0.548888
18499,Solyc11g019895.1,tandem,TE-like,Solyc11g019890.2,0.119792,0.100495,1.19202,0.548888
18500,Solyc11g020007.1,tandem,TE-like,Solyc11g020020.1,0.0715677,0.138209,0.517823,0.00895929
18501,Solyc11g020020.1,tandem,TE-like,Solyc11g020007.1,0.0715677,0.138209,0.517823,0.00895929
18502,Solyc11g020160.2,tandem,TE-like,Solyc11g020180.2,0.131636,0.206182,0.638442,0.15187
18503,Solyc11g020180.2,tandem,TE-like,Solyc11g020160.2,0.131636,0.206182,0.638442,0.15187
18504,Solyc11g020354.1,tandem,Unclassified,Solyc11g020410.1,0.264125,0.203455,1.2982,0.377048
18505,Solyc11g020390.1,tandem,NA,Solyc11g020400.1,0.051149,0.106918,0.478393,0.211778
18506,Solyc11g020410.1,tandem,TE-like,Solyc11g020354.1,0.264125,0.203455,1.2982,0.377048
18507,Solyc11g020810.2,tandem,TE-like,Solyc11g020820.2,0.0333877,0.134712,0.247845,2.97566e-13
18508,Solyc11g020820.2,tandem,TE-like,Solyc11g020810.2,0.0333877,0.134712,0.247845,2.97566e-13
18509,Solyc11g028040.2,tandem,TE-like,Solyc11g028060.1,0.200469,0.550679,0.36404,0.0103901
18510,Solyc11g028060.1,tandem,TE-like,Solyc11g028070.2,0.330504,0.566326,0.583592,0.139155
18511,Solyc11g028070.2,tandem,Unclassified,Solyc11g028060.1,0.330504,0.566326,0.583592,0.139155
18512,Solyc11g028090.2,tandem,TE-like,Solyc11g028100.2,0.115481,0.118227,0.976776,1
18513,Solyc11g028100.2,tandem,TE-like,Solyc11g028090.2,0.115481,0.118227,0.976776,1
18514,Solyc11g028123.1,tandem,TE-like,Solyc11g028140.1,0.0812331,0.21801,0.372612,0.00509549
18515,Solyc11g028140.1,tandem,TE-like,Solyc11g028123.1,0.0812331,0.21801,0.372612,0.00509549
18516,Solyc11g028167.1,tandem,TE-like,Solyc11g028170.2,0.238956,0.572148,0.417647,0.0850065
18517,Solyc11g028170.2,tandem,TE-like,Solyc11g028167.1,0.238956,0.572148,0.417647,0.0850065
18518,Solyc11g028310.2,tandem,TE-like,Solyc11g028315.1,0.291076,0.539451,0.539578,0.0646371
18519,Solyc11g028315.1,tandem,TE-like,Solyc11g028310.2,0.291076,0.539451,0.539578,0.0646371
18520,Solyc11g028330.2,tandem,TE-like,Solyc11g028340.2,0.4049,0.305166,1.32682,0.43099
18521,Solyc11g028340.2,tandem,TE-like,Solyc11g028330.2,0.4049,0.305166,1.32682,0.43099
18522,Solyc11g028350.1,tandem,TE-like,Solyc11g028340.2,0.295171,1.06165,0.278029,0.0048214
18523,Solyc11g030380.2,tandem,TE-like,Solyc11g030390.2,0.011585,0.0151889,0.762729,0.657993
18524,Solyc11g030390.2,tandem,Unclassified,Solyc11g030380.2,0.011585,0.0151889,0.762729,0.657993
18525,Solyc11g030865.1,tandem,TE-like,Solyc11g030870.1,0.0237487,0.0869462,0.273142,0.0485403
18526,Solyc11g030870.1,tandem,NA,Solyc11g030865.1,0.0237487,0.0869462,0.273142,0.0485403
18527,Solyc11g030903.1,tandem,TE-like,Solyc11g030910.1,0.370173,0.682165,0.542644,0.0312233
18528,Solyc11g030910.1,tandem,TE-like,Solyc11g030903.1,0.370173,0.682165,0.542644,0.0312233
18529,Solyc11g030920.1,tandem,TE-like,Solyc11g030905.1,0.363991,0.792461,0.459317,0.00609357
18530,Solyc11g032060.3,tandem,Unclassified,Solyc11g032050.2,0.29438,1.90828,0.154265,4.4983e-35
18531,Solyc11g032225.1,tandem,TE-like,Solyc11g032230.2,0.184362,0.486651,0.378839,0.00270638
18532,Solyc11g032230.2,tandem,TE-like,Solyc11g032225.1,0.184362,0.486651,0.378839,0.00270638
18533,Solyc11g042424.1,tandem,TE-like,Solyc11g042423.1,0.168346,0.21607,0.779127,0.458723
18534,Solyc11g042560.1,tandem,Unmethylated,Solyc11g042580.1,0.368657,3.33807,0.11044,1.09644e-20
18535,Solyc11g042580.1,tandem,Unmethylated,Solyc11g042560.1,0.368657,3.33807,0.11044,1.09644e-20
18536,Solyc11g042720.1,tandem,TE-like,Solyc11g042730.2,0.150719,0.430696,0.349942,0.0693196
18537,Solyc11g042730.2,tandem,TE-like,Solyc11g042720.1,0.150719,0.430696,0.349942,0.0693196
18538,Solyc11g042803.1,tandem,TE-like,Solyc11g042807.1,0.280292,0.387022,0.724227,0.347572
18539,Solyc11g042807.1,tandem,TE-like,Solyc11g042803.1,0.280292,0.387022,0.724227,0.347572
18540,Solyc11g042880.2,tandem,Unclassified,Solyc11g042890.2,0.30633,0.427608,0.716381,0.653807
18541,Solyc11g042890.2,tandem,Unmethylated,Solyc11g042880.2,0.30633,0.427608,0.716381,0.653807
18542,Solyc11g043060.1,tandem,TE-like,Solyc11g043070.2,0.203828,0.331956,0.614021,0.0416443
18543,Solyc11g043070.2,tandem,TE-like,Solyc11g043060.1,0.203828,0.331956,0.614021,0.0416443
18544,Solyc11g044580.1,tandem,TE-like,Solyc11g044597.1,NA,NA,NA,NA
18545,Solyc11g044597.1,tandem,TE-like,Solyc11g044580.1,NA,NA,NA,NA
18546,Solyc11g044600.2,tandem,TE-like,Solyc11g044638.1,0.183021,0.285779,0.640428,0.173408
18547,Solyc11g044638.1,tandem,TE-like,Solyc11g044600.2,0.183021,0.285779,0.640428,0.173408
18548,Solyc11g045320.1,tandem,TE-like,Solyc11g045333.1,0.0716119,0.0603757,1.1861,0.937855
18549,Solyc11g045333.1,tandem,NA,Solyc11g045320.1,0.0716119,0.0603757,1.1861,0.937855
18550,Solyc11g045335.1,tandem,NA,Solyc11g045337.1,0.00315364,0.0124537,0.253228,0.324686
18551,Solyc11g045337.1,tandem,NA,Solyc11g045335.1,0.00315364,0.0124537,0.253228,0.324686
18552,Solyc11g045470.1,tandem,TE-like,Solyc11g045480.2,0.0570436,0.259134,0.220132,0.0215303
18553,Solyc11g045480.2,tandem,TE-like,Solyc11g045470.1,0.0570436,0.259134,0.220132,0.0215303
18554,Solyc11g045540.1,tandem,TE-like,Solyc11g045550.1,0.091973,0.0926379,0.992822,0.996723
18555,Solyc11g045550.1,tandem,TE-like,Solyc11g045560.1,0.080604,0.125299,0.643291,0.708194
18556,Solyc11g045560.1,tandem,TE-like,Solyc11g045570.1,0.0688076,0.0675945,1.01795,0.997247
18557,Solyc11g045570.1,tandem,Unclassified,Solyc11g045560.1,0.0688076,0.0675945,1.01795,0.997247
18558,Solyc11g050795.1,tandem,TE-like,Solyc11g050800.1,0.00164385,NA,NA,NA
18559,Solyc11g050800.1,tandem,TE-like,Solyc11g050795.1,0.00164385,NA,NA,NA
18560,Solyc11g050822.1,tandem,TE-like,Solyc11g050850.1,0.00944484,0.034109,0.276902,0.353504
18561,Solyc11g050826.1,tandem,TE-like,Solyc11g050880.2,0.0100564,0.0164655,0.610758,0.418363
18562,Solyc11g050850.1,tandem,TE-like,Solyc11g050822.1,0.00944484,0.034109,0.276902,0.353504
18563,Solyc11g050880.2,tandem,TE-like,Solyc11g050826.1,0.0100564,0.0164655,0.610758,0.418363
18564,Solyc11g051030.1,tandem,Unclassified,Solyc11g051020.2,0.162397,0.414408,0.391879,0.00532993
18565,Solyc11g056360.2,tandem,TE-like,Solyc11g056370.1,0.307318,0.682712,0.450144,0.00398456
18566,Solyc11g056370.1,tandem,TE-like,Solyc11g056360.2,0.307318,0.682712,0.450144,0.00398456
18567,Solyc11g061880.1,tandem,NA,Solyc11g061850.1,0.0351552,0.0277501,1.26685,0.753715
18568,Solyc11g061890.2,tandem,NA,Solyc11g061895.1,0.0595395,0.0431181,1.38084,0.766978
18569,Solyc11g061895.1,tandem,NA,Solyc11g061890.2,0.0595395,0.0431181,1.38084,0.766978
18570,Solyc11g061930.1,tandem,Unclassified,Solyc11g061940.1,0.154037,0.443219,0.347541,0.00712847
18571,Solyc11g061940.1,tandem,gbM,Solyc11g061930.1,0.154037,0.443219,0.347541,0.00712847
18572,Solyc11g061960.2,tandem,Unclassified,Solyc11g061965.1,0.0201573,0.073229,0.275264,0.0547068
18573,Solyc11g061965.1,tandem,TE-like,Solyc11g061960.2,0.0201573,0.073229,0.275264,0.0547068
18574,Solyc11g062300.2,tandem,TE-like,Solyc11g062310.2,0.0115129,0.0415169,0.277307,0.00156663
18575,Solyc11g062310.2,tandem,TE-like,Solyc11g062300.2,0.0115129,0.0415169,0.277307,0.00156663
18576,Solyc11g064805.1,tandem,TE-like,Solyc11g064820.1,0.0342603,0.167811,0.20416,0.00209168
18577,Solyc11g064820.1,tandem,TE-like,Solyc11g064805.1,0.0342603,0.167811,0.20416,0.00209168
18578,Solyc11g064957.1,tandem,Unclassified,Solyc11g064960.1,0.10686,0.332747,0.321145,0.00445576
18579,Solyc11g064960.1,tandem,Unclassified,Solyc11g064957.1,0.10686,0.332747,0.321145,0.00445576
18580,Solyc11g065290.1,tandem,TE-like,Solyc11g065280.1,0.235604,0.76729,0.30706,4.67932e-08
18581,Solyc11g065350.2,tandem,TE-like,Solyc11g065360.2,0.239418,2.41035,0.0993291,1.57581e-85
18582,Solyc11g065360.2,tandem,TE-like,Solyc11g065350.2,0.239418,2.41035,0.0993291,1.57581e-85
18583,Solyc11g065390.2,tandem,TE-like,Solyc11g065400.2,0.265846,4.10838,0.0647082,5.05607e-73
18584,Solyc11g065400.2,tandem,TE-like,Solyc11g065390.2,0.265846,4.10838,0.0647082,5.05607e-73
18585,Solyc11g065480.2,tandem,TE-like,Solyc11g065470.2,0.0443071,0.427636,0.103609,3.23143e-21
18586,Solyc11g065557.1,tandem,TE-like,Solyc11g065560.1,NA,NA,NA,NA
18587,Solyc11g065560.1,tandem,TE-like,Solyc11g065557.1,NA,NA,NA,NA
18588,Solyc11g065920.2,tandem,TE-like,Solyc11g065930.2,0.0817225,0.309004,0.26447,3.06197e-36
18589,Solyc11g065930.2,tandem,TE-like,Solyc11g065920.2,0.0817225,0.309004,0.26447,3.06197e-36
18590,Solyc11g066190.1,tandem,NA,Solyc11g066195.1,NA,NA,NA,NA
18591,Solyc11g066200.1,tandem,TE-like,Solyc11g066195.1,0.141098,0.172643,0.817279,0.386614
18592,Solyc11g066203.1,tandem,TE-like,Solyc11g066210.2,NA,NA,NA,NA
18593,Solyc11g066210.2,tandem,TE-like,Solyc11g066203.1,NA,NA,NA,NA
18594,Solyc11g066590.2,tandem,Unclassified,Solyc11g066600.2,0.0278922,0.0718709,0.388088,0.00257557
18595,Solyc11g066600.2,tandem,Unclassified,Solyc11g066590.2,0.0278922,0.0718709,0.388088,0.00257557
18596,Solyc11g066670.1,tandem,Unclassified,Solyc11g066680.1,0.0917412,0.297539,0.308333,9.49036e-13
18597,Solyc11g066680.1,tandem,Unclassified,Solyc11g066670.1,0.0917412,0.297539,0.308333,9.49036e-13
18598,Solyc11g067190.2,tandem,TE-like,Solyc11g067180.2,0.355725,1.66401,0.213776,1.61501e-35
18599,Solyc11g067240.2,tandem,TE-like,Solyc11g067230.2,0.00616246,0.196174,0.0314132,1.38198e-27
18600,Solyc11g067300.2,tandem,TE-like,Solyc11g067310.2,0.120836,0.332778,0.363112,1.02744e-23
18601,Solyc11g067310.2,tandem,TE-like,Solyc11g067300.2,0.120836,0.332778,0.363112,1.02744e-23
18602,Solyc11g067330.1,tandem,TE-like,Solyc11g067340.1,0.060276,0.0857355,0.703047,0.205586
18603,Solyc11g067340.1,tandem,TE-like,Solyc11g067350.2,0.0548257,0.0856437,0.64016,0.226317
18604,Solyc11g067350.2,tandem,TE-like,Solyc11g067355.1,0.0909375,0.105782,0.859667,0.705558
18605,Solyc11g067355.1,tandem,TE-like,Solyc11g067350.2,0.0909375,0.105782,0.859667,0.705558
18606,Solyc11g068580.1,tandem,gbM,Solyc11g068570.1,0.327051,2.07415,0.15768,1.42816e-22
18607,Solyc11g068590.1,tandem,gbM,Solyc11g068600.1,0.300613,2.65959,0.11303,3.58131e-26
18608,Solyc11g068600.1,tandem,TE-like,Solyc11g068590.1,0.300613,2.65959,0.11303,3.58131e-26
18609,Solyc11g068895.1,tandem,Unclassified,Solyc11g068900.1,0.161788,0.407015,0.397499,0.000134875
18610,Solyc11g068900.1,tandem,Unmethylated,Solyc11g068895.1,0.161788,0.407015,0.397499,0.000134875
18611,Solyc11g069060.1,tandem,Unclassified,Solyc11g069070.2,0.604578,1.30218,0.464282,1.3655e-06
18612,Solyc11g069070.2,tandem,Unclassified,Solyc11g069060.1,0.604578,1.30218,0.464282,1.3655e-06
18613,Solyc11g069650.2,tandem,Unclassified,Solyc11g069660.2,0.213494,0.512046,0.416943,0.0220321
18614,Solyc11g069750.2,tandem,TE-like,Solyc11g069760.1,0.0436882,0.274386,0.159222,1.12787e-09
18615,Solyc11g069760.1,tandem,Unclassified,Solyc11g069750.2,0.0436882,0.274386,0.159222,1.12787e-09
18616,Solyc11g069870.1,tandem,TE-like,Solyc11g069880.1,0.185182,1.47667,0.125405,3.40251e-16
18617,Solyc11g069880.1,tandem,TE-like,Solyc11g069870.1,0.185182,1.47667,0.125405,3.40251e-16
18618,Solyc11g069930.2,tandem,gbM,Solyc11g069925.1,0.0993482,0.134623,0.737974,0.509144
18619,Solyc11g070080.1,tandem,TE-like,Solyc11g070090.1,0.0709633,0.350013,0.202745,4.55402e-12
18620,Solyc11g070090.1,tandem,TE-like,Solyc11g070080.1,0.0709633,0.350013,0.202745,4.55402e-12
18621,Solyc11g071410.2,tandem,TE-like,Solyc11g071420.2,0.230875,0.378737,0.609593,0.117917
18622,Solyc11g071470.1,tandem,TE-like,Solyc11g071480.1,0.033882,0.144808,0.233978,6.35174e-10
18623,Solyc11g071480.1,tandem,TE-like,Solyc11g071470.1,0.033882,0.144808,0.233978,6.35174e-10
18624,Solyc11g071610.2,tandem,gbM,Solyc11g071620.3,0.00852238,0.0497682,0.171241,4.42522e-13
18625,Solyc11g071620.3,tandem,gbM,Solyc11g071610.2,0.00852238,0.0497682,0.171241,4.42522e-13
18626,Solyc11g071650.2,tandem,TE-like,Solyc11g071640.2,0.209104,4.4653,0.0468286,2.3033e-133
18627,Solyc11g071750.2,tandem,Unclassified,Solyc11g071760.3,0.0190198,0.054396,0.349654,0.130393
18628,Solyc11g071760.3,tandem,Unclassified,Solyc11g071750.2,0.0190198,0.054396,0.349654,0.130393
18629,Solyc11g071995.1,tandem,TE-like,Solyc11g072000.2,NA,NA,NA,NA
18630,Solyc11g072000.2,tandem,TE-like,Solyc11g071995.1,NA,NA,NA,NA
18631,Solyc11g072100.2,tandem,TE-like,Solyc11g072110.2,0.339784,3.11645,0.109029,1.38701e-37
18632,Solyc11g072110.2,tandem,TE-like,Solyc11g072120.2,0.104511,0.430901,0.242541,1.22834e-10
18633,Solyc11g072120.2,tandem,TE-like,Solyc11g072130.2,0.114909,0.340434,0.337537,4.29221e-07
18634,Solyc11g072130.2,tandem,TE-like,Solyc11g072120.2,0.114909,0.340434,0.337537,4.29221e-07
18635,Solyc11g072140.2,tandem,TE-like,Solyc11g072150.2,0.011725,0.0541082,0.216695,0.0016826
18636,Solyc11g072150.2,tandem,TE-like,Solyc11g072140.2,0.011725,0.0541082,0.216695,0.0016826
18637,Solyc11g072320.2,tandem,TE-like,Solyc11g072330.2,0.0098279,0.0198592,0.494878,0.100745
18638,Solyc11g072330.2,tandem,TE-like,Solyc11g072320.2,0.0098279,0.0198592,0.494878,0.100745
18639,Solyc11g072570.2,tandem,TE-like,Solyc11g072560.2,0.103506,0.641116,0.161446,1.50454e-40
18640,Solyc11g072645.1,tandem,Unclassified,Solyc11g072650.2,0.232299,1.54373,0.150479,1.67316e-25
18641,Solyc11g072750.2,tandem,gbM,Solyc11g072760.1,0.0764201,0.283264,0.269784,2.30252e-09
18642,Solyc11g072760.1,tandem,gbM,Solyc11g072750.2,0.0764201,0.283264,0.269784,2.30252e-09
18643,Solyc11g072980.1,tandem,Unclassified,Solyc11g072990.1,0.0488679,0.363358,0.13449,8.14321e-26
18644,Solyc11g072990.1,tandem,Unclassified,Solyc11g072980.1,0.0488679,0.363358,0.13449,8.14321e-26
18645,Solyc11g073200.2,tandem,Unclassified,Solyc11g073210.2,0.042296,0.329686,0.128292,2.5458e-20
18646,Solyc11g073210.2,tandem,Unclassified,Solyc11g073200.2,0.042296,0.329686,0.128292,2.5458e-20
18647,Solyc11g073250.2,tandem,Unmethylated,Solyc11g073260.2,0.010062,0.121627,0.0827284,7.61973e-06
18648,Solyc11g073260.2,tandem,Unmethylated,Solyc11g073250.2,0.010062,0.121627,0.0827284,7.61973e-06
18649,Solyc12g005430.1,tandem,Unclassified,Solyc12g005440.1,0.19772,0.796254,0.248313,5.19473e-16
18650,Solyc12g005440.1,tandem,Unclassified,Solyc12g005430.1,0.19772,0.796254,0.248313,5.19473e-16
18651,Solyc12g005670.2,tandem,TE-like,Solyc12g005680.3,0.120583,0.802948,0.150176,7.31945e-57
18652,Solyc12g005680.3,tandem,TE-like,Solyc12g005670.2,0.120583,0.802948,0.150176,7.31945e-57
18653,Solyc12g005785.1,tandem,TE-like,Solyc12g005790.2,0.237653,1.07935,0.220181,7.37666e-06
18654,Solyc12g005790.2,tandem,TE-like,Solyc12g005785.1,0.237653,1.07935,0.220181,7.37666e-06
18655,Solyc12g006030.2,tandem,gbM,Solyc12g006040.2,0.0893529,0.155632,0.574131,0.0496005
18656,Solyc12g006040.2,tandem,TE-like,Solyc12g006030.2,0.0893529,0.155632,0.574131,0.0496005
18657,Solyc12g006095.1,tandem,Unclassified,Solyc12g006100.2,NA,NA,NA,NA
18658,Solyc12g006100.2,tandem,Unclassified,Solyc12g006095.1,NA,NA,NA,NA
18659,Solyc12g006350.2,tandem,Unclassified,Solyc12g006340.2,0.00462903,0.00793408,0.583437,0.525886
18660,Solyc12g006380.2,tandem,TE-like,Solyc12g006390.1,0.113914,0.613403,0.185709,7.19362e-05
18661,Solyc12g006390.1,tandem,TE-like,Solyc12g006380.2,0.113914,0.613403,0.185709,7.19362e-05
18662,Solyc12g006510.2,tandem,TE-like,Solyc12g006520.2,0.0789189,0.324169,0.24345,4.17132e-22
18663,Solyc12g006520.2,tandem,TE-like,Solyc12g006510.2,0.0789189,0.324169,0.24345,4.17132e-22
18664,Solyc12g006530.2,tandem,TE-like,Solyc12g006520.2,0.0554848,0.375727,0.147673,2.68365e-37
18665,Solyc12g006590.2,tandem,Unclassified,Solyc12g006600.2,0.07368,0.503177,0.14643,6.2314e-08
18666,Solyc12g006600.2,tandem,Unclassified,Solyc12g006590.2,0.07368,0.503177,0.14643,6.2314e-08
18667,Solyc12g006750.1,tandem,TE-like,Solyc12g006760.1,0.0865099,0.209039,0.413845,0.0576717
18668,Solyc12g006760.1,tandem,TE-like,Solyc12g006750.1,0.0865099,0.209039,0.413845,0.0576717
18669,Solyc12g006770.1,tandem,TE-like,Solyc12g006760.1,0.03231,0.117034,0.276074,0.0380427
18670,Solyc12g006950.1,tandem,TE-like,Solyc12g006960.2,0.0702082,0.279525,0.251169,1.1784e-16
18671,Solyc12g006960.2,tandem,TE-like,Solyc12g006950.1,0.0702082,0.279525,0.251169,1.1784e-16
18672,Solyc12g006975.1,tandem,Unclassified,Solyc12g006980.1,0.0223921,0.0233703,0.958143,0.847575
18673,Solyc12g006980.1,tandem,Unclassified,Solyc12g006975.1,0.0223921,0.0233703,0.958143,0.847575
18674,Solyc12g007250.1,tandem,TE-like,Solyc12g007260.2,0.0459607,0.255972,0.179554,5.16898e-09
18675,Solyc12g007260.2,tandem,TE-like,Solyc12g007250.1,0.0459607,0.255972,0.179554,5.16898e-09
18676,Solyc12g007270.2,tandem,TE-like,Solyc12g007260.2,0.195234,3.72205,0.0524534,3.48062e-47
18677,Solyc12g008473.1,tandem,Unclassified,Solyc12g008477.1,0.144932,0.291814,0.496661,0.0756358
18678,Solyc12g008477.1,tandem,TE-like,Solyc12g008480.2,0.187539,0.454251,0.412852,0.00657602
18679,Solyc12g008480.2,tandem,TE-like,Solyc12g008485.1,0.213529,0.402916,0.529959,0.100057
18680,Solyc12g008485.1,tandem,Unclassified,Solyc12g008480.2,0.213529,0.402916,0.529959,0.100057
18681,Solyc12g008650.2,tandem,TE-like,Solyc12g008640.2,0.0823412,0.281075,0.292951,1.17947e-06
18682,Solyc12g008860.2,tandem,TE-like,Solyc12g008890.2,0.282699,0.590124,0.479051,0.0010352
18683,Solyc12g008890.2,tandem,TE-like,Solyc12g008900.2,0.17069,0.689401,0.247591,3.84751e-18
18684,Solyc12g008900.2,tandem,Unclassified,Solyc12g008890.2,0.17069,0.689401,0.247591,3.84751e-18
18685,Solyc12g009250.2,tandem,gbM,Solyc12g009245.1,0.0970394,0.497586,0.19502,9.61222e-05
18686,Solyc12g009350.1,tandem,TE-like,Solyc12g009340.2,0.074208,0.36687,0.202273,1.35381e-11
18687,Solyc12g009410.2,tandem,gbM,Solyc12g009400.2,0.0104271,0.0368502,0.282958,0.00229955
18688,Solyc12g009510.1,tandem,TE-like,Solyc12g009520.2,0.210022,0.470657,0.446232,4.09872e-13
18689,Solyc12g009520.2,tandem,TE-like,Solyc12g009510.1,0.210022,0.470657,0.446232,4.09872e-13
18690,Solyc12g009530.1,tandem,TE-like,Solyc12g009520.2,0.164937,0.413199,0.399171,3.61294e-10
18691,Solyc12g009720.2,tandem,NA,Solyc12g009730.2,0.106275,0.202135,0.525764,4.16726e-05
18692,Solyc12g009743.1,tandem,NA,Solyc12g009745.1,0.165687,0.266499,0.621715,0.158995
18693,Solyc12g009745.1,tandem,NA,Solyc12g009743.1,0.165687,0.266499,0.621715,0.158995
18694,Solyc12g009770.1,tandem,TE-like,Solyc12g009780.1,0.140478,0.34816,0.403487,1.66801e-15
18695,Solyc12g009780.1,tandem,TE-like,Solyc12g009770.1,0.140478,0.34816,0.403487,1.66801e-15
18696,Solyc12g009910.1,tandem,TE-like,Solyc12g009920.1,0.206733,0.590247,0.350248,1.9833e-07
18697,Solyc12g009920.1,tandem,gbM,Solyc12g009910.1,0.206733,0.590247,0.350248,1.9833e-07
18698,Solyc12g009930.2,tandem,gbM,Solyc12g009940.1,0.322118,1.37757,0.233831,3.67848e-32
18699,Solyc12g009940.1,tandem,TE-like,Solyc12g009930.2,0.322118,1.37757,0.233831,3.67848e-32
18700,Solyc12g010090.1,tandem,Unclassified,Solyc12g010100.1,0.193981,0.741865,0.261477,0.00174864
18701,Solyc12g010100.1,tandem,TE-like,Solyc12g010090.1,0.193981,0.741865,0.261477,0.00174864
18702,Solyc12g010950.2,tandem,TE-like,Solyc12g010960.2,0.071014,0.413151,0.171884,2.67809e-16
18703,Solyc12g010960.2,tandem,Unclassified,Solyc12g010950.2,0.071014,0.413151,0.171884,2.67809e-16
18704,Solyc12g011150.1,tandem,Unclassified,Solyc12g011140.2,0.0937237,0.144489,0.648657,0.404349
18705,Solyc12g011240.1,tandem,TE-like,Solyc12g011260.2,0.0566525,0.0849691,0.666743,0.32678
18706,Solyc12g011260.2,tandem,TE-like,Solyc12g011240.1,0.0566525,0.0849691,0.666743,0.32678
18707,Solyc12g013520.2,tandem,TE-like,Solyc12g013525.1,0.239023,0.793542,0.30121,1.32542e-05
18708,Solyc12g013525.1,tandem,TE-like,Solyc12g013520.2,0.239023,0.793542,0.30121,1.32542e-05
18709,Solyc12g013530.2,tandem,Unclassified,Solyc12g013525.1,0.256661,0.952756,0.269388,7.40114e-07
18710,Solyc12g013640.2,tandem,TE-like,Solyc12g013630.1,0.113839,0.32907,0.345941,4.9424e-14
18711,Solyc12g013670.2,tandem,TE-like,Solyc12g013665.1,0.00226512,NA,NA,NA
18712,Solyc12g013733.1,tandem,TE-like,Solyc12g013740.2,0.25226,0.315483,0.799599,0.315061
18713,Solyc12g013740.2,tandem,TE-like,Solyc12g013733.1,0.25226,0.315483,0.799599,0.315061
18714,Solyc12g013930.2,tandem,TE-like,Solyc12g013940.1,0.0491761,0.100696,0.48836,0.172346
18715,Solyc12g013940.1,tandem,Unclassified,Solyc12g013930.2,0.0491761,0.100696,0.48836,0.172346
18716,Solyc12g014397.1,tandem,TE-like,Solyc12g014400.2,0.109464,0.173291,0.631674,0.0922547
18717,Solyc12g014620.2,tandem,Unclassified,Solyc12g014630.1,0.0724085,0.266113,0.272096,1.78449e-06
18718,Solyc12g014630.1,tandem,Unclassified,Solyc12g014620.2,0.0724085,0.266113,0.272096,1.78449e-06
18719,Solyc12g015990.2,tandem,Unclassified,Solyc12g016000.1,0.0757372,0.115012,0.658516,0.448531
18720,Solyc12g016000.1,tandem,NA,Solyc12g015990.2,0.0757372,0.115012,0.658516,0.448531
18721,Solyc12g016125.1,tandem,TE-like,Solyc12g016120.2,0.143712,0.149357,0.962206,0.999983
18722,Solyc12g016180.1,tandem,Unclassified,Solyc12g016170.1,0.00582718,0.0144589,0.403018,0.288827
18723,Solyc12g017437.1,tandem,TE-like,Solyc12g017450.2,0.211969,0.413016,0.513222,0.074624
18724,Solyc12g017450.2,tandem,TE-like,Solyc12g017437.1,0.211969,0.413016,0.513222,0.074624
18725,Solyc12g017910.2,tandem,TE-like,Solyc12g017900.2,0.0398692,0.0822509,0.484726,0.220255
18726,Solyc12g019070.1,tandem,Unclassified,Solyc12g019080.2,0.0585101,0.0643122,0.909781,0.798414
18727,Solyc12g019095.1,tandem,TE-like,Solyc12g019100.2,0.236829,0.234187,1.01128,1
18728,Solyc12g019100.2,tandem,TE-like,Solyc12g019095.1,0.236829,0.234187,1.01128,1
18729,Solyc12g019130.2,tandem,TE-like,Solyc12g019120.2,0.33603,3.9891,0.0842371,2.45353e-63
18730,Solyc12g019140.2,tandem,TE-like,Solyc12g019130.2,0.0865888,0.912318,0.0949108,3.85237e-33
18731,Solyc12g019200.2,tandem,TE-like,Solyc12g019190.1,0.0256522,0.0498429,0.514661,0.165315
18732,Solyc12g019300.2,tandem,TE-like,Solyc12g019310.2,0.519964,3.25427,0.159779,1.95632e-12
18733,Solyc12g019310.2,tandem,TE-like,Solyc12g019300.2,0.519964,3.25427,0.159779,1.95632e-12
18734,Solyc12g019320.2,tandem,Unclassified,Solyc12g019330.2,0.0804598,0.0862607,0.932751,0.815406
18735,Solyc12g019330.2,tandem,TE-like,Solyc12g019320.2,0.0804598,0.0862607,0.932751,0.815406
18736,Solyc12g019623.1,tandem,TE-like,Solyc12g019627.1,0.22742,3.21032,0.0708404,1.53497e-20
18737,Solyc12g019627.1,tandem,TE-like,Solyc12g019623.1,0.22742,3.21032,0.0708404,1.53497e-20
18738,Solyc12g019751.1,tandem,TE-like,Solyc12g019752.1,0.2931,0.558447,0.524848,0.11913
18739,Solyc12g019752.1,tandem,TE-like,Solyc12g019751.1,0.2931,0.558447,0.524848,0.11913
18740,Solyc12g019920.1,tandem,Unclassified,Solyc12g019930.1,0.0533701,0.0147489,3.61859,0.302648
18741,Solyc12g019930.1,tandem,TE-like,Solyc12g019920.1,0.0533701,0.0147489,3.61859,0.302648
18742,Solyc12g021200.2,tandem,TE-like,Solyc12g021210.1,0.0375826,0.0137464,2.734,0.18578
18743,Solyc12g021210.1,tandem,TE-like,Solyc12g021200.2,0.0375826,0.0137464,2.734,0.18578
18744,Solyc12g026370.2,tandem,NA,Solyc12g026380.1,0.479182,0.584787,0.819414,0.476141
18745,Solyc12g026380.1,tandem,NA,Solyc12g026370.2,0.479182,0.584787,0.819414,0.476141
18746,Solyc12g027480.1,tandem,TE-like,Solyc12g027490.1,0.133795,0.20688,0.646727,0.256849
18747,Solyc12g027490.1,tandem,TE-like,Solyc12g027480.1,0.133795,0.20688,0.646727,0.256849
18748,Solyc12g027560.1,tandem,TE-like,Solyc12g027580.2,0.0852282,0.0349012,2.44198,0.168266
18749,Solyc12g027580.2,tandem,TE-like,Solyc12g027560.1,0.0852282,0.0349012,2.44198,0.168266
18750,Solyc12g027600.1,tandem,TE-like,Solyc12g027580.2,0.281324,0.543711,0.517415,0.000779509
18751,Solyc12g032955.1,tandem,TE-like,Solyc12g032950.2,0.700272,2.57197,0.27227,0.000117949
18752,Solyc12g035450.2,tandem,TE-like,Solyc12g035460.2,0.244079,0.167545,1.4568,0.180147
18753,Solyc12g035460.2,tandem,TE-like,Solyc12g035450.2,0.244079,0.167545,1.4568,0.180147
18754,Solyc12g036150.1,tandem,TE-like,Solyc12g036160.2,0.146409,0.413365,0.354189,5.95545e-10
18755,Solyc12g036160.2,tandem,TE-like,Solyc12g036150.1,0.146409,0.413365,0.354189,5.95545e-10
18756,Solyc12g036595.1,tandem,TE-like,Solyc12g036600.2,0.109134,0.2905,0.375676,0.000283035
18757,Solyc12g036600.2,tandem,TE-like,Solyc12g036595.1,0.109134,0.2905,0.375676,0.000283035
18758,Solyc12g036793.1,tandem,TE-like,Solyc12g036800.1,0.116036,0.555634,0.208835,1.14103e-06
18759,Solyc12g036800.1,tandem,TE-like,Solyc12g036793.1,0.116036,0.555634,0.208835,1.14103e-06
18760,Solyc12g038045.1,tandem,TE-like,Solyc12g038070.1,0.511811,0.698933,0.732274,0.513925
18761,Solyc12g038070.1,tandem,TE-like,Solyc12g038045.1,0.511811,0.698933,0.732274,0.513925
18762,Solyc12g038440.1,tandem,TE-like,Solyc12g038450.1,0.107499,0.260248,0.413066,0.0259904
18763,Solyc12g038450.1,tandem,TE-like,Solyc12g038440.1,0.107499,0.260248,0.413066,0.0259904
18764,Solyc12g038740.1,tandem,TE-like,Solyc12g038750.1,0.602978,1.34217,0.449258,0.0751285
18765,Solyc12g038750.1,tandem,TE-like,Solyc12g038740.1,0.602978,1.34217,0.449258,0.0751285
18766,Solyc12g039045.1,tandem,TE-like,Solyc12g039050.2,0.0270046,0.0184079,1.46701,0.884672
18767,Solyc12g039050.2,tandem,TE-like,Solyc12g039045.1,0.0270046,0.0184079,1.46701,0.884672
18768,Solyc12g040240.1,tandem,TE-like,Solyc12g040250.1,0.111321,0.139607,0.797388,0.501946
18769,Solyc12g040250.1,tandem,TE-like,Solyc12g040240.1,0.111321,0.139607,0.797388,0.501946
18770,Solyc12g040280.2,tandem,TE-like,Solyc12g040270.2,0.111243,0.123213,0.902852,0.665353
18771,Solyc12g040515.1,tandem,TE-like,Solyc12g040520.2,NA,0.00437967,-2.53495e-13,NA
18772,Solyc12g040520.2,tandem,TE-like,Solyc12g040515.1,NA,0.00437967,-2.53495e-13,NA
18773,Solyc12g040695.1,tandem,TE-like,Solyc12g040700.1,0.284314,0.912247,0.311663,0.00199314
18774,Solyc12g040700.1,tandem,TE-like,Solyc12g040695.1,0.284314,0.912247,0.311663,0.00199314
18775,Solyc12g040760.1,tandem,TE-like,Solyc12g040780.1,0.189874,0.428775,0.442828,0.0172307
18776,Solyc12g040780.1,tandem,TE-like,Solyc12g040760.1,0.189874,0.428775,0.442828,0.0172307
18777,Solyc12g040812.1,tandem,TE-like,Solyc12g040830.1,0.00713993,0.0233504,0.305773,0.369527
18778,Solyc12g040830.1,tandem,TE-like,Solyc12g040812.1,0.00713993,0.0233504,0.305773,0.369527
18779,Solyc12g041980.2,tandem,Unclassified,Solyc12g042000.2,NA,0.0254249,8.73336e-14,NA
18780,Solyc12g042000.2,tandem,NA,Solyc12g041980.2,NA,0.0254249,8.73336e-14,NA
18781,Solyc12g042011.1,tandem,TE-like,Solyc12g042012.1,0.0427392,0.0702796,0.60813,0.341276
18782,Solyc12g042012.1,tandem,TE-like,Solyc12g042014.1,0.119446,0.193644,0.616832,0.184622
18783,Solyc12g042014.1,tandem,TE-like,Solyc12g042012.1,0.119446,0.193644,0.616832,0.184622
18784,Solyc12g042016.1,tandem,TE-like,Solyc12g042014.1,0.131319,0.473319,0.277442,6.19437e-05
18785,Solyc12g042250.2,tandem,TE-like,Solyc12g042260.2,0.200673,0.31434,0.638395,0.0210499
18786,Solyc12g042260.2,tandem,TE-like,Solyc12g042250.2,0.200673,0.31434,0.638395,0.0210499
18787,Solyc12g042610.1,tandem,TE-like,Solyc12g042605.1,0.0546679,0.0417058,1.3108,0.78623
18788,Solyc12g042770.2,tandem,TE-like,Solyc12g042780.2,0.506344,0.692617,0.731059,0.285286
18789,Solyc12g042780.2,tandem,Unclassified,Solyc12g042770.2,0.506344,0.692617,0.731059,0.285286
18790,Solyc12g042807.1,tandem,TE-like,Solyc12g042820.1,0.184806,0.257562,0.717522,0.323921
18791,Solyc12g042820.1,tandem,TE-like,Solyc12g042807.1,0.184806,0.257562,0.717522,0.323921
18792,Solyc12g042860.2,tandem,TE-like,Solyc12g042870.1,0.248291,0.580886,0.427435,0.000147295
18793,Solyc12g042870.1,tandem,TE-like,Solyc12g042860.2,0.248291,0.580886,0.427435,0.000147295
18794,Solyc12g043110.2,tandem,TE-like,Solyc12g043120.2,0.0285738,0.223877,0.127632,1.7781e-37
18795,Solyc12g043120.2,tandem,TE-like,Solyc12g043110.2,0.0285738,0.223877,0.127632,1.7781e-37
18796,Solyc12g044260.2,tandem,TE-like,Solyc12g044250.2,0.18312,2.94283,0.0622256,2.26282e-57
18797,Solyc12g044520.2,tandem,TE-like,Solyc12g044530.2,0.0230188,0.0392191,0.586928,0.350463
18798,Solyc12g044530.2,tandem,TE-like,Solyc12g044520.2,0.0230188,0.0392191,0.586928,0.350463
18799,Solyc12g044780.1,tandem,TE-like,Solyc12g044790.1,0.0136599,0.0153769,0.888338,0.75829
18800,Solyc12g044790.1,tandem,TE-like,Solyc12g044780.1,0.0136599,0.0153769,0.888338,0.75829
18801,Solyc12g044810.2,tandem,TE-like,Solyc12g044820.2,0.0288834,0.272343,0.106055,2.02367e-07
18802,Solyc12g044820.2,tandem,TE-like,Solyc12g044810.2,0.0288834,0.272343,0.106055,2.02367e-07
18803,Solyc12g049050.1,tandem,TE-like,Solyc12g049040.1,0.044704,0.067705,0.660276,0.701258
18804,Solyc12g049140.1,tandem,TE-like,Solyc12g049150.1,0.0948175,0.121474,0.780556,0.346962
18805,Solyc12g049160.1,tandem,TE-like,Solyc12g049170.2,0.0720273,0.131664,0.547055,0.0149981
18806,Solyc12g049170.2,tandem,TE-like,Solyc12g049160.1,0.0720273,0.131664,0.547055,0.0149981
18807,Solyc12g049180.1,tandem,TE-like,Solyc12g049170.2,0.170566,0.32062,0.531988,0.000931232
18808,Solyc12g049190.2,tandem,TE-like,Solyc12g049200.1,0.0681944,0.0978091,0.69722,0.0926204
18809,Solyc12g049443.1,tandem,TE-like,Solyc12g049460.2,0.0607769,0.105655,0.575238,0.144937
18810,Solyc12g049460.2,tandem,TE-like,Solyc12g049443.1,0.0607769,0.105655,0.575238,0.144937
18811,Solyc12g049570.2,tandem,TE-like,Solyc12g049580.2,0.0103573,0.0319219,0.324459,0.0154137
18812,Solyc12g049580.2,tandem,gbM,Solyc12g049570.2,0.0103573,0.0319219,0.324459,0.0154137
18813,Solyc12g049680.1,tandem,Unclassified,Solyc12g055680.1,0.0612311,0.0186199,3.28848,0.407958
18814,Solyc12g055760.2,tandem,Unmethylated,Solyc12g055750.2,0.101737,0.0818405,1.24311,0.784599
18815,Solyc12g056000.1,tandem,TE-like,Solyc12g056010.2,0.034528,0.14036,0.245996,2.25178e-07
18816,Solyc12g056010.2,tandem,gbM,Solyc12g056000.1,0.034528,0.14036,0.245996,2.25178e-07
18817,Solyc12g056020.1,tandem,gbM,Solyc12g056010.2,0.0299206,0.140807,0.212493,6.1737e-08
18818,Solyc12g056240.2,tandem,gbM,Solyc12g056230.2,0.100429,0.531932,0.1888,3.59818e-10
18819,Solyc12g056280.2,tandem,Unmethylated,Solyc12g056290.2,0.0411881,0.0254552,1.61807,0.825013
18820,Solyc12g056290.2,tandem,gbM,Solyc12g056280.2,0.0411881,0.0254552,1.61807,0.825013
18821,Solyc12g056370.1,tandem,TE-like,Solyc12g056360.1,0.26973,3.30848,0.0815268,4.35226e-25
18822,Solyc12g056380.1,tandem,TE-like,Solyc12g056390.1,0.275511,3.63378,0.0758195,4.4505e-51
18823,Solyc12g056390.1,tandem,TE-like,Solyc12g056380.1,0.275511,3.63378,0.0758195,4.4505e-51
18824,Solyc12g056600.3,tandem,Unclassified,Solyc12g056610.2,0.139243,0.644963,0.215893,5.02698e-16
18825,Solyc12g056700.2,tandem,Unclassified,Solyc12g056705.1,0.31491,1.00866,0.312207,6.20524e-06
18826,Solyc12g056705.1,tandem,Unclassified,Solyc12g056700.2,0.31491,1.00866,0.312207,6.20524e-06
18827,Solyc12g056710.2,tandem,Unclassified,Solyc12g056705.1,0.22028,0.371942,0.592242,0.0691747
18828,Solyc12g056855.1,tandem,TE-like,Solyc12g056880.2,0.23976,0.463674,0.517087,0.0920076
18829,Solyc12g056880.2,tandem,Unclassified,Solyc12g056855.1,0.23976,0.463674,0.517087,0.0920076
18830,Solyc12g056930.2,tandem,TE-like,Solyc12g056920.2,0.403168,4.6021,0.0876053,1.47158e-99
18831,Solyc12g057080.2,tandem,Unclassified,Solyc12g057070.2,0.0317433,0.0958991,0.331007,2.12789e-05
18832,Solyc12g062160.1,tandem,TE-like,Solyc12g062170.1,0.105555,0.201182,0.524676,0.0760234
18833,Solyc12g062170.1,tandem,TE-like,Solyc12g062160.1,0.105555,0.201182,0.524676,0.0760234
18834,Solyc12g062250.2,tandem,TE-like,Solyc12g062260.2,0.123417,0.261708,0.471583,0.00522577
18835,Solyc12g062260.2,tandem,Unclassified,Solyc12g062250.2,0.123417,0.261708,0.471583,0.00522577
18836,Solyc12g062430.1,tandem,TE-like,Solyc12g062440.1,0.0184309,0.024942,0.73895,0.598427
18837,Solyc12g062440.1,tandem,TE-like,Solyc12g062430.1,0.0184309,0.024942,0.73895,0.598427
18838,Solyc12g062695.1,tandem,Unclassified,Solyc12g062690.2,0.0760431,0.110776,0.686456,0.633115
18839,Solyc12g077465.1,tandem,NA,Solyc12g077467.1,NA,NA,NA,NA
18840,Solyc12g077467.1,tandem,TE-like,Solyc12g077465.1,NA,NA,NA,NA
18841,Solyc12g087810.2,tandem,TE-like,Solyc12g087830.2,0.190145,0.284972,0.667242,0.128047
18842,Solyc12g087830.2,tandem,gbM,Solyc12g087810.2,0.190145,0.284972,0.667242,0.128047
18843,Solyc12g087880.2,tandem,NA,Solyc12g087870.2,0.0579345,0.772204,0.0750249,7.69416e-08
18844,Solyc12g087910.1,tandem,TE-like,Solyc12g087920.1,0.0384949,0.18216,0.211324,0.000332776
18845,Solyc12g087920.1,tandem,TE-like,Solyc12g087910.1,0.0384949,0.18216,0.211324,0.000332776
18846,Solyc12g088070.2,tandem,TE-like,Solyc12g088060.2,0.123306,0.452896,0.272262,4.24427e-07
18847,Solyc12g088080.1,tandem,Unclassified,Solyc12g088090.2,0.208541,0.676743,0.308154,0.00153045
18848,Solyc12g088250.2,tandem,TE-like,Solyc12g088260.1,0.0702166,0.415866,0.168844,4.17251e-09
18849,Solyc12g088260.1,tandem,TE-like,Solyc12g088250.2,0.0702166,0.415866,0.168844,4.17251e-09
18850,Solyc12g088310.2,tandem,TE-like,Solyc12g088300.2,0.537919,1.93402,0.278135,1.84944e-06
18851,Solyc12g088530.2,tandem,gbM,Solyc12g088520.2,0.075134,0.383898,0.195714,1.33834e-16
18852,Solyc12g088600.1,tandem,TE-like,Solyc12g088590.1,0.267889,0.585564,0.457488,0.0255687
18853,Solyc12g088613.1,tandem,TE-like,Solyc12g088630.1,0.187718,0.439045,0.427559,5.03221e-07
18854,Solyc12g088617.1,tandem,TE-like,Solyc12g088630.1,0.091518,0.121623,0.75247,0.214005
18855,Solyc12g088620.1,tandem,TE-like,Solyc12g088613.1,0.0550155,0.0426486,1.28997,0.515249
18856,Solyc12g088630.1,tandem,TE-like,Solyc12g088613.1,0.187718,0.439045,0.427559,5.03221e-07
18857,Solyc12g088690.2,tandem,TE-like,Solyc12g088700.1,0.124396,0.52383,0.237473,1.34095e-11
18858,Solyc12g088700.1,tandem,TE-like,Solyc12g088710.1,0.0834065,0.348421,0.239384,1.66765e-13
18859,Solyc12g088710.1,tandem,TE-like,Solyc12g088700.1,0.0834065,0.348421,0.239384,1.66765e-13
18860,Solyc12g088770.1,tandem,Unclassified,Solyc12g088760.1,0.108793,0.23619,0.460617,0.0181215
18861,Solyc12g088850.1,tandem,TE-like,Solyc12g088860.1,0.0994068,0.561834,0.176933,1.5487e-05
18862,Solyc12g088860.1,tandem,Unclassified,Solyc12g088850.1,0.0994068,0.561834,0.176933,1.5487e-05
18863,Solyc12g089293.1,tandem,TE-like,Solyc12g089295.1,0.161277,0.164951,0.977723,1
18864,Solyc12g089295.1,tandem,TE-like,Solyc12g089293.1,0.161277,0.164951,0.977723,1
18865,Solyc12g089370.2,tandem,TE-like,Solyc12g089360.1,0.0214377,0.204733,0.10471,3.42782e-13
18866,Solyc12g094470.2,tandem,TE-like,Solyc12g094460.2,0.122008,0.781986,0.156024,8.18517e-40
18867,Solyc12g094740.2,tandem,TE-like,Solyc12g095740.2,0.106329,0.190411,0.558417,0.177231
18868,Solyc12g095740.2,tandem,TE-like,Solyc12g094740.2,0.106329,0.190411,0.558417,0.177231
18869,Solyc12g095990.2,tandem,TE-like,Solyc12g096000.2,0.00459553,0.22914,0.0200555,8.55905e-33
18870,Solyc12g096000.2,tandem,TE-like,Solyc12g095990.2,0.00459553,0.22914,0.0200555,8.55905e-33
18871,Solyc12g096490.1,tandem,Unmethylated,Solyc12g096480.1,0.209668,1.12361,0.186602,2.07149e-12
18872,Solyc12g096710.2,tandem,gbM,Solyc12g096720.2,0.0697832,0.532932,0.130942,4.09735e-14
18873,Solyc12g096720.2,tandem,gbM,Solyc12g096710.2,0.0697832,0.532932,0.130942,4.09735e-14
18874,Solyc12g096750.2,tandem,TE-like,Solyc12g096740.1,0.0492166,0.311291,0.158105,7.66481e-16
18875,Solyc12g096800.1,tandem,TE-like,Solyc12g096790.1,0.323569,1.42912,0.226412,6.20254e-31
18876,Solyc12g096820.1,tandem,TE-like,Solyc12g096830.2,0.13501,0.68272,0.197752,1.67053e-20
18877,Solyc12g096830.2,tandem,TE-like,Solyc12g096820.1,0.13501,0.68272,0.197752,1.67053e-20
18878,Solyc12g096890.1,tandem,TE-like,Solyc12g096900.2,0.115534,0.282655,0.408747,0.00148661
18879,Solyc12g098430.2,tandem,gbM,Solyc12g098420.2,NA,NA,NA,NA
18880,Solyc12g098465.1,tandem,gbM,Solyc12g098470.2,0.0187767,0.0279081,0.672805,0.287876
18881,Solyc12g098600.1,tandem,TE-like,Solyc12g098590.2,0.4059,4.13365,0.0981942,3.0393e-73
18882,Solyc12g098650.2,tandem,TE-like,Solyc12g098660.2,0.187964,0.464069,0.405035,7.57876e-05
18883,Solyc12g098660.2,tandem,TE-like,Solyc12g098650.2,0.187964,0.464069,0.405035,7.57876e-05
18884,Solyc12g099130.2,tandem,TE-like,Solyc12g099140.2,0.254086,1.51213,0.168032,2.12026e-18
18885,Solyc12g099140.2,tandem,TE-like,Solyc12g099130.2,0.254086,1.51213,0.168032,2.12026e-18
18886,Solyc12g099190.1,tandem,TE-like,Solyc12g099200.2,0.491876,3.44281,0.142871,4.00597e-29
18887,Solyc12g099200.2,tandem,Unmethylated,Solyc12g099210.2,0.0943097,0.492328,0.191559,3.02717e-07
18888,Solyc12g099210.2,tandem,NA,Solyc12g099200.2,0.0943097,0.492328,0.191559,3.02717e-07
18889,Solyc12g099680.1,tandem,TE-like,Solyc12g099690.1,0.269799,0.698631,0.386182,0.0162062
18890,Solyc12g099690.1,tandem,NA,Solyc12g099680.1,0.269799,0.698631,0.386182,0.0162062
18891,Solyc12g100020.1,tandem,gbM,Solyc12g100010.1,0.209817,0.532233,0.394219,1.67951e-15
18892,Solyc12g100030.2,tandem,TE-like,Solyc12g100020.1,0.14948,0.507779,0.29438,2.25097e-24
18893,Solyc12g100110.1,tandem,TE-like,Solyc12g100100.1,0.0965259,0.132201,0.730144,0.111276
18894,Solyc12g100180.2,tandem,gbM,Solyc12g100190.2,0.0508791,0.129963,0.39149,1.39436e-13
18895,Solyc12g100190.2,tandem,gbM,Solyc12g100180.2,0.0508791,0.129963,0.39149,1.39436e-13
18896,Solyc12g100260.1,tandem,NA,Solyc12g100250.2,0.0167255,0.248625,0.0672719,0.000175482
18897,Solyc00g005000.3,transposed,Unclassified,Solyc04g008850.1,0.17013,2.39364,0.0710756,5.28594e-82
18898,Solyc00g005040.3,transposed,TE-like,Solyc02g070530.3,0.0379686,0.137295,0.276548,0.00530571
18899,Solyc00g005080.2,transposed,TE-like,Solyc02g011930.1,0.14025,0.245132,0.572141,0.10628
18900,Solyc00g005096.1,transposed,Unmethylated,Solyc03g083040.1,0.638952,3.5453,0.180225,9.96053e-12
18901,Solyc00g005287.1,transposed,TE-like,Solyc09g015120.3,0.15496,0.300007,0.516522,0.0257448
18902,Solyc00g005470.2,transposed,TE-like,Solyc05g007250.3,0.14666,0.627997,0.233537,8.74224e-05
18903,Solyc00g005480.1,transposed,TE-like,Solyc04g078620.3,0.478091,1.76912,0.270242,3.14169e-06
18904,Solyc00g005840.3,transposed,TE-like,Solyc03g115870.3,0.855517,1.85869,0.460281,4.73599e-05
18905,Solyc00g005900.2,transposed,TE-like,NA,NA,NA,NA,NA
18906,Solyc00g006490.3,transposed,TE-like,Solyc11g069490.2,0.109403,0.641015,0.170671,7.22359e-50
18907,Solyc00g006810.3,transposed,TE-like,Solyc02g069130.3,0.791696,3.71129,0.213321,4.92708e-20
18908,Solyc00g006820.3,transposed,TE-like,Solyc06g076750.3,0.549338,4.51202,0.12175,1.32016e-51
18909,Solyc00g006890.1,transposed,TE-like,Solyc06g051990.3,0.221402,1.56359,0.141598,8.20834e-14
18910,Solyc00g007110.3,transposed,TE-like,Solyc02g082540.3,0.198471,0.670216,0.296129,1.85894e-15
18911,Solyc00g007195.1,transposed,TE-like,Solyc02g082490.3,0.0745426,1.02131,0.0729875,2.89676e-35
18912,Solyc00g007260.3,transposed,gbM,Solyc05g005630.3,1.0459,4.12032,0.253839,3.01689e-16
18913,Solyc00g007320.1,transposed,TE-like,Solyc04g074250.2,0.216428,0.574495,0.376727,0.000175913
18914,Solyc00g007570.2,transposed,TE-like,Solyc01g100980.3,0.0120083,0.0399567,0.300534,0.240079
18915,Solyc00g007600.2,transposed,Unclassified,Solyc09g082790.3,0.566192,1.71943,0.329291,8.79756e-05
18916,Solyc00g009030.2,transposed,Unclassified,Solyc03g006650.2,0.328411,4.29618,0.0764427,2.48485e-66
18917,Solyc00g009040.3,transposed,gbM,Solyc10g085750.2,0.497314,4.4219,0.112466,1.00698e-77
18918,Solyc00g009090.3,transposed,gbM,Solyc04g064940.3,0.503575,4.91237,0.102512,5.77011e-119
18919,Solyc00g009100.3,transposed,TE-like,Solyc01g057830.3,0.942191,4.14814,0.227136,2.27671e-17
18920,Solyc00g009110.3,transposed,TE-like,Solyc08g077210.3,0.446534,4.11685,0.108465,7.81052e-72
18921,Solyc00g010755.1,transposed,Unclassified,Solyc09g015120.3,0.0682496,0.146662,0.465354,0.137652
18922,Solyc00g011870.1,transposed,TE-like,Solyc08g006060.3,0.0825651,1.55045,0.0532523,2.39755e-15
18923,Solyc00g011890.3,transposed,TE-like,Solyc07g016170.3,0.191986,4.05218,0.0473784,1.35497e-173
18924,Solyc00g013140.2,transposed,Unmethylated,Solyc11g021190.1,0.45207,3.54919,0.127373,1.16529e-44
18925,Solyc00g014995.1,transposed,NA,Solyc01g109380.3,0.401395,1.81659,0.220961,1.74153e-06
18926,Solyc00g015720.1,transposed,NA,Solyc11g072700.1,0.569024,4.2802,0.132943,5.71504e-78
18927,Solyc00g015730.2,transposed,NA,Solyc08g077000.1,0.402136,2.93472,0.137027,0
18928,Solyc00g015733.1,transposed,TE-like,Solyc09g011240.3,0.276513,2.54068,0.108834,1.50563e-39
18929,Solyc00g017210.2,transposed,TE-like,Solyc04g011500.3,0.0191895,2.62824,0.00730129,7.26234e-124
18930,Solyc00g017230.1,transposed,TE-like,Solyc09g010860.3,0.175331,3.98549,0.0439923,2.86113e-56
18931,Solyc00g017880.1,transposed,NA,Solyc03g025890.2,0.867749,4.72492,0.183654,6.33251e-56
18932,Solyc00g017900.1,transposed,NA,Solyc02g088540.3,0.716557,3.35368,0.213663,2.26023e-16
18933,Solyc00g020990.2,transposed,NA,Solyc03g043960.3,0.50281,3.44686,0.145875,7.74342e-19
18934,Solyc00g021510.2,transposed,NA,Solyc01g005020.3,0.816848,3.88493,0.210261,8.56058e-14
18935,Solyc00g023250.2,transposed,TE-like,Solyc10g086390.2,0.264099,3.78748,0.0697296,4.95388e-47
18936,Solyc00g023260.1,transposed,TE-like,Solyc09g010520.3,0.228574,1.84889,0.123628,9.09895e-50
18937,Solyc00g024570.2,transposed,TE-like,Solyc03g121290.3,1.03027,4.30373,0.239391,2.09191e-18
18938,Solyc00g024670.1,transposed,TE-like,Solyc07g054440.3,0.340943,4.10629,0.0830294,2.19616e-66
18939,Solyc00g024680.2,transposed,NA,Solyc09g010680.3,0.335297,3.42985,0.0977582,4.78608e-37
18940,Solyc00g026160.3,transposed,TE-like,Solyc01g094890.3,0.348931,3.37612,0.103352,1.40168e-51
18941,Solyc00g026870.1,transposed,NA,Solyc01g067530.3,0.869108,4.38873,0.198032,1.77431e-16
18942,Solyc00g027660.2,transposed,NA,Solyc09g010720.3,0.471301,3.73161,0.1263,5.94079e-25
18943,Solyc00g027670.2,transposed,NA,Solyc09g010720.3,0.31472,4.03373,0.0780222,1.7882e-48
18944,Solyc00g027770.3,transposed,TE-like,Solyc01g109740.3,0.503154,3.92844,0.12808,1.21886e-52
18945,Solyc00g027970.1,transposed,NA,Solyc02g089320.3,0.330024,3.74501,0.0881236,1.28601e-46
18946,Solyc00g027990.1,transposed,NA,Solyc08g076320.3,0.282994,4.12902,0.0685378,2.31464e-104
18947,Solyc00g028540.2,transposed,NA,Solyc03g117870.3,0.948438,2.08309,0.455304,0.0081114
18948,Solyc00g029080.1,transposed,NA,Solyc08g007110.3,1.08287,4.80768,0.225238,1.52774e-29
18949,Solyc00g030000.1,transposed,TE-like,Solyc08g082670.3,0.536532,4.14488,0.129445,9.88916e-60
18950,Solyc00g030520.3,transposed,Unclassified,Solyc07g044810.3,0.0897025,0.531428,0.168795,7.85857e-08
18951,Solyc00g031030.1,transposed,NA,Solyc06g060800.3,0.62566,3.95677,0.158124,1.03158e-49
18952,Solyc00g031050.1,transposed,NA,Solyc02g086145.1,0.98922,4.43878,0.222858,6.12156e-20
18953,Solyc00g034810.2,transposed,TE-like,Solyc03g083320.3,0.259423,1.52243,0.1704,1.0473e-14
18954,Solyc00g036320.2,transposed,TE-like,Solyc04g082825.1,0.445398,1.5533,0.286743,5.50257e-05
18955,Solyc00g041090.2,transposed,NA,Solyc12g095910.2,0.423936,3.08491,0.137422,9.33034e-17
18956,Solyc00g042130.2,transposed,NA,Solyc10g055670.2,1.03662,4.37569,0.236903,1.56426e-14
18957,Solyc00g042140.1,transposed,NA,Solyc05g008460.3,0.330792,4.07223,0.0812314,2.96445e-86
18958,Solyc00g042850.2,transposed,TE-like,Solyc08g082490.2,0.31657,0.432554,0.731863,0.151341
18959,Solyc00g048510.3,transposed,TE-like,Solyc02g069045.1,0.0754376,0.146677,0.514311,0.0545369
18960,Solyc00g049920.2,transposed,NA,Solyc06g071910.3,0.680166,3.90222,0.174302,2.26962e-16
18961,Solyc00g050030.2,transposed,NA,Solyc01g067750.3,0.90914,4.47188,0.203301,2.05396e-35
18962,Solyc00g050430.3,transposed,NA,Solyc02g063430.3,0.257273,1.97734,0.13011,1.93524e-25
18963,Solyc00g052940.3,transposed,TE-like,Solyc04g071400.3,0.497787,3.19324,0.155888,6.87507e-16
18964,Solyc00g053440.3,transposed,Unmethylated,Solyc06g084130.3,0.218159,1.65411,0.131889,5.99715e-20
18965,Solyc00g053740.2,transposed,TE-like,Solyc12g094730.2,0.0731203,0.131673,0.555319,0.151812
18966,Solyc00g055960.1,transposed,NA,Solyc12g011330.3,0.898726,4.27992,0.209986,4.64899e-37
18967,Solyc00g056680.1,transposed,TE-like,Solyc06g060870.1,0.155669,2.44713,0.063613,2.80112e-98
18968,Solyc00g059100.3,transposed,TE-like,Solyc07g044850.3,0.215815,1.06497,0.202649,5.56744e-14
18969,Solyc00g066140.1,transposed,NA,Solyc01g006490.3,0.626993,4.29307,0.146048,2.92528e-61
18970,Solyc00g074210.2,transposed,Unclassified,Solyc08g006120.3,0.122104,0.499279,0.244562,4.21367e-05
18971,Solyc00g075030.3,transposed,NA,Solyc10g009590.3,0.0394424,0.0459758,0.857896,0.621936
18972,Solyc00g080750.3,transposed,TE-like,Solyc05g008210.3,0.138293,0.534337,0.258811,1.36077e-09
18973,Solyc00g082150.3,transposed,gbM,Solyc03g114320.3,0.19551,4.23249,0.0461927,4.80177e-90
18974,Solyc00g084870.3,transposed,NA,Solyc09g008030.1,0.0180669,0.0432617,0.417617,0.107789
18975,Solyc00g085070.3,transposed,NA,Solyc04g077440.3,0.100896,4.28433,0.0235501,3.64099e-123
18976,Solyc00g088080.1,transposed,NA,Solyc08g079020.3,0.518081,3.56672,0.145254,6.77592e-30
18977,Solyc00g090430.2,transposed,TE-like,Solyc10g008480.3,0.835108,3.68716,0.226491,7.80648e-19
18978,Solyc00g090870.3,transposed,gbM,Solyc05g054220.3,0.446268,2.85166,0.156494,1.00275e-10
18979,Solyc00g099160.1,transposed,Unclassified,Solyc03g122320.1,0.204739,0.26678,0.767445,0.418664
18980,Solyc00g099580.2,transposed,Unclassified,Solyc10g005330.3,0.103899,2.94023,0.035337,2.7412e-23
18981,Solyc00g100880.3,transposed,Unclassified,Solyc08g080750.3,0.127305,2.16612,0.0587712,2.42572e-22
18982,Solyc00g104333.1,transposed,TE-like,Solyc12g094730.2,0.139687,0.290375,0.481057,0.0756305
18983,Solyc00g107050.1,transposed,TE-like,Solyc03g110850.1,0.235436,0.241162,0.976258,1
18984,Solyc00g108555.1,transposed,Unmethylated,Solyc09g092260.3,0.545238,2.9983,0.181849,6.24388e-18
18985,Solyc00g110870.3,transposed,gbM,Solyc06g048560.1,0.48144,4.17523,0.115309,7.10069e-77
18986,Solyc00g112810.2,transposed,NA,Solyc06g068240.3,0.565656,4.0652,0.139146,4.08442e-34
18987,Solyc00g114550.1,transposed,TE-like,Solyc03g098000.3,0.463324,3.79971,0.121937,5.45702e-30
18988,Solyc00g120930.2,transposed,NA,Solyc08g076493.1,0.13123,3.5219,0.0372611,2.15825e-61
18989,Solyc00g131610.2,transposed,gbM,Solyc10g055190.1,0.104271,0.718425,0.145139,5.40824e-10
18990,Solyc00g135060.1,transposed,NA,Solyc05g005480.2,0.810399,4.08537,0.198366,2.27412e-23
18991,Solyc00g136260.1,transposed,NA,Solyc01g105610.1,0.698113,3.34471,0.208721,1.29866e-11
18992,Solyc00g147570.3,transposed,TE-like,Solyc04g015830.3,0.288238,1.53911,0.187275,9.12454e-08
18993,Solyc00g147577.1,transposed,NA,Solyc09g090360.3,0.0220291,0.0732531,0.300726,0.00611323
18994,Solyc00g153680.1,transposed,TE-like,Solyc08g082980.2,0.583449,4.50341,0.129557,4.92186e-13
18995,Solyc00g156980.3,transposed,TE-like,Solyc06g062600.3,0.231781,3.4299,0.0675765,3.42943e-26
18996,Solyc00g157083.1,transposed,Unclassified,NA,NA,NA,NA,NA
18997,Solyc00g164680.2,transposed,Unclassified,Solyc01g105435.1,0.164885,1.21628,0.135565,4.4649e-32
18998,Solyc00g167300.2,transposed,NA,Solyc02g092820.3,0.805799,4.00337,0.20128,2.34708e-18
18999,Solyc00g170200.1,transposed,Unclassified,Solyc02g092760.3,0.616289,3.30139,0.186675,1.33967e-10
19000,Solyc00g170510.2,transposed,TE-like,Solyc02g083830.2,0.010508,0.0748038,0.140474,2.5826e-05
19001,Solyc00g178340.2,transposed,TE-like,Solyc04g077240.3,0.177559,0.511522,0.347119,0.000513732
19002,Solyc00g179240.2,transposed,Unmethylated,Solyc08g080100.3,0.0649534,2.68708,0.0241724,1.02369e-24
19003,Solyc00g185750.1,transposed,NA,Solyc01g080040.3,0.791545,3.57282,0.221546,1.97303e-10
19004,Solyc00g188850.3,transposed,TE-like,Solyc01g094380.2,0.138679,0.868029,0.159763,2.11667e-11
19005,Solyc00g188857.1,transposed,TE-like,Solyc07g043620.3,0.119805,1.04405,0.11475,4.72303e-21
19006,Solyc00g202560.2,transposed,TE-like,Solyc10g079860.2,0.497881,3.96154,0.125679,6.45275e-41
19007,Solyc00g203660.2,transposed,TE-like,Solyc12g062550.1,0.152209,0.0845604,1.8,0.213399
19008,Solyc00g212260.2,transposed,TE-like,Solyc10g009620.2,0.0115602,0.0160259,0.721346,0.506496
19009,Solyc00g217560.1,transposed,NA,Solyc02g065800.2,0.118096,0.15613,0.756392,0.36479
19010,Solyc00g217960.1,transposed,Unmethylated,Solyc01g088440.2,0.334049,0.635772,0.525423,0.00573372
19011,Solyc00g231680.2,transposed,TE-like,Solyc02g084990.3,0.373392,4.01554,0.0929867,1.02077e-72
19012,Solyc00g231780.2,transposed,TE-like,Solyc11g021220.1,0.394065,0.498269,0.790869,0.541109
19013,Solyc00g233480.1,transposed,Unclassified,Solyc11g009100.2,0.314376,2.80884,0.111924,2.32712e-17
19014,Solyc00g249900.3,transposed,TE-like,Solyc06g074650.3,0.449771,3.55585,0.126488,1.10742e-16
19015,Solyc00g249910.2,transposed,Unclassified,Solyc06g074650.3,0.174869,1.49568,0.116916,1.18058e-09
19016,Solyc00g254910.1,transposed,NA,Solyc01g095580.3,0.119984,1.03829,0.11556,7.10766e-30
19017,Solyc00g257110.3,transposed,TE-like,Solyc07g017780.3,0.112848,4.2588,0.0264977,2.17221e-108
19018,Solyc00g265110.3,transposed,TE-like,Solyc11g007940.2,0.111727,0.304649,0.36674,0.00135457
19019,Solyc00g266110.1,transposed,NA,Solyc10g011650.3,0.0681418,0.0665382,1.0241,0.991309
19020,Solyc00g270510.1,transposed,TE-like,Solyc11g012750.2,0.312614,0.532544,0.587019,0.0283766
19021,Solyc00g280110.2,transposed,Unclassified,Solyc09g005730.3,0.171064,1.99049,0.0859407,3.00117e-08
19022,Solyc00g283010.2,transposed,NA,Solyc08g081890.3,0.273563,2.00939,0.136142,5.22987e-75
19023,Solyc00g289230.2,transposed,TE-like,Solyc07g053130.3,0.395358,4.37801,0.0903054,2.25528e-61
19024,Solyc00g300730.2,transposed,NA,Solyc03g083270.3,0.176647,4.90157,0.0360388,1.08301e-18
19025,Solyc00g318130.2,transposed,TE-like,Solyc02g087360.3,0.309579,1.13085,0.273757,2.63757e-11
19026,Solyc00g318830.2,transposed,Unclassified,Solyc06g076200.1,0.0369713,0.0767778,0.481536,0.070924
19027,Solyc00g322630.1,transposed,TE-like,Solyc10g011650.3,0.0700814,0.0791346,0.885597,0.531858
19028,Solyc01g005130.2,transposed,gbM,Solyc11g011890.2,0.420288,3.8511,0.109135,4.63886e-35
19029,Solyc01g005170.2,transposed,TE-like,Solyc12g006000.1,0.663609,4.17068,0.159113,4.23944e-31
19030,Solyc01g005210.3,transposed,TE-like,Solyc08g076650.3,0.138865,4.77987,0.0290521,1.23041e-212
19031,Solyc01g005220.3,transposed,TE-like,Solyc01g103490.3,0.447814,4.39679,0.10185,4.88149e-71
19032,Solyc01g005300.3,transposed,TE-like,Solyc06g063295.1,0.946606,4.23927,0.223295,2.09198e-17
19033,Solyc01g005310.3,transposed,TE-like,Solyc08g077360.3,0.1668,4.48917,0.037156,4.96972e-175
19034,Solyc01g005340.3,transposed,TE-like,Solyc08g014570.3,0.489581,4.39756,0.11133,1.55402e-57
19035,Solyc01g005390.3,transposed,TE-like,Solyc11g011360.2,0.313501,3.36204,0.0932474,1.2972e-23
19036,Solyc01g005440.3,transposed,gbM,Solyc03g118540.3,0.498577,2.08361,0.239286,5.1489e-15
19037,Solyc01g005480.3,transposed,gbM,Solyc12g056570.1,0.786889,4.06891,0.193391,1.63622e-26
19038,Solyc01g005500.3,transposed,TE-like,Solyc10g083170.2,0.353282,1.94411,0.181719,9.51977e-27
19039,Solyc01g005510.3,transposed,TE-like,Solyc02g065170.3,0.380475,4.45847,0.0853377,1.2132e-71
19040,Solyc01g005540.3,transposed,TE-like,Solyc01g106740.3,0.858841,4.38867,0.195695,7.3995e-37
19041,Solyc01g005550.3,transposed,Unclassified,Solyc03g112620.4,0.368239,4.03775,0.091199,1.5203e-63
19042,Solyc01g005600.3,transposed,TE-like,Solyc04g074240.3,0.651855,2.05703,0.316892,1.52083e-10
19043,Solyc01g005610.3,transposed,TE-like,Solyc01g100930.3,0.384628,3.99041,0.0963881,6.00694e-71
19044,Solyc01g005620.3,transposed,TE-like,Solyc05g051400.3,0.544338,4.04992,0.134407,4.80056e-27
19045,Solyc01g005630.2,transposed,TE-like,Solyc10g078610.1,0.38181,3.42894,0.111349,3.48284e-22
19046,Solyc01g005640.3,transposed,gbM,Solyc10g079710.2,0.379807,3.36426,0.112895,1.77069e-31
19047,Solyc01g005650.2,transposed,TE-like,Solyc12g089000.2,0.774112,4.18772,0.184853,2.56561e-37
19048,Solyc01g005660.2,transposed,TE-like,Solyc08g008485.1,0.367629,3.0821,0.119279,0
19049,Solyc01g005670.3,transposed,TE-like,Solyc01g007060.3,0.5887,1.51593,0.388343,1.98974e-10
19050,Solyc01g005680.3,transposed,NA,Solyc08g062820.3,0.184625,3.64579,0.0506404,4.66808e-41
19051,Solyc01g005690.3,transposed,TE-like,Solyc07g045210.1,0.510415,4.03713,0.12643,1.15667e-62
19052,Solyc01g005700.3,transposed,TE-like,Solyc06g072140.3,0.822745,4.61272,0.178364,2.96127e-26
19053,Solyc01g005750.1,transposed,NA,Solyc01g006560.3,0.144519,0.588711,0.245483,0.00102626
19054,Solyc01g005800.3,transposed,TE-like,Solyc10g078650.2,0.384288,4.46553,0.0860565,9.86938e-70
19055,Solyc01g005830.3,transposed,TE-like,Solyc02g080660.3,0.515899,3.87302,0.133203,7.54866e-31
19056,Solyc01g005840.3,transposed,TE-like,Solyc10g011740.3,0.362717,3.36175,0.107895,2.00767e-31
19057,Solyc01g005940.3,transposed,TE-like,Solyc03g031860.3,0.209255,3.83766,0.0545267,2.56289e-59
19058,Solyc01g005980.3,transposed,TE-like,Solyc07g063860.3,0.604519,3.09495,0.195324,1.25149e-18
19059,Solyc01g005990.3,transposed,TE-like,Solyc05g015490.3,0.762251,3.56227,0.213979,3.09284e-17
19060,Solyc01g006080.2,transposed,TE-like,Solyc10g008480.3,0.532531,3.67474,0.144917,1.85797e-47
19061,Solyc01g006140.3,transposed,gbM,Solyc03g019960.3,0.794213,4.28889,0.185179,4.30458e-30
19062,Solyc01g006180.3,transposed,gbM,Solyc03g093240.3,0.970324,2.62875,0.36912,2.84285e-11
19063,Solyc01g006190.3,transposed,TE-like,Solyc10g009420.3,0.231465,3.8762,0.0597145,5.67184e-72
19064,Solyc01g006310.3,transposed,TE-like,Solyc10g078890.2,0.408724,3.81032,0.107267,9.1718e-63
19065,Solyc01g006320.3,transposed,Unclassified,Solyc12g005230.2,0.47931,2.58869,0.185155,5.54022e-11
19066,Solyc01g006380.2,transposed,TE-like,Solyc02g069290.3,0.533885,4.0072,0.133231,9.35903e-63
19067,Solyc01g006500.3,transposed,TE-like,Solyc12g098990.2,0.569887,3.18643,0.178848,4.41792e-29
19068,Solyc01g006510.3,transposed,TE-like,Solyc06g035680.2,0.285333,2.55059,0.11187,1.63391e-28
19069,Solyc01g006650.2,transposed,TE-like,Solyc01g009170.3,0.553708,4.34075,0.12756,5.36009e-64
19070,Solyc01g006660.2,transposed,TE-like,Solyc07g056170.3,0.539585,4.63996,0.116291,1.32213e-87
19071,Solyc01g006665.1,transposed,TE-like,Solyc04g081755.1,0.397425,1.2571,0.316143,3.27661e-05
19072,Solyc01g006880.3,transposed,TE-like,Solyc01g095890.3,0.897181,4.61063,0.19459,2.23483e-102
19073,Solyc01g006940.3,transposed,TE-like,Solyc10g086150.2,0.614393,3.84532,0.159777,4.79368e-29
19074,Solyc01g007170.3,transposed,TE-like,Solyc03g113190.1,0.410397,4.94641,0.0829687,1.91446e-113
19075,Solyc01g007850.2,transposed,TE-like,Solyc02g079260.2,0.669963,4.77705,0.140246,1.15735e-79
19076,Solyc01g007880.3,transposed,TE-like,Solyc08g077730.3,0.818836,4.11369,0.199052,8.56869e-31
19077,Solyc01g007895.1,transposed,TE-like,Solyc03g120530.3,0.758525,2.35987,0.321427,4.98355e-05
19078,Solyc01g007900.3,transposed,TE-like,Solyc01g105270.3,0.390877,4.02097,0.0972096,4.14631e-39
19079,Solyc01g007910.3,transposed,TE-like,Solyc12g099260.2,0.706836,5.5361,0.127678,4.35072e-15
19080,Solyc01g007940.3,transposed,TE-like,Solyc03g123610.3,0.440322,4.31957,0.101937,1.8982e-83
19081,Solyc01g008050.3,transposed,TE-like,Solyc01g095610.3,0.505645,4.05206,0.124787,4.09542e-48
19082,Solyc01g008060.3,transposed,TE-like,Solyc05g006090.3,0.0937283,0.473037,0.198141,5.20304e-16
19083,Solyc01g008100.3,transposed,TE-like,Solyc06g068740.3,0.451474,2.73793,0.164896,1.23013e-18
19084,Solyc01g008130.3,transposed,Unclassified,Solyc04g072380.3,0.604664,4.52269,0.133696,8.12753e-57
19085,Solyc01g008140.3,transposed,TE-like,Solyc04g008430.1,0.713835,4.81719,0.148185,5.36522e-89
19086,Solyc01g008160.3,transposed,Unclassified,Solyc04g051660.3,0.682392,1.70351,0.400581,2.10002e-06
19087,Solyc01g008330.3,transposed,TE-like,Solyc09g065540.3,0.5299,4.33505,0.122236,4.33447e-59
19088,Solyc01g008370.3,transposed,gbM,Solyc05g052690.3,0.821674,3.99607,0.205621,2.57479e-16
19089,Solyc01g008420.3,transposed,TE-like,Solyc01g087150.3,0.258596,2.85874,0.0904582,9.97516e-75
19090,Solyc01g008490.3,transposed,gbM,Solyc01g087240.3,0.501675,3.5007,0.143307,2.25061e-20
19091,Solyc01g008497.1,transposed,TE-like,Solyc02g086210.3,0.565694,4.46293,0.126754,2.86368e-61
19092,Solyc01g008790.3,transposed,TE-like,Solyc03g019670.3,0.30052,4.33175,0.0693762,1.77236e-135
19093,Solyc01g008830.2,transposed,TE-like,Solyc06g076330.3,0.627154,4.19128,0.149633,8.27426e-70
19094,Solyc01g008850.3,transposed,TE-like,Solyc12g009570.2,0.287417,4.27088,0.0672969,2.3083e-81
19095,Solyc01g008910.2,transposed,TE-like,Solyc02g094340.1,0.538233,4.23733,0.127022,9.2879e-51
19096,Solyc01g008925.1,transposed,TE-like,Solyc09g010930.3,0.621878,3.50853,0.177247,4.87359e-34
19097,Solyc01g008950.3,transposed,TE-like,Solyc10g077010.2,0.00290424,1.43042,0.00203035,2.39533e-50
19098,Solyc01g008973.1,transposed,TE-like,Solyc10g081350.2,0.488694,3.12556,0.156354,4.30306e-15
19099,Solyc01g009000.3,transposed,TE-like,Solyc03g098590.3,0.681884,3.93704,0.173197,7.92766e-32
19100,Solyc01g009120.3,transposed,TE-like,Solyc06g074080.3,0.752698,4.07615,0.184659,2.8369e-32
19101,Solyc01g009330.1,transposed,TE-like,Solyc01g007000.3,0.318866,2.78356,0.114554,1.28792e-45
19102,Solyc01g009335.1,transposed,TE-like,Solyc11g068780.1,0.312085,1.66341,0.187618,3.95125e-13
19103,Solyc01g009340.3,transposed,TE-like,Solyc04g050050.3,0.683074,4.09377,0.166857,1.15446e-26
19104,Solyc01g009420.3,transposed,gbM,Solyc06g074670.3,0.0434308,1.24835,0.0347904,2.09713e-71
19105,Solyc01g009430.3,transposed,TE-like,Solyc11g066860.2,0.176519,1.3343,0.132293,2.91183e-21
19106,Solyc01g009440.2,transposed,TE-like,Solyc03g026270.3,0.351066,3.42134,0.102611,8.47341e-37
19107,Solyc01g009490.1,transposed,TE-like,Solyc04g007580.1,0.335656,1.64428,0.204136,5.63973e-13
19108,Solyc01g009590.3,transposed,Unclassified,Solyc06g035820.1,0.343544,1.40835,0.243934,2.9253e-05
19109,Solyc01g009600.3,transposed,TE-like,Solyc03g026120.3,0.154158,1.48654,0.103703,9.74536e-92
19110,Solyc01g009610.3,transposed,TE-like,Solyc03g025980.3,0.20653,0.487579,0.423583,0.000342358
19111,Solyc01g009645.1,transposed,TE-like,Solyc01g102340.3,0.787463,3.79176,0.207677,1.09033e-11
19112,Solyc01g009650.1,transposed,TE-like,Solyc01g102340.3,0.251027,3.02244,0.0830545,1.11881e-17
19113,Solyc01g009670.3,transposed,TE-like,Solyc03g032180.3,0.558562,4.32941,0.129016,6.05526e-45
19114,Solyc01g009760.3,transposed,TE-like,Solyc04g014250.3,0.485602,3.70737,0.130983,5.5415e-26
19115,Solyc01g009830.3,transposed,TE-like,Solyc07g007990.3,0.00831394,0.0402662,0.206474,0.00160997
19116,Solyc01g009840.2,transposed,TE-like,Solyc08g080400.1,0.222548,0.424894,0.523774,0.000811983
19117,Solyc01g009880.2,transposed,TE-like,Solyc03g111320.1,0.680428,4.53152,0.150154,7.25837e-44
19118,Solyc01g009990.3,transposed,Unclassified,Solyc06g076970.3,0.4917,3.86883,0.127093,3.94634e-27
19119,Solyc01g010020.3,transposed,TE-like,Solyc04g006930.3,0.135348,3.32886,0.040659,4.14263e-45
19120,Solyc01g010030.3,transposed,TE-like,Solyc05g010140.3,0.245853,0.945641,0.259985,1.68648e-35
19121,Solyc01g010080.3,transposed,TE-like,Solyc02g070530.3,0.440059,4.47456,0.0983468,6.85478e-72
19122,Solyc01g010160.3,transposed,TE-like,Solyc07g063880.3,0.323035,1.51728,0.212904,1.52151e-09
19123,Solyc01g010260.3,transposed,TE-like,Solyc03g122350.3,0.596326,4.37748,0.136226,5.37651e-33
19124,Solyc01g010295.1,transposed,Unclassified,Solyc04g005410.2,0.107303,1.68948,0.063512,4.43076e-17
19125,Solyc01g010350.3,transposed,TE-like,Solyc10g008980.3,0.137838,4.04941,0.034039,2.11118e-74
19126,Solyc01g010400.1,transposed,TE-like,Solyc01g094430.1,0.0800465,0.0872836,0.917086,0.822901
19127,Solyc01g010530.1,transposed,TE-like,Solyc03g005140.2,0.0856754,0.618379,0.138548,6.81359e-39
19128,Solyc01g010590.2,transposed,TE-like,Solyc09g010190.3,0.737899,3.50716,0.210398,1.26555e-14
19129,Solyc01g010700.3,transposed,TE-like,Solyc03g111310.3,0.64073,2.30658,0.277783,5.29777e-19
19130,Solyc01g010760.3,transposed,gbM,Solyc02g067460.3,0.121849,2.40733,0.0506158,3.68024e-57
19131,Solyc01g010770.3,transposed,gbM,Solyc02g067470.3,0.168671,3.88349,0.0434328,1.47963e-69
19132,Solyc01g010820.3,transposed,TE-like,Solyc02g070460.3,0.535164,4.5254,0.118258,2.06726e-123
19133,Solyc01g010890.3,transposed,TE-like,Solyc02g088100.3,0.155432,3.24868,0.0478448,8.64686e-48
19134,Solyc01g010900.3,transposed,TE-like,Solyc01g094080.3,0.503137,4.40181,0.114302,1.58679e-40
19135,Solyc01g010920.2,transposed,TE-like,Solyc05g013140.3,0.198978,2.32654,0.0855254,1.14764e-19
19136,Solyc01g010930.3,transposed,TE-like,Solyc05g013140.3,0.137637,0.718339,0.191605,1.07734e-23
19137,Solyc01g010940.3,transposed,Unclassified,Solyc04g005570.3,0.146503,1.41639,0.103434,2.6586e-18
19138,Solyc01g010950.3,transposed,Unclassified,Solyc05g013070.3,0.0668207,1.34473,0.049691,4.97967e-57
19139,Solyc01g010960.2,transposed,TE-like,Solyc04g010240.3,0.232379,0.418008,0.555921,0.0682403
19140,Solyc01g010970.3,transposed,gbM,Solyc03g098280.3,0.56946,4.78815,0.118931,5.22314e-120
19141,Solyc01g010990.2,transposed,TE-like,Solyc05g012870.1,0.127219,0.738444,0.172279,1.83653e-27
19142,Solyc01g011030.3,transposed,TE-like,Solyc05g012560.2,0.1949,0.710319,0.274383,2.5559e-11
19143,Solyc01g011050.3,transposed,TE-like,Solyc01g086920.3,0.696874,4.06142,0.171584,2.67448e-40
19144,Solyc01g011092.1,transposed,TE-like,Solyc06g062780.3,0.448314,3.22053,0.139205,3.24126e-15
19145,Solyc01g011093.1,transposed,TE-like,Solyc05g006640.3,0.0743939,0.659401,0.11282,9.48513e-89
19146,Solyc01g011370.1,transposed,TE-like,Solyc01g099330.3,0.25602,1.91561,0.13365,2.85236e-09
19147,Solyc01g011390.2,transposed,TE-like,Solyc12g010430.1,0.669583,3.21297,0.2084,9.42701e-19
19148,Solyc01g014090.1,transposed,TE-like,Solyc12g009790.2,0.106999,0.17165,0.623356,0.129327
19149,Solyc01g014103.1,transposed,TE-like,Solyc01g006690.3,0.161716,0.915271,0.176687,7.61826e-34
19150,Solyc01g014107.1,transposed,TE-like,Solyc01g006690.3,0.449154,3.24963,0.138217,2.88886e-12
19151,Solyc01g014180.3,transposed,TE-like,Solyc11g061770.2,0.133286,0.648823,0.205428,5.30311e-11
19152,Solyc01g014220.2,transposed,TE-like,Solyc03g006430.3,0.0635836,0.000265653,239.349,0.0260603
19153,Solyc01g014225.1,transposed,TE-like,Solyc03g006430.3,0.0796983,0.275131,0.289674,0.000788621
19154,Solyc01g014230.3,transposed,gbM,Solyc09g025270.3,0.496951,4.69954,0.105745,1.5019e-75
19155,Solyc01g014350.1,transposed,TE-like,Solyc12g095830.2,0.125426,1.52105,0.0824604,1.21276e-10
19156,Solyc01g014360.1,transposed,TE-like,Solyc06g072820.3,0.250719,0.651479,0.384846,0.134849
19157,Solyc01g014370.1,transposed,TE-like,Solyc12g009790.2,0.111339,0.255229,0.436231,0.00961442
19158,Solyc01g014375.1,transposed,gbM,Solyc01g006690.3,0.277042,0.744869,0.371933,7.89348e-08
19159,Solyc01g014480.3,transposed,TE-like,Solyc01g009170.3,0.525126,4.30594,0.121954,3.25716e-64
19160,Solyc01g014520.1,transposed,TE-like,Solyc01g006520.3,0.433561,4.24183,0.102211,1.30526e-39
19161,Solyc01g014530.2,transposed,TE-like,Solyc01g006520.3,0.315219,3.27579,0.0962266,2.53006e-25
19162,Solyc01g014550.2,transposed,TE-like,Solyc01g006520.3,0.509071,4.2088,0.120954,3.42911e-35
19163,Solyc01g014560.3,transposed,TE-like,Solyc01g006520.3,0.286565,3.78414,0.0757279,2.8471e-64
19164,Solyc01g014564.1,transposed,TE-like,Solyc12g056980.1,0.390606,1.34301,0.290844,5.49254e-05
19165,Solyc01g014650.1,transposed,TE-like,Solyc01g006520.3,0.454622,3.06758,0.148202,3.5014e-12
19166,Solyc01g014690.2,transposed,TE-like,Solyc01g006520.3,0.257394,3.27976,0.0784796,2.25406e-30
19167,Solyc01g014710.1,transposed,TE-like,Solyc03g122300.2,0.19196,0.263616,0.728183,0.418637
19168,Solyc01g014770.1,transposed,TE-like,Solyc05g055070.3,0.157471,0.424277,0.371153,0.000253527
19169,Solyc01g014850.3,transposed,gbM,Solyc10g080480.2,0.249494,3.79555,0.0657334,3.93449e-50
19170,Solyc01g015000.3,transposed,TE-like,Solyc08g016170.3,0.350529,0.829698,0.422478,8.05885e-05
19171,Solyc01g015080.3,transposed,TE-like,Solyc10g078890.2,0.372046,3.77023,0.0986798,0
19172,Solyc01g016380.3,transposed,Unclassified,Solyc10g080550.2,0.211223,3.74571,0.0563905,1.577e-61
19173,Solyc01g016390.3,transposed,Unclassified,Solyc10g078910.2,0.609791,3.98064,0.153189,3.68111e-43
19174,Solyc01g016413.1,transposed,TE-like,Solyc02g077250.2,0.452438,1.49872,0.301883,1.2645e-07
19175,Solyc01g016435.1,transposed,TE-like,Solyc03g122300.2,0.314437,0.604995,0.519735,0.0284681
19176,Solyc01g016540.2,transposed,TE-like,Solyc07g054270.3,0.40117,3.82748,0.104813,3.90125e-50
19177,Solyc01g016580.1,transposed,TE-like,Solyc01g109380.3,0.0480395,0.190912,0.251631,0.0284582
19178,Solyc01g016600.1,transposed,TE-like,Solyc01g109380.3,0.161598,0.263022,0.614389,0.110809
19179,Solyc01g016660.1,transposed,NA,Solyc02g088000.3,0.0986966,0.125315,0.787589,0.522059
19180,Solyc01g016770.1,transposed,TE-like,Solyc02g082040.3,0.11184,1.04865,0.106651,2.77619e-05
19181,Solyc01g017090.2,transposed,TE-like,Solyc11g021190.1,0.157005,0.548492,0.286249,0.00148932
19182,Solyc01g017100.1,transposed,TE-like,Solyc11g021190.1,0.157632,0.211687,0.744646,0.35061
19183,Solyc01g017187.1,transposed,TE-like,Solyc02g011877.1,0.191461,0.180679,1.05967,0.999999
19184,Solyc01g017240.1,transposed,TE-like,Solyc11g021310.1,0.0664188,0.0479318,1.38569,0.475721
19185,Solyc01g017245.1,transposed,TE-like,Solyc11g021310.1,0.0738616,0.0656151,1.12568,0.956091
19186,Solyc01g017270.1,transposed,TE-like,Solyc02g011920.1,0.18143,0.348065,0.521253,0.188927
19187,Solyc01g017280.1,transposed,TE-like,Solyc02g011920.1,0.193929,0.253354,0.765446,0.425015
19188,Solyc01g017290.1,transposed,TE-like,Solyc02g011920.1,0.331181,0.641219,0.516486,0.0145525
19189,Solyc01g017337.1,transposed,Unclassified,Solyc11g021210.1,0.0360446,0.094047,0.383261,0.173004
19190,Solyc01g017400.2,transposed,TE-like,Solyc11g021130.1,0.35587,1.1821,0.301049,9.71742e-07
19191,Solyc01g017480.1,transposed,TE-like,Solyc11g021310.1,0.120573,0.0985303,1.22371,0.575987
19192,Solyc01g017530.1,transposed,TE-like,Solyc07g021280.1,0.165321,0.323354,0.511269,0.0127717
19193,Solyc01g017567.1,transposed,Unmethylated,Solyc02g082460.3,0.121428,0.444593,0.273123,0.000848522
19194,Solyc01g017600.3,transposed,Unclassified,Solyc01g006050.2,0.163912,2.2928,0.0714898,1.33841e-27
19195,Solyc01g017610.1,transposed,TE-like,Solyc06g071640.3,0.417813,4.01531,0.104055,1.75406e-43
19196,Solyc01g017790.2,transposed,TE-like,Solyc12g094730.2,0.289192,0.465694,0.620991,0.0677733
19197,Solyc01g018060.1,transposed,Unclassified,Solyc11g021130.1,0.0944212,0.111804,0.844526,0.971873
19198,Solyc01g018070.2,transposed,TE-like,Solyc12g094730.2,0.117991,0.369293,0.319506,0.000361284
19199,Solyc01g020100.2,transposed,TE-like,Solyc12g098730.2,0.704632,3.72684,0.189069,1.84214e-17
19200,Solyc01g020110.2,transposed,TE-like,Solyc09g083300.2,0.436025,0.560632,0.777738,0.493003
19201,Solyc01g020378.1,transposed,Unclassified,Solyc12g088840.1,0.425396,2.98968,0.142288,2.51301e-10
19202,Solyc01g020440.3,transposed,TE-like,Solyc02g085060.2,0.621958,2.1442,0.290065,2.18009e-15
19203,Solyc01g020570.2,transposed,TE-like,Solyc10g079300.2,0.212781,0.424266,0.501528,0.000295279
19204,Solyc01g028800.2,transposed,TE-like,Solyc03g123980.3,0.866223,4.50468,0.192294,1.65538e-45
19205,Solyc01g028810.3,transposed,gbM,Solyc11g069790.2,0.478664,4.57439,0.10464,2.43094e-58
19206,Solyc01g028830.3,transposed,gbM,Solyc10g074710.2,0.297657,4.1654,0.0714594,2.85966e-84
19207,Solyc01g028860.3,transposed,gbM,Solyc01g103540.3,0.623088,4.38872,0.141975,4.29508e-37
19208,Solyc01g028900.3,transposed,TE-like,Solyc06g072580.3,0.69637,4.12606,0.168773,1.61856e-27
19209,Solyc01g028910.2,transposed,TE-like,Solyc10g085990.2,0.198597,0.562025,0.353359,0.0362585
19210,Solyc01g028987.1,transposed,TE-like,Solyc01g094350.3,0.727026,3.90369,0.186241,2.15834e-13
19211,Solyc01g033990.1,transposed,TE-like,Solyc07g064420.3,0.300075,1.83247,0.163754,5.14273e-06
19212,Solyc01g034080.1,transposed,Unclassified,Solyc08g075710.3,0.470976,4.25598,0.110662,1.20414e-45
19213,Solyc01g044270.3,transposed,TE-like,Solyc03g019640.1,0.549127,4.61708,0.118934,1.73723e-51
19214,Solyc01g044420.3,transposed,gbM,Solyc10g078650.2,0.370357,4.39587,0.0842512,2.96371e-61
19215,Solyc01g044520.2,transposed,TE-like,Solyc11g072470.2,0.256911,3.30548,0.0777229,1.79026e-26
19216,Solyc01g044543.1,transposed,TE-like,Solyc12g006060.2,0.547357,1.19971,0.45624,0.0118548
19217,Solyc01g049650.3,transposed,Unclassified,Solyc09g008840.3,0.543915,4.38117,0.124148,6.57359e-43
19218,Solyc01g049775.1,transposed,TE-like,Solyc09g092480.1,0.396699,2.53364,0.156573,8.27932e-09
19219,Solyc01g049840.1,transposed,TE-like,Solyc11g010920.2,0.509052,3.59605,0.141559,5.90061e-15
19220,Solyc01g050040.3,transposed,Unclassified,Solyc04g009170.2,0.652624,3.93276,0.165945,1.59444e-24
19221,Solyc01g055200.1,transposed,TE-like,Solyc04g005640.3,0.733087,3.57163,0.205253,1.8191e-23
19222,Solyc01g056200.1,transposed,TE-like,Solyc07g066170.3,0.326274,0.436519,0.747446,0.459893
19223,Solyc01g056310.3,transposed,Unclassified,Solyc04g082140.3,0.376926,4.40753,0.0855188,5.62353e-88
19224,Solyc01g056530.2,transposed,TE-like,Solyc03g033460.3,0.184638,2.08622,0.0885036,2.6882e-28
19225,Solyc01g056570.3,transposed,TE-like,Solyc12g099740.2,1.06139,4.7016,0.225751,3.37394e-31
19226,Solyc01g056580.3,transposed,Unclassified,Solyc02g085350.3,0.735388,4.07573,0.180431,1.93141e-23
19227,Solyc01g056620.3,transposed,TE-like,Solyc01g009190.2,0.367952,2.93619,0.125316,0
19228,Solyc01g056625.1,transposed,TE-like,Solyc05g056100.3,0.625795,3.82644,0.163545,1.35602e-30
19229,Solyc01g056650.1,transposed,Unclassified,Solyc02g088000.3,0.163604,0.183651,0.890841,0.840527
19230,Solyc01g056790.3,transposed,TE-like,Solyc08g066690.3,0.807759,3.46901,0.23285,4.90124e-13
19231,Solyc01g056795.1,transposed,Unclassified,Solyc08g078450.3,0.461561,2.34717,0.196646,5.44874e-08
19232,Solyc01g056850.3,transposed,TE-like,Solyc01g079650.3,0.187645,4.45991,0.0420738,1.35716e-137
19233,Solyc01g056910.1,transposed,TE-like,Solyc02g091410.3,0.273502,1.13684,0.240581,1.637e-05
19234,Solyc01g056930.1,transposed,TE-like,Solyc11g021240.2,0.0633475,0.131867,0.48039,0.308416
19235,Solyc01g056940.3,transposed,TE-like,Solyc10g006480.2,0.273753,3.31275,0.0826362,6.14633e-39
19236,Solyc01g057000.3,transposed,Unmethylated,Solyc04g076200.3,0.530981,3.50892,0.151323,9.89286e-17
19237,Solyc01g057080.1,transposed,Unclassified,Solyc12g009240.1,0.472376,3.18724,0.148209,1.99604e-13
19238,Solyc01g057200.3,transposed,gbM,Solyc12g098990.2,0.16646,1.33388,0.124794,8.90027e-40
19239,Solyc01g057210.3,transposed,TE-like,Solyc12g098930.2,0.124545,1.527,0.0815618,1.37432e-58
19240,Solyc01g057220.3,transposed,Unclassified,Solyc01g066360.3,0.539054,4.39381,0.122685,8.29302e-55
19241,Solyc01g057270.3,transposed,TE-like,Solyc05g015650.3,0.772887,4.39909,0.175692,6.50831e-37
19242,Solyc01g057275.1,transposed,Unclassified,Solyc05g015650.3,0.507816,3.98489,0.127435,9.95975e-31
19243,Solyc01g057320.2,transposed,TE-like,Solyc11g071730.2,0.371842,4.3542,0.0853985,1.64638e-93
19244,Solyc01g057330.1,transposed,Unclassified,Solyc03g082620.3,0.0262663,0.0594805,0.441595,0.190133
19245,Solyc01g057650.1,transposed,TE-like,Solyc01g067780.1,0.222638,0.584324,0.381018,0.00372963
19246,Solyc01g057660.1,transposed,TE-like,Solyc01g067780.1,0.24898,0.275361,0.904197,0.848033
19247,Solyc01g057670.1,transposed,TE-like,Solyc01g067780.1,0.251643,0.384036,0.655259,0.18023
19248,Solyc01g057680.3,transposed,TE-like,Solyc12g099980.2,0.2193,0.540059,0.406067,0.0158401
19249,Solyc01g057700.1,transposed,TE-like,Solyc06g065380.3,0.17926,0.197671,0.90686,0.753259
19250,Solyc01g057705.1,transposed,TE-like,Solyc12g008340.2,0.353272,0.433915,0.81415,0.506556
19251,Solyc01g057750.1,transposed,TE-like,Solyc01g067780.1,0.219623,0.566383,0.387764,1.48354e-12
19252,Solyc01g057780.3,transposed,TE-like,Solyc01g099230.3,0.862671,4.40309,0.195924,3.45716e-48
19253,Solyc01g057960.2,transposed,Unclassified,Solyc02g024070.3,0.226811,0.841651,0.269484,0.000679483
19254,Solyc01g058020.3,transposed,Unclassified,Solyc01g100810.3,0.131738,3.48531,0.037798,2.48624e-40
19255,Solyc01g058040.1,transposed,Unclassified,Solyc05g053340.3,0.196444,3.11753,0.0630128,2.06038e-14
19256,Solyc01g058260.3,transposed,gbM,Solyc08g066200.3,0.642213,4.31754,0.148745,1.52238e-34
19257,Solyc01g058270.3,transposed,gbM,Solyc02g071120.3,0.188318,4.48092,0.0420266,5.38921e-102
19258,Solyc01g058380.1,transposed,TE-like,Solyc01g109540.3,0.128617,0.189871,0.677392,0.130883
19259,Solyc01g058450.3,transposed,TE-like,Solyc07g048030.3,0.827436,3.87406,0.213584,7.72268e-22
19260,Solyc01g058520.3,transposed,TE-like,Solyc04g080760.3,0.426679,3.93948,0.108308,1.41748e-41
19261,Solyc01g058670.3,transposed,Unmethylated,Solyc01g100660.3,0.428697,3.74429,0.114494,1.07242e-23
19262,Solyc01g059750.1,transposed,TE-like,Solyc02g066830.3,0.317493,0.562694,0.564238,0.0302601
19263,Solyc01g059840.2,transposed,Unclassified,Solyc02g090210.3,0.37665,3.97906,0.094658,6.20419e-76
19264,Solyc01g059853.1,transposed,TE-like,Solyc12g095910.2,0.545453,3.52222,0.15486,4.62561e-21
19265,Solyc01g059900.3,transposed,NA,Solyc10g055190.1,0.590651,3.42933,0.172235,3.84854e-23
19266,Solyc01g059930.3,transposed,Unclassified,Solyc09g011660.3,0.414989,1.83921,0.225635,1.21905e-11
19267,Solyc01g060200.2,transposed,gbM,Solyc03g121250.3,0.217218,0.330063,0.658109,0.0515283
19268,Solyc01g060210.3,transposed,TE-like,Solyc06g076200.1,0.122454,0.318103,0.384951,0.00331995
19269,Solyc01g060270.1,transposed,Unclassified,Solyc10g080550.2,0.388181,4.194,0.0925562,1.13125e-74
19270,Solyc01g060380.1,transposed,TE-like,Solyc02g078210.3,0.521786,3.36678,0.154981,2.72464e-14
19271,Solyc01g060400.1,transposed,TE-like,Solyc03g082920.3,0.134179,1.49289,0.0898788,1.79593e-16
19272,Solyc01g060490.3,transposed,Unmethylated,Solyc12g099370.2,0.322337,3.2584,0.0989249,4.06405e-18
19273,Solyc01g065500.3,transposed,Unclassified,Solyc03g113190.1,0.371845,4.91128,0.0757125,1.12483e-142
19274,Solyc01g065530.3,transposed,gbM,Solyc09g075540.1,0.306629,4.55134,0.0673712,8.26011e-83
19275,Solyc01g065560.3,transposed,gbM,Solyc09g075500.3,0.406448,4.20728,0.096606,3.52886e-46
19276,Solyc01g065570.2,transposed,Unclassified,Solyc01g066770.3,0.890065,3.57447,0.249006,2.44434e-26
19277,Solyc01g065650.1,transposed,TE-like,Solyc10g005730.3,0.346701,1.45862,0.237691,0.00015668
19278,Solyc01g065670.1,transposed,TE-like,Solyc10g005730.3,0.266202,0.710478,0.37468,0.00265085
19279,Solyc01g065720.3,transposed,TE-like,Solyc04g082000.3,0.727487,4.49002,0.162023,2.03179e-68
19280,Solyc01g065760.1,transposed,TE-like,NA,NA,NA,NA,NA
19281,Solyc01g065960.2,transposed,Unclassified,Solyc02g069965.1,0.440739,1.35569,0.325103,0.000258735
19282,Solyc01g065980.3,transposed,TE-like,Solyc03g123500.4,0.673386,3.76055,0.179066,9.02498e-30
19283,Solyc01g066000.1,transposed,TE-like,Solyc03g122300.2,0.263058,0.452876,0.58086,0.0283773
19284,Solyc01g066020.2,transposed,TE-like,Solyc01g008800.2,0.198268,0.498874,0.397432,3.41974e-17
19285,Solyc01g066060.3,transposed,Unclassified,Solyc12g014230.2,0.464274,3.8423,0.120832,2.74119e-27
19286,Solyc01g066430.3,transposed,Unmethylated,Solyc03g123680.1,0.607356,3.75923,0.161564,9.5865e-28
19287,Solyc01g066520.3,transposed,TE-like,Solyc11g007720.2,0.811435,4.31019,0.188259,9.6992e-22
19288,Solyc01g066560.3,transposed,TE-like,Solyc04g076950.3,0.492401,4.40119,0.111879,2.94409e-54
19289,Solyc01g066570.3,transposed,Unmethylated,Solyc04g072780.3,0.720379,3.27333,0.220075,8.93429e-15
19290,Solyc01g066590.3,transposed,Unmethylated,Solyc07g063610.3,0.568063,3.08872,0.183915,6.87041e-10
19291,Solyc01g066710.3,transposed,Unclassified,Solyc10g085920.2,0.26565,3.42227,0.0776241,3.36257e-25
19292,Solyc01g066795.1,transposed,Unclassified,Solyc11g005330.2,0.305418,1.94187,0.15728,1.79717e-10
19293,Solyc01g066880.3,transposed,Unclassified,Solyc01g080070.3,0.646114,3.8962,0.165832,1.87102e-19
19294,Solyc01g067020.3,transposed,Unclassified,Solyc03g118510.3,0.371902,4.38819,0.0847508,3.07082e-85
19295,Solyc01g067025.1,transposed,TE-like,Solyc03g121290.3,0.856827,4.23686,0.202232,2.49393e-19
19296,Solyc01g067103.1,transposed,TE-like,Solyc09g074680.3,0.110831,3.79132,0.0292329,1.25222e-63
19297,Solyc01g067120.3,transposed,Unclassified,Solyc09g074680.3,0.355987,2.34927,0.151531,1.72308e-19
19298,Solyc01g067380.3,transposed,TE-like,Solyc12g055730.2,0.732824,3.90867,0.187487,2.04212e-16
19299,Solyc01g067400.3,transposed,TE-like,Solyc09g007170.3,0.183935,4.12199,0.0446229,0
19300,Solyc01g067520.3,transposed,gbM,Solyc03g097050.3,0.218765,4.88083,0.0448213,0
19301,Solyc01g067550.3,transposed,gbM,Solyc09g074640.3,0.371037,1.75401,0.211536,5.23745e-34
19302,Solyc01g067640.3,transposed,gbM,Solyc03g097690.3,0.25142,4.34796,0.0578249,4.48177e-154
19303,Solyc01g067800.3,transposed,gbM,Solyc11g069350.2,0.643534,4.48756,0.143404,1.20912e-22
19304,Solyc01g067900.3,transposed,Unmethylated,Solyc01g099520.3,0.408976,3.35533,0.121888,5.37818e-13
19305,Solyc01g067930.3,transposed,TE-like,Solyc03g115740.2,0.275712,4.05793,0.067944,0
19306,Solyc01g068060.3,transposed,Unclassified,Solyc02g080590.3,0.53835,3.04394,0.17686,9.70514e-16
19307,Solyc01g068080.3,transposed,Unclassified,Solyc03g116910.3,0.66502,3.67575,0.180921,3.2053e-38
19308,Solyc01g068100.3,transposed,TE-like,Solyc05g012040.3,0.889828,4.10723,0.216649,4.96286e-39
19309,Solyc01g068120.3,transposed,gbM,Solyc01g066360.3,0.63677,2.65916,0.239463,4.29506e-25
19310,Solyc01g068130.3,transposed,gbM,Solyc02g072040.3,0.270705,4.21723,0.0641902,4.10911e-119
19311,Solyc01g068140.3,transposed,gbM,Solyc03g097500.3,0.688868,4.19077,0.164378,5.69697e-21
19312,Solyc01g068180.3,transposed,gbM,Solyc09g010450.1,1.01156,4.5805,0.220841,5.39064e-19
19313,Solyc01g068210.3,transposed,TE-like,Solyc03g094010.3,0.883395,4.20745,0.20996,1.66795e-19
19314,Solyc01g068270.3,transposed,gbM,Solyc04g006930.3,0.729787,4.44621,0.164137,2.95694e-49
19315,Solyc01g068280.3,transposed,TE-like,Solyc09g066500.3,0.696043,4.41851,0.157529,3.94935e-49
19316,Solyc01g068330.3,transposed,TE-like,Solyc06g074980.3,0.623605,4.60347,0.135464,1.66996e-91
19317,Solyc01g068360.3,transposed,gbM,Solyc02g068060.3,0.597551,4.65834,0.128276,6.34242e-52
19318,Solyc01g068370.3,transposed,Unclassified,Solyc02g089970.3,0.67532,3.90338,0.173009,1.07831e-61
19319,Solyc01g068410.3,transposed,TE-like,Solyc10g078370.2,0.451172,4.08381,0.110478,1.18806e-32
19320,Solyc01g068480.3,transposed,TE-like,Solyc08g077420.3,0.860286,4.78818,0.179669,3.71228e-97
19321,Solyc01g068490.3,transposed,gbM,Solyc01g096200.3,0.766769,4.77476,0.160588,6.28224e-53
19322,Solyc01g068500.3,transposed,gbM,Solyc02g088300.3,0.668149,4.67574,0.142897,5.71268e-39
19323,Solyc01g068530.3,transposed,Unmethylated,Solyc04g026100.1,0.0275579,1.67084,0.0164934,2.59698e-38
19324,Solyc01g068640.3,transposed,TE-like,Solyc04g054190.3,1.16184,4.42036,0.262838,6.73237e-11
19325,Solyc01g073680.3,transposed,Unmethylated,Solyc06g084190.3,0.591635,3.31338,0.17856,2.08314e-11
19326,Solyc01g073695.1,transposed,TE-like,Solyc03g082640.2,0.642788,4.31213,0.149065,7.25093e-43
19327,Solyc01g073740.3,transposed,TE-like,Solyc12g011000.2,0.920509,4.28076,0.215034,9.27425e-17
19328,Solyc01g073750.3,transposed,TE-like,Solyc02g078230.2,0.459862,5.00128,0.0919489,9.95368e-177
19329,Solyc01g073900.3,transposed,gbM,Solyc02g078320.2,0.705089,3.61122,0.19525,2.01454e-24
19330,Solyc01g073910.3,transposed,Unmethylated,Solyc06g060830.3,0.382788,3.92255,0.0975865,2.62256e-36
19331,Solyc01g079100.3,transposed,Unclassified,Solyc04g082650.3,0.749618,4.40322,0.170243,5.94603e-30
19332,Solyc01g079110.3,transposed,Unmethylated,Solyc02g077480.1,0.00985089,3.45985,0.0028472,1.15383e-58
19333,Solyc01g079240.3,transposed,gbM,Solyc08g008310.3,0.432801,4.54725,0.0951787,2.75492e-69
19334,Solyc01g079250.3,transposed,TE-like,Solyc03g115390.3,0.397764,4.52525,0.0878989,1.22254e-137
19335,Solyc01g079290.1,transposed,gbM,Solyc10g007000.3,0.549606,3.70347,0.148403,1.25158e-41
19336,Solyc01g079300.3,transposed,gbM,Solyc03g112500.3,0.462201,4.63482,0.0997235,1.03498e-78
19337,Solyc01g079390.3,transposed,TE-like,Solyc03g044380.3,0.351489,4.27409,0.0822372,0
19338,Solyc01g079430.2,transposed,Unclassified,Solyc04g074280.1,0.826082,1.86498,0.442945,1.02605e-08
19339,Solyc01g079510.3,transposed,TE-like,Solyc01g060040.3,0.548378,4.79578,0.114346,2.12681e-76
19340,Solyc01g079520.3,transposed,TE-like,Solyc03g025890.2,0.856415,4.83181,0.177245,6.5739e-61
19341,Solyc01g079530.3,transposed,TE-like,Solyc05g008390.3,0.611074,3.604,0.169555,5.38909e-36
19342,Solyc01g079560.3,transposed,Unclassified,Solyc01g108930.3,0.758929,1.33366,0.569056,0.194516
19343,Solyc01g079690.3,transposed,TE-like,Solyc01g094800.3,0.596543,4.76158,0.125283,2.05531e-111
19344,Solyc01g079750.3,transposed,TE-like,Solyc06g036080.3,0.637206,4.3803,0.145471,2.03226e-56
19345,Solyc01g079810.3,transposed,TE-like,Solyc06g073860.2,0.627465,4.1676,0.150558,2.36393e-18
19346,Solyc01g079870.3,transposed,gbM,Solyc06g072040.1,0.314233,3.73001,0.0842445,1.21686e-48
19347,Solyc01g079890.3,transposed,Unmethylated,Solyc03g005980.3,0.571088,3.88088,0.147154,1.85414e-18
19348,Solyc01g080030.2,transposed,gbM,Solyc12g096760.2,0.135955,1.78561,0.076139,2.45759e-40
19349,Solyc01g080310.3,transposed,TE-like,Solyc09g010450.1,0.84352,4.41558,0.191032,2.55653e-33
19350,Solyc01g080330.3,transposed,Unclassified,Solyc06g084130.3,0.396779,3.89342,0.10191,1.42758e-38
19351,Solyc01g080350.3,transposed,TE-like,Solyc11g012400.2,0.51205,4.00765,0.127768,1.21686e-53
19352,Solyc01g080363.1,transposed,TE-like,Solyc06g062510.3,0.219565,0.62723,0.350055,0.00277164
19353,Solyc01g080540.3,transposed,Unmethylated,Solyc03g116720.2,0.500078,3.4904,0.143272,6.10141e-22
19354,Solyc01g080600.3,transposed,Unmethylated,Solyc02g077480.1,0.00622795,3.3323,0.00186897,4.09142e-65
19355,Solyc01g080660.3,transposed,TE-like,Solyc01g105140.3,0.73237,3.31338,0.221034,4.808e-19
19356,Solyc01g080670.3,transposed,TE-like,Solyc01g090730.3,0.697083,3.86189,0.180503,8.5926e-17
19357,Solyc01g080680.3,transposed,TE-like,Solyc04g080460.3,0.495223,2.7653,0.179084,8.35841e-35
19358,Solyc01g080750.3,transposed,Unclassified,Solyc02g086940.3,0.456997,3.95938,0.115422,4.77846e-39
19359,Solyc01g080770.3,transposed,gbM,Solyc01g103530.3,0.318411,4.84919,0.0656627,7.15382e-173
19360,Solyc01g080780.2,transposed,TE-like,Solyc09g074940.2,0.28323,4.67664,0.0605629,9.75327e-114
19361,Solyc01g080820.1,transposed,Unclassified,Solyc03g114360.3,0.53211,1.91463,0.277917,1.07501e-08
19362,Solyc01g080850.3,transposed,TE-like,Solyc09g092680.3,0.928633,4.59268,0.202199,9.79469e-29
19363,Solyc01g081000.3,transposed,Unclassified,Solyc12g005190.2,0.556795,3.95546,0.140766,1.90918e-41
19364,Solyc01g081030.3,transposed,TE-like,Solyc11g010240.2,0.456132,4.49867,0.101393,1.44131e-68
19365,Solyc01g081040.3,transposed,Unclassified,Solyc04g074790.2,0.603144,3.70624,0.162738,1.02847e-32
19366,Solyc01g081050.4,transposed,TE-like,Solyc12g042460.2,1.06253,4.36501,0.24342,8.6552e-24
19367,Solyc01g081060.3,transposed,TE-like,Solyc01g005120.3,0.334659,3.89297,0.0859649,2.92404e-42
19368,Solyc01g081070.3,transposed,TE-like,Solyc05g053830.3,0.266529,4.65576,0.0572472,7.98254e-149
19369,Solyc01g081080.2,transposed,gbM,Solyc02g085060.2,0.860944,4.37092,0.196971,4.99726e-30
19370,Solyc01g081140.1,transposed,gbM,Solyc10g086137.1,0.713194,4.4239,0.161214,1.1264e-28
19371,Solyc01g081160.3,transposed,Unclassified,Solyc09g075060.3,0.404581,3.09853,0.130572,2.31825e-12
19372,Solyc01g081173.1,transposed,Unclassified,Solyc09g075060.3,0.119129,0.210577,0.565728,0.0196307
19373,Solyc01g081180.1,transposed,Unclassified,Solyc09g075060.3,0.0763793,0.436856,0.174839,5.19189e-06
19374,Solyc01g081290.3,transposed,TE-like,Solyc09g065710.1,0.628149,4.69707,0.133732,2.36322e-58
19375,Solyc01g081297.1,transposed,TE-like,Solyc06g065380.3,0.557587,4.06534,0.137156,2.69418e-56
19376,Solyc01g081320.3,transposed,TE-like,Solyc01g089870.3,0.747871,4.33955,0.172339,9.25937e-34
19377,Solyc01g081330.3,transposed,TE-like,Solyc01g105340.3,0.756301,4.1476,0.182347,9.68192e-30
19378,Solyc01g081350.1,transposed,TE-like,Solyc08g005830.1,0.5364,4.12872,0.129919,5.23221e-43
19379,Solyc01g081370.3,transposed,Unclassified,Solyc08g005830.1,0.436067,4.13934,0.105347,2.74075e-51
19380,Solyc01g081440.3,transposed,gbM,Solyc04g077140.3,0.498371,4.33068,0.115079,3.98275e-36
19381,Solyc01g081490.3,transposed,TE-like,Solyc09g008040.3,0.749171,4.44175,0.168666,1.65461e-44
19382,Solyc01g081520.3,transposed,TE-like,Solyc11g011960.2,0.419726,2.24873,0.18665,3.44927e-35
19383,Solyc01g081530.2,transposed,TE-like,Solyc05g051980.3,0.489478,3.7531,0.13042,5.28583e-31
19384,Solyc01g081540.3,transposed,TE-like,Solyc09g064200.3,0.312714,4.90659,0.0637336,2.31718e-217
19385,Solyc01g081545.1,transposed,gbM,Solyc07g041150.3,0.23371,3.69669,0.0632213,6.74121e-57
19386,Solyc01g081560.2,transposed,gbM,Solyc02g079260.2,0.715392,4.79402,0.149226,1.16974e-80
19387,Solyc01g081570.3,transposed,Unclassified,Solyc03g112620.4,0.321408,3.93471,0.0816854,1.94897e-78
19388,Solyc01g081610.3,transposed,Unclassified,Solyc11g008810.2,0.745122,4.37672,0.170247,8.62064e-34
19389,Solyc01g081630.3,transposed,TE-like,Solyc04g010330.3,0.8339,3.83033,0.21771,2.70799e-12
19390,Solyc01g081640.3,transposed,gbM,Solyc12g049500.2,0.661201,4.28416,0.154336,1.97324e-41
19391,Solyc01g086680.3,transposed,Unclassified,Solyc10g084960.2,0.373232,1.64857,0.226398,1.0591e-14
19392,Solyc01g086740.3,transposed,TE-like,Solyc01g105340.3,0.661748,4.18593,0.158089,5.0565e-42
19393,Solyc01g086820.3,transposed,Unmethylated,Solyc10g008910.1,0.00657014,3.46818,0.0018944,5.70074e-64
19394,Solyc01g086880.2,transposed,TE-like,Solyc11g021220.1,0.210917,0.41454,0.508797,0.0912523
19395,Solyc01g087007.1,transposed,Unclassified,Solyc09g010450.1,0.777333,3.60906,0.215384,2.00216e-09
19396,Solyc01g087210.3,transposed,TE-like,Solyc07g005840.2,0.192931,4.86656,0.0396443,6.60411e-247
19397,Solyc01g087450.3,transposed,gbM,Solyc04g015580.3,0.376096,4.73202,0.079479,1.48686e-87
19398,Solyc01g087460.2,transposed,TE-like,Solyc01g105280.3,0.429584,3.96258,0.10841,1.13797e-37
19399,Solyc01g087550.3,transposed,TE-like,Solyc03g082600.3,0.676121,2.8552,0.236803,3.17405e-13
19400,Solyc01g087590.3,transposed,Unclassified,Solyc12g006370.3,0.832584,4.21547,0.197507,4.39752e-29
19401,Solyc01g087690.2,transposed,gbM,Solyc09g008040.3,0.736313,4.16388,0.176833,1.4271e-33
19402,Solyc01g087750.3,transposed,TE-like,Solyc06g050620.3,0.732453,4.33155,0.169097,3.25789e-30
19403,Solyc01g087990.3,transposed,gbM,Solyc01g106170.3,0.295311,2.85663,0.103377,7.24686e-22
19404,Solyc01g088005.1,transposed,TE-like,Solyc01g109290.3,0.566833,3.14915,0.179996,3.28143e-13
19405,Solyc01g088080.3,transposed,TE-like,Solyc01g090750.3,0.791294,4.42982,0.178629,1.82682e-24
19406,Solyc01g088090.3,transposed,gbM,Solyc02g062610.3,0.878034,4.07556,0.215439,1.0159e-17
19407,Solyc01g088100.3,transposed,Unclassified,Solyc11g065320.2,0.398164,4.48387,0.0887991,4.7214e-84
19408,Solyc01g088160.3,transposed,TE-like,Solyc10g079870.2,0.289458,3.82728,0.0756303,6.7807e-47
19409,Solyc01g088250.3,transposed,TE-like,Solyc04g016480.3,0.58586,2.88763,0.202886,1.5473e-22
19410,Solyc01g088310.3,transposed,Unclassified,Solyc03g115980.1,0.266559,4.32602,0.0616176,1.40316e-81
19411,Solyc01g088380.2,transposed,TE-like,Solyc08g007110.3,0.918377,4.75213,0.193256,3.59162e-42
19412,Solyc01g088500.3,transposed,Unclassified,Solyc03g112790.3,0.811468,3.89516,0.208327,9.20211e-21
19413,Solyc01g088560.3,transposed,TE-like,Solyc02g081380.3,0.625373,2.57529,0.242836,6.41226e-11
19414,Solyc01g088630.2,transposed,Unclassified,Solyc02g087040.1,0.699001,3.93778,0.177511,7.73018e-43
19415,Solyc01g088640.3,transposed,gbM,Solyc08g075080.3,0.728736,4.2532,0.171338,5.99433e-45
19416,Solyc01g088750.3,transposed,TE-like,Solyc09g007320.3,0.892149,3.18944,0.27972,1.57596e-17
19417,Solyc01g088820.2,transposed,Unmethylated,Solyc08g007170.1,0.375825,3.8795,0.0968746,2.04531e-42
19418,Solyc01g089840.2,transposed,Unclassified,Solyc01g106390.3,0.284394,1.54922,0.183572,9.77106e-12
19419,Solyc01g089910.3,transposed,gbM,Solyc06g065850.2,0.192649,4.28997,0.0449068,3.59929e-120
19420,Solyc01g089950.3,transposed,Unclassified,Solyc09g009920.1,0.284481,1.05556,0.269508,3.44444e-10
19421,Solyc01g089960.3,transposed,Unclassified,Solyc04g051540.3,0.529007,3.40366,0.155423,0
19422,Solyc01g089970.3,transposed,Unclassified,Solyc03g110960.3,0.304687,3.40774,0.0894103,5.07217e-28
19423,Solyc01g090120.3,transposed,Unmethylated,Solyc12g005710.2,0.56062,3.61878,0.154919,3.75481e-32
19424,Solyc01g090130.2,transposed,NA,Solyc01g091050.3,0.41109,3.29988,0.124577,2.7443e-14
19425,Solyc01g090210.3,transposed,TE-like,Solyc03g112330.3,0.604815,1.92846,0.313626,9.91701e-10
19426,Solyc01g090430.3,transposed,TE-like,Solyc05g009630.3,0.255029,1.5227,0.167484,9.05836e-89
19427,Solyc01g090510.2,transposed,TE-like,Solyc02g079260.2,0.715681,4.58449,0.156109,8.92671e-41
19428,Solyc01g090645.1,transposed,TE-like,Solyc01g067390.3,0.518067,4.05667,0.127708,4.33647e-53
19429,Solyc01g090680.3,transposed,Unclassified,Solyc03g093340.3,0.645159,3.64016,0.177233,1.11234e-13
19430,Solyc01g090700.3,transposed,gbM,Solyc01g080930.3,0.525579,3.6444,0.144216,3.14832e-23
19431,Solyc01g090870.1,transposed,TE-like,Solyc06g082450.1,0.201971,1.34238,0.150457,3.57167e-13
19432,Solyc01g090890.3,transposed,Unclassified,Solyc12g009480.2,0.323627,2.65318,0.121977,5.72616e-28
19433,Solyc01g090970.3,transposed,NA,Solyc08g005960.2,0.345092,3.1203,0.110596,9.97692e-22
19434,Solyc01g091000.3,transposed,Unmethylated,Solyc07g007320.2,0.480826,3.70606,0.12974,0
19435,Solyc01g091040.3,transposed,Unclassified,Solyc11g011000.2,0.504392,3.76562,0.133947,4.84014e-32
19436,Solyc01g091120.3,transposed,gbM,Solyc07g062310.3,0.540049,4.20255,0.128505,2.68715e-38
19437,Solyc01g091180.3,transposed,gbM,Solyc01g080870.3,0.350365,4.50292,0.0778083,3.32873e-79
19438,Solyc01g091300.3,transposed,gbM,Solyc08g079520.3,0.200889,4.34239,0.0462624,1.62042e-116
19439,Solyc01g091450.3,transposed,TE-like,Solyc04g009730.3,0.827835,3.97587,0.208214,1.78885e-12
19440,Solyc01g091530.3,transposed,Unmethylated,Solyc10g005960.1,0.495057,4.10781,0.120516,1.10161e-28
19441,Solyc01g091540.2,transposed,gbM,Solyc09g009200.2,0.856402,3.70469,0.231167,1.29898e-10
19442,Solyc01g091610.1,transposed,gbM,Solyc02g079260.2,0.580928,4.60728,0.126089,1.25825e-74
19443,Solyc01g091620.3,transposed,gbM,Solyc01g101000.3,0.148968,4.17287,0.0356991,3.15453e-133
19444,Solyc01g091630.3,transposed,Unclassified,Solyc10g005330.3,0.304104,4.5815,0.0663765,1.4528e-144
19445,Solyc01g091660.3,transposed,Unclassified,Solyc10g083170.2,0.479372,2.87676,0.166636,2.77054e-22
19446,Solyc01g091690.3,transposed,gbM,Solyc06g035790.3,0.239655,4.58057,0.0523199,4.43636e-106
19447,Solyc01g091715.1,transposed,gbM,Solyc11g007590.2,0.558025,3.86847,0.14425,1.33885e-51
19448,Solyc01g091770.3,transposed,gbM,Solyc11g007530.2,0.527652,3.63416,0.145192,6.96734e-22
19449,Solyc01g091810.1,transposed,gbM,Solyc01g065540.3,0.823192,4.30269,0.191321,2.42689e-31
19450,Solyc01g091940.3,transposed,Unclassified,Solyc07g064490.3,0.434357,4.12226,0.105369,8.04549e-61
19451,Solyc01g091950.3,transposed,TE-like,Solyc04g080020.3,0.862457,4.156,0.207521,6.26665e-14
19452,Solyc01g093960.3,transposed,TE-like,Solyc05g015750.3,0.389663,3.75503,0.103771,1.90471e-25
19453,Solyc01g093980.3,transposed,TE-like,Solyc03g006880.3,0.243679,4.04117,0.0602991,1.72968e-68
19454,Solyc01g094010.3,transposed,TE-like,Solyc01g091410.3,0.500706,3.95006,0.126759,1.25182e-48
19455,Solyc01g094020.3,transposed,Unclassified,Solyc03g117550.1,0.543801,4.42588,0.122869,1.18465e-74
19456,Solyc01g094070.3,transposed,Unclassified,Solyc02g085020.3,0.530542,4.03978,0.131329,5.43924e-31
19457,Solyc01g094090.3,transposed,gbM,Solyc01g080930.3,0.110726,0.338448,0.327159,4.9904e-10
19458,Solyc01g094610.3,transposed,gbM,Solyc10g086660.2,0.37805,4.24466,0.0890648,1.01991e-53
19459,Solyc01g094835.1,transposed,TE-like,Solyc07g053220.2,0.544335,4.6194,0.117837,1.65952e-104
19460,Solyc01g094940.3,transposed,gbM,Solyc12g088750.2,0.261606,4.32389,0.0605025,5.98353e-103
19461,Solyc01g094990.2,transposed,TE-like,Solyc08g081420.3,0.342623,4.20953,0.0813921,2.00532e-100
19462,Solyc01g095040.3,transposed,Unclassified,Solyc08g080030.3,0.909298,4.00685,0.226936,2.18983e-11
19463,Solyc01g095110.3,transposed,Unclassified,Solyc09g010450.1,0.815536,4.53451,0.179851,8.61531e-40
19464,Solyc01g095170.2,transposed,TE-like,Solyc10g074730.3,0.78204,2.29623,0.340576,4.99535e-08
19465,Solyc01g095190.2,transposed,Unclassified,Solyc01g099330.3,0.39221,4.12659,0.0950446,1.41048e-54
19466,Solyc01g095280.3,transposed,TE-like,Solyc03g083030.3,0.661737,3.96406,0.166934,3.18654e-36
19467,Solyc01g095370.3,transposed,gbM,Solyc02g089310.1,0.767314,4.08745,0.187724,2.89247e-23
19468,Solyc01g095480.3,transposed,gbM,Solyc08g066700.3,0.866124,3.69197,0.234596,2.40965e-16
19469,Solyc01g095650.3,transposed,gbM,Solyc05g051515.1,0.392628,3.39623,0.115607,2.00471e-30
19470,Solyc01g095690.2,transposed,gbM,Solyc02g079260.2,0.703874,4.74137,0.148454,1.5374e-77
19471,Solyc01g095720.3,transposed,gbM,Solyc01g079600.3,0.472205,4.48548,0.105274,1.20222e-98
19472,Solyc01g095760.3,transposed,TE-like,Solyc11g007370.2,0.381078,4.20216,0.0906863,1.34316e-59
19473,Solyc01g095800.3,transposed,Unclassified,Solyc03g093310.3,0.342223,4.25495,0.0804295,2.23684e-94
19474,Solyc01g096210.3,transposed,TE-like,Solyc09g010450.1,0.816211,4.38697,0.186054,2.04137e-28
19475,Solyc01g096220.3,transposed,Unclassified,Solyc10g079030.2,0.306565,3.75739,0.0815899,3.82145e-31
19476,Solyc01g096300.3,transposed,gbM,Solyc04g014680.3,0.545306,3.98818,0.13673,4.40593e-22
19477,Solyc01g096360.3,transposed,Unclassified,Solyc09g074340.3,0.401575,4.16277,0.0964682,3.85423e-56
19478,Solyc01g096390.3,transposed,TE-like,Solyc02g083350.3,0.982507,4.6387,0.211806,5.46356e-24
19479,Solyc01g096410.3,transposed,gbM,Solyc10g078460.2,0.244862,4.53635,0.0539778,9.56001e-155
19480,Solyc01g096450.3,transposed,Unmethylated,Solyc04g076190.1,0.374792,4.23122,0.0885778,3.11287e-56
19481,Solyc01g096460.2,transposed,Unclassified,Solyc04g007640.3,0.758689,4.02367,0.188557,3.72149e-21
19482,Solyc01g096470.3,transposed,Unclassified,Solyc03g122030.1,0.782835,3.95953,0.197709,8.51898e-18
19483,Solyc01g096490.3,transposed,TE-like,Solyc01g005030.3,0.883247,4.91014,0.179882,1.31326e-51
19484,Solyc01g096500.3,transposed,TE-like,Solyc02g079030.3,0.824921,4.2667,0.193339,2.08282e-29
19485,Solyc01g096520.3,transposed,TE-like,Solyc10g054910.1,0.328362,3.54327,0.0926718,6.67034e-46
19486,Solyc01g096540.3,transposed,TE-like,Solyc08g066600.3,0.730674,4.66472,0.156638,2.11808e-39
19487,Solyc01g096550.3,transposed,TE-like,Solyc04g008860.3,0.681104,4.10001,0.166123,1.94595e-36
19488,Solyc01g096650.3,transposed,Unmethylated,Solyc01g095830.3,0.581752,3.52577,0.165,8.0094e-18
19489,Solyc01g096680.3,transposed,gbM,Solyc07g064970.3,0.421215,4.42575,0.0951737,1.08776e-67
19490,Solyc01g096690.2,transposed,TE-like,Solyc12g044840.2,0.706201,4.40366,0.160367,5.74396e-50
19491,Solyc01g096750.1,transposed,gbM,Solyc01g008960.3,0.188614,4.79777,0.0393127,1.51768e-196
19492,Solyc01g096790.3,transposed,Unclassified,Solyc01g108930.3,0.628408,3.19652,0.196591,1.35638e-10
19493,Solyc01g096810.3,transposed,gbM,Solyc06g073720.2,0.302007,4.76445,0.0633875,9.63562e-71
19494,Solyc01g096820.3,transposed,TE-like,Solyc01g008740.2,0.669606,4.10204,0.163237,2.56421e-47
19495,Solyc01g096830.3,transposed,TE-like,Solyc01g096190.3,0.942534,4.82372,0.195396,2.5774e-32
19496,Solyc01g096840.3,transposed,TE-like,Solyc07g005860.3,0.868386,4.44901,0.195186,7.00486e-28
19497,Solyc01g096860.2,transposed,TE-like,Solyc03g117720.3,0.486682,3.73038,0.130464,2.9303e-25
19498,Solyc01g096865.1,transposed,TE-like,Solyc03g117720.3,0.425634,3.00569,0.14161,1.89748e-17
19499,Solyc01g096870.3,transposed,TE-like,Solyc06g068320.3,0.581809,4.35948,0.133458,4.82622e-43
19500,Solyc01g096880.3,transposed,Unclassified,Solyc08g078950.3,0.362536,4.46407,0.081212,1.82011e-84
19501,Solyc01g096930.3,transposed,TE-like,Solyc10g074940.2,0.314694,5.00349,0.0628949,9.89235e-208
19502,Solyc01g096940.3,transposed,gbM,Solyc02g068060.3,0.600804,4.61903,0.130071,9.00817e-74
19503,Solyc01g097000.3,transposed,TE-like,Solyc06g073740.3,0.186536,4.50265,0.041428,4.90018e-121
19504,Solyc01g097010.3,transposed,TE-like,Solyc06g084000.3,0.244901,4.06036,0.0603151,2.27676e-55
19505,Solyc01g097040.3,transposed,gbM,Solyc09g066140.3,0.614902,4.66267,0.131877,1.35127e-67
19506,Solyc01g097155.1,transposed,TE-like,Solyc08g075710.3,0.281388,3.33146,0.0844637,5.05154e-26
19507,Solyc01g097180.2,transposed,TE-like,Solyc06g073450.3,0.532855,3.20401,0.166309,0
19508,Solyc01g097250.3,transposed,TE-like,Solyc02g062800.2,0.462427,3.22547,0.143367,4.55526e-26
19509,Solyc01g097400.1,transposed,gbM,Solyc02g064680.3,0.316119,3.95099,0.0800101,5.05114e-50
19510,Solyc01g097420.1,transposed,Unclassified,Solyc04g016260.3,0.763964,3.6739,0.207944,6.22427e-14
19511,Solyc01g097430.3,transposed,TE-like,Solyc05g054890.3,0.559749,4.48612,0.124773,3.37818e-47
19512,Solyc01g097490.1,transposed,Unclassified,Solyc09g082560.3,0.675314,3.78721,0.178314,7.57172e-24
19513,Solyc01g097650.3,transposed,gbM,Solyc09g091200.3,0.454365,4.24086,0.10714,2.05631e-38
19514,Solyc01g097670.3,transposed,Unclassified,Solyc02g079260.2,0.616311,4.60744,0.133764,5.37061e-79
19515,Solyc01g097730.3,transposed,TE-like,Solyc01g006850.1,0.89767,3.76689,0.238305,2.58257e-33
19516,Solyc01g097770.3,transposed,TE-like,Solyc01g090240.3,0.698504,4.46198,0.156546,4.76147e-50
19517,Solyc01g097840.3,transposed,gbM,Solyc03g112140.3,0.460496,4.42711,0.104017,8.15409e-117
19518,Solyc01g097870.3,transposed,Unclassified,Solyc09g065330.3,0.00642924,1.85259,0.00347041,1.022e-46
19519,Solyc01g097960.3,transposed,gbM,Solyc09g082100.3,0.401186,2.37524,0.168903,6.84962e-14
19520,Solyc01g097980.3,transposed,TE-like,Solyc09g009090.3,0.522701,4.64015,0.112647,1.72022e-91
19521,Solyc01g098080.3,transposed,gbM,Solyc11g010920.2,0.683959,4.47001,0.153011,2.50395e-67
19522,Solyc01g098110.3,transposed,TE-like,Solyc02g094430.3,0.365187,4.00368,0.0912129,4.22241e-56
19523,Solyc01g098140.3,transposed,TE-like,Solyc01g091410.3,0.446334,3.80037,0.117445,0
19524,Solyc01g098150.3,transposed,TE-like,Solyc09g065710.1,0.616479,4.57078,0.134874,1.00472e-65
19525,Solyc01g098160.3,transposed,TE-like,Solyc03g097690.3,0.270975,4.34662,0.0623416,2.27986e-119
19526,Solyc01g098190.3,transposed,gbM,Solyc01g067710.3,0.142006,4.50888,0.0314948,1.08033e-127
19527,Solyc01g098200.3,transposed,TE-like,NA,NA,NA,NA,NA
19528,Solyc01g098220.2,transposed,Unclassified,Solyc06g083930.2,0.516455,3.43445,0.150375,2.70966e-34
19529,Solyc01g098240.2,transposed,gbM,Solyc09g076050.3,0.783615,4.26795,0.183605,1.23442e-19
19530,Solyc01g098390.3,transposed,gbM,Solyc06g008870.2,0.165073,2.08864,0.0790334,2.63399e-61
19531,Solyc01g098400.3,transposed,Unmethylated,Solyc08g066350.2,0.447238,3.21118,0.139275,1.62937e-18
19532,Solyc01g098430.3,transposed,TE-like,Solyc07g064060.3,0.61614,4.73034,0.130253,1.65752e-84
19533,Solyc01g098440.2,transposed,Unclassified,Solyc09g074250.3,0.370537,4.20867,0.0880415,1.20795e-48
19534,Solyc01g098570.2,transposed,Unmethylated,Solyc06g074270.1,0.721214,3.64643,0.197786,4.42064e-19
19535,Solyc01g098710.3,transposed,TE-like,Solyc11g066620.2,0.762802,4.25948,0.179083,9.33729e-39
19536,Solyc01g098720.3,transposed,Unclassified,Solyc04g074810.3,0.396427,3.89991,0.10165,3.58443e-57
19537,Solyc01g098725.1,transposed,Unmethylated,Solyc04g074820.2,0.52553,4.05449,0.129617,3.74551e-32
19538,Solyc01g098800.3,transposed,Unclassified,Solyc07g042000.3,0.755994,4.43995,0.170271,8.51393e-33
19539,Solyc01g098900.3,transposed,TE-like,Solyc05g052930.3,0.64612,3.89883,0.165721,2.15413e-21
19540,Solyc01g098910.3,transposed,Unclassified,Solyc01g079760.3,0.210338,3.69701,0.0568943,9.20949e-42
19541,Solyc01g098930.3,transposed,Unmethylated,Solyc09g065200.3,0.384672,3.881,0.0991166,3.76785e-23
19542,Solyc01g098940.3,transposed,Unclassified,Solyc09g075330.3,0.418822,4.43366,0.0944642,3.21801e-70
19543,Solyc01g098950.2,transposed,TE-like,Solyc06g071920.3,0.0547846,0.0412816,1.3271,0.548751
19544,Solyc01g098980.3,transposed,TE-like,Solyc06g036080.3,0.633651,4.36514,0.145162,2.89536e-52
19545,Solyc01g098985.1,transposed,TE-like,Solyc11g010920.2,0.584792,4.6817,0.12491,3.39914e-90
19546,Solyc01g099000.1,transposed,Unclassified,Solyc02g079260.2,0.614755,4.46962,0.137541,1.90024e-60
19547,Solyc01g099100.3,transposed,TE-like,Solyc08g082280.3,0.625231,4.58131,0.136474,2.93773e-66
19548,Solyc01g099110.3,transposed,TE-like,Solyc02g062970.3,0.493249,4.40019,0.112097,2.82227e-90
19549,Solyc01g099140.3,transposed,gbM,Solyc09g075850.3,0.256526,4.24703,0.0604013,9.91195e-68
19550,Solyc01g099300.3,transposed,TE-like,Solyc03g097520.3,0.609094,4.53466,0.13432,1.55461e-69
19551,Solyc01g099420.2,transposed,TE-like,Solyc02g082760.3,0.162053,0.253942,0.638152,0.166482
19552,Solyc01g099560.3,transposed,Unclassified,Solyc01g094237.1,0.265652,3.4434,0.0771483,1.5951e-36
19553,Solyc01g099600.3,transposed,Unclassified,Solyc01g098760.3,0.804156,4.19779,0.191567,2.99724e-27
19554,Solyc01g099620.3,transposed,gbM,Solyc03g117980.3,0.224999,4.7368,0.0475002,2.95806e-175
19555,Solyc01g099630.3,transposed,TE-like,Solyc12g098610.2,0.335971,3.74569,0.0896953,2.68851e-38
19556,Solyc01g099650.3,transposed,gbM,Solyc02g092470.3,0.612631,4.71551,0.129918,6.11837e-59
19557,Solyc01g099660.3,transposed,gbM,Solyc03g082920.3,0.155309,4.58301,0.033888,1.7397e-166
19558,Solyc01g099760.3,transposed,gbM,Solyc03g123730.3,0.500572,4.12278,0.121416,3.60974e-78
19559,Solyc01g099860.3,transposed,gbM,Solyc06g076430.3,0.185006,3.91128,0.0473006,1.7664e-109
19560,Solyc01g099940.3,transposed,Unclassified,Solyc01g066360.3,0.40668,4.17599,0.0973853,1.40681e-60
19561,Solyc01g099960.3,transposed,Unclassified,Solyc03g083360.3,0.542188,4.43277,0.122314,3.05492e-51
19562,Solyc01g099970.3,transposed,gbM,Solyc10g076290.2,0.590344,4.48263,0.131696,1.40463e-84
19563,Solyc01g099980.3,transposed,gbM,Solyc02g091650.3,0.891679,4.45023,0.200367,6.92432e-32
19564,Solyc01g100020.3,transposed,TE-like,Solyc02g061850.3,0.833285,4.59508,0.181343,1.86921e-70
19565,Solyc01g100050.3,transposed,TE-like,Solyc07g008040.3,0.256405,4.96424,0.0516505,2.39868e-230
19566,Solyc01g100140.3,transposed,Unclassified,Solyc01g065550.3,0.563906,2.31775,0.243299,1.75846e-10
19567,Solyc01g100200.3,transposed,Unclassified,Solyc09g010920.1,0.435345,4.53429,0.0960117,3.21694e-66
19568,Solyc01g100290.3,transposed,TE-like,Solyc01g060415.1,0.596029,3.30285,0.180459,4.90333e-31
19569,Solyc01g100360.3,transposed,TE-like,Solyc05g053300.3,0.739061,4.37403,0.168966,1.46879e-23
19570,Solyc01g100370.3,transposed,Unclassified,Solyc01g066810.3,0.594945,2.03513,0.292337,6.52943e-06
19571,Solyc01g100380.3,transposed,Unclassified,Solyc06g068700.3,0.524618,3.98181,0.131754,8.0247e-69
19572,Solyc01g100390.3,transposed,gbM,Solyc06g068240.3,0.0954321,4.68395,0.0203743,1.29535e-224
19573,Solyc01g100430.3,transposed,TE-like,Solyc01g091800.3,0.777337,3.883,0.20019,3.33667e-17
19574,Solyc01g100450.1,transposed,TE-like,Solyc09g010450.1,0.71721,4.34394,0.165106,2.10678e-31
19575,Solyc01g100600.3,transposed,gbM,Solyc03g114965.1,0.72961,4.29161,0.170009,1.83623e-60
19576,Solyc01g100610.3,transposed,TE-like,Solyc10g076280.2,0.926175,3.82506,0.242133,3.8836e-13
19577,Solyc01g100620.2,transposed,Unclassified,Solyc12g094440.2,0.884208,3.80802,0.232196,3.54299e-18
19578,Solyc01g100640.3,transposed,TE-like,Solyc02g082760.3,0.345369,0.592769,0.582637,0.010734
19579,Solyc01g101070.3,transposed,TE-like,Solyc03g120980.3,0.357954,5.13961,0.0696462,9.60663e-281
19580,Solyc01g101090.3,transposed,gbM,Solyc07g049580.3,0.811217,4.98833,0.162623,9.08654e-13
19581,Solyc01g102265.1,transposed,Unclassified,Solyc12g009120.2,0.558698,2.99188,0.186738,5.67798e-07
19582,Solyc01g102290.3,transposed,NA,Solyc04g049960.3,0.324515,2.69699,0.120325,5.41708e-11
19583,Solyc01g102330.3,transposed,Unmethylated,Solyc12g057020.2,0.241751,1.9543,0.123702,1.67994e-24
19584,Solyc01g102500.3,transposed,Unclassified,Solyc02g085000.3,0.558393,4.12416,0.135396,5.02415e-44
19585,Solyc01g102520.3,transposed,Unclassified,Solyc08g015870.3,0.378342,4.33425,0.0872912,1.6284e-52
19586,Solyc01g102530.3,transposed,gbM,Solyc08g079670.3,0.534944,3.07014,0.174241,3.26981e-14
19587,Solyc01g102580.3,transposed,gbM,Solyc11g008820.2,0.278215,4.45915,0.0623918,2.86539e-145
19588,Solyc01g102870.2,transposed,gbM,Solyc04g008430.1,0.52309,4.54699,0.115041,2.8885e-101
19589,Solyc01g103050.3,transposed,gbM,Solyc01g096070.3,0.340835,4.50843,0.0755994,4.32526e-126
19590,Solyc01g103080.3,transposed,TE-like,Solyc05g047520.3,0.47278,4.81739,0.0981402,2.49954e-125
19591,Solyc01g103100.3,transposed,Unclassified,Solyc06g071910.3,0.935244,2.2756,0.410988,5.26367e-07
19592,Solyc01g103130.2,transposed,gbM,Solyc08g077360.3,0.815,4.44728,0.183258,1.46075e-43
19593,Solyc01g103140.3,transposed,TE-like,Solyc07g007690.3,0.278041,4.71589,0.0589583,1.07091e-158
19594,Solyc01g103160.3,transposed,TE-like,Solyc03g083280.3,0.628912,4.50228,0.139687,6.70366e-62
19595,Solyc01g103170.3,transposed,TE-like,Solyc02g078820.3,0.423677,4.06226,0.104296,7.11753e-69
19596,Solyc01g103450.3,transposed,gbM,Solyc03g082920.3,0.502164,4.57548,0.109751,3.17511e-53
19597,Solyc01g103457.1,transposed,Unmethylated,Solyc07g006760.3,0.686415,3.8709,0.177327,3.82121e-29
19598,Solyc01g103460.2,transposed,Unmethylated,Solyc08g078620.1,0.607839,3.68529,0.164936,1.9829e-13
19599,Solyc01g103580.3,transposed,Unclassified,Solyc02g077640.1,0.385085,3.77438,0.102026,1.34443e-39
19600,Solyc01g103760.3,transposed,TE-like,Solyc12g098450.2,0.207107,4.12035,0.0502646,5.39255e-65
19601,Solyc01g103780.3,transposed,Unmethylated,Solyc06g070900.3,0.585967,4.03292,0.145296,1.60889e-37
19602,Solyc01g103900.2,transposed,Unclassified,Solyc04g082000.3,0.1882,3.47783,0.0541141,1.01317e-44
19603,Solyc01g103910.1,transposed,gbM,Solyc04g082000.3,0.298794,4.52009,0.0661036,8.55981e-145
19604,Solyc01g103920.3,transposed,Unmethylated,Solyc05g055280.2,0.442452,3.35507,0.131876,3.82823e-21
19605,Solyc01g103930.3,transposed,TE-like,Solyc04g014570.3,0.53183,4.46964,0.118987,1.0069e-69
19606,Solyc01g103940.3,transposed,gbM,Solyc08g077780.3,0.183773,4.09282,0.0449012,8.27942e-83
19607,Solyc01g103960.3,transposed,TE-like,Solyc01g100280.3,0.667781,4.49755,0.148476,1.44065e-62
19608,Solyc01g104000.3,transposed,Unclassified,Solyc05g053810.3,0.250067,4.28301,0.0583859,1.482e-100
19609,Solyc01g104030.3,transposed,Unclassified,Solyc02g070530.3,0.460239,4.51452,0.101946,6.70072e-77
19610,Solyc01g104140.3,transposed,TE-like,Solyc10g078460.2,0.511085,4.53304,0.112747,4.60813e-78
19611,Solyc01g104170.3,transposed,gbM,Solyc05g012590.3,0.823713,3.71188,0.221913,2.33003e-12
19612,Solyc01g104185.1,transposed,TE-like,Solyc11g067170.2,0.340884,1.52819,0.223064,4.53126e-12
19613,Solyc01g104200.3,transposed,Unclassified,Solyc11g067180.2,0.230677,1.8983,0.121518,1.29677e-29
19614,Solyc01g104240.3,transposed,TE-like,Solyc10g078160.2,0.65809,4.28607,0.153542,6.99599e-39
19615,Solyc01g104250.3,transposed,gbM,Solyc02g085745.1,0.941323,4.03866,0.233078,7.33315e-20
19616,Solyc01g104260.3,transposed,TE-like,Solyc03g098590.3,0.714662,3.82524,0.186828,2.46281e-35
19617,Solyc01g104290.2,transposed,gbM,Solyc02g083760.3,0.502255,3.84361,0.130672,1.48902e-35
19618,Solyc01g104300.3,transposed,TE-like,Solyc03g119400.3,0.754375,4.62894,0.162969,3.4805e-35
19619,Solyc01g104410.3,transposed,TE-like,Solyc06g007980.3,0.867935,4.18351,0.207466,1.74888e-21
19620,Solyc01g104417.1,transposed,TE-like,Solyc08g007190.3,0.675834,3.33201,0.202831,4.50609e-14
19621,Solyc01g104500.2,transposed,TE-like,Solyc06g067970.2,0.546182,3.69549,0.147797,8.08243e-30
19622,Solyc01g104530.3,transposed,TE-like,Solyc08g081210.3,0.719188,4.44533,0.161785,8.50511e-50
19623,Solyc01g104550.3,transposed,TE-like,Solyc03g113120.3,0.608015,4.08417,0.148871,1.25759e-60
19624,Solyc01g104640.3,transposed,TE-like,Solyc03g124010.3,0.65943,4.64015,0.142114,4.35695e-86
19625,Solyc01g104650.3,transposed,Unclassified,Solyc04g071510.3,0.411977,3.85574,0.106848,1.15507e-29
19626,Solyc01g104660.3,transposed,gbM,Solyc04g071480.1,0.337339,4.13083,0.0816638,1.39835e-59
19627,Solyc01g104670.3,transposed,gbM,Solyc04g071440.3,0.123237,3.14395,0.0391981,7.00653e-95
19628,Solyc01g104730.2,transposed,Unmethylated,Solyc02g078960.3,0.201384,0.487852,0.412797,0.0170855
19629,Solyc01g104740.3,transposed,Unmethylated,Solyc07g062400.3,0.457483,3.41854,0.133824,3.49429e-13
19630,Solyc01g104770.3,transposed,TE-like,Solyc09g008830.3,0.667981,3.68996,0.181027,1.58327e-16
19631,Solyc01g104775.1,transposed,gbM,Solyc04g011500.3,0.0200926,4.0367,0.00497748,2.3e-191
19632,Solyc01g104840.3,transposed,TE-like,Solyc01g109660.2,0.344564,3.43119,0.100421,4.57273e-22
19633,Solyc01g104850.3,transposed,TE-like,Solyc04g064760.3,0.183782,4.19702,0.0437888,1.16334e-127
19634,Solyc01g104860.3,transposed,TE-like,Solyc04g064690.3,0.347705,3.87771,0.0896676,4.66845e-45
19635,Solyc01g104900.3,transposed,TE-like,Solyc07g063420.3,0.532073,3.50797,0.151675,7.05853e-19
19636,Solyc01g104910.3,transposed,gbM,Solyc08g008180.2,0.587322,4.45296,0.131895,3.98488e-42
19637,Solyc01g104970.3,transposed,TE-like,Solyc04g072570.3,0.0873222,4.51349,0.0193469,9.62485e-170
19638,Solyc01g105150.3,transposed,TE-like,Solyc04g025990.3,0.349924,4.79877,0.0729196,6.68214e-118
19639,Solyc01g105230.3,transposed,TE-like,Solyc05g015650.3,0.591796,4.7416,0.124809,1.17485e-100
19640,Solyc01g105240.3,transposed,TE-like,Solyc08g076910.3,0.703679,3.89367,0.180724,2.85665e-46
19641,Solyc01g105360.3,transposed,Unclassified,Solyc12g057060.2,0.255198,4.24118,0.0601715,2.63419e-88
19642,Solyc01g105545.1,transposed,Unclassified,Solyc11g010290.2,0.376805,2.78321,0.135385,1.64074e-13
19643,Solyc01g105630.3,transposed,Unclassified,Solyc10g081170.2,0.216544,3.40006,0.0636882,5.27015e-44
19644,Solyc01g105670.3,transposed,gbM,Solyc10g081740.2,0.7255,4.26895,0.169948,1.59849e-20
19645,Solyc01g106055.1,transposed,Unclassified,Solyc01g010660.3,0.794231,3.95324,0.200906,2.64984e-19
19646,Solyc01g106060.3,transposed,Unclassified,NA,NA,NA,NA,NA
19647,Solyc01g106150.1,transposed,Unclassified,Solyc04g077920.3,0.570468,2.33462,0.244352,1.27776e-20
19648,Solyc01g106160.2,transposed,Unclassified,Solyc07g065610.1,0.566268,4.41884,0.128149,6.20448e-89
19649,Solyc01g106177.1,transposed,TE-like,Solyc04g076700.3,0.365446,3.3093,0.11043,4.39548e-21
19650,Solyc01g106180.2,transposed,TE-like,Solyc07g054560.1,0.0569037,0.0608826,0.934647,0.83154
19651,Solyc01g106190.3,transposed,TE-like,Solyc03g098180.3,0.703882,3.94641,0.17836,5.44705e-22
19652,Solyc01g106280.3,transposed,Unmethylated,Solyc02g091660.3,0.535306,2.1494,0.249049,1.38065e-29
19653,Solyc01g106370.3,transposed,Unclassified,Solyc10g080550.2,0.681112,4.07835,0.167007,2.33014e-25
19654,Solyc01g106580.2,transposed,gbM,Solyc02g092000.3,0.179695,2.40959,0.0745748,9.04263e-47
19655,Solyc01g106590.3,transposed,gbM,Solyc01g079400.3,0.719169,3.91086,0.18389,1.38103e-16
19656,Solyc01g106650.3,transposed,TE-like,Solyc05g046290.3,0.458116,3.76397,0.121711,4.92818e-37
19657,Solyc01g106805.1,transposed,TE-like,Solyc04g077050.3,0.240084,3.65806,0.0656315,6.37337e-41
19658,Solyc01g106820.3,transposed,gbM,Solyc10g081470.2,0.868018,4.35952,0.199109,2.70255e-19
19659,Solyc01g106870.3,transposed,TE-like,Solyc07g041940.3,0.745756,3.91668,0.190405,1.01094e-27
19660,Solyc01g106900.3,transposed,TE-like,Solyc09g065920.3,0.410016,4.12377,0.0994274,4.94463e-58
19661,Solyc01g107040.3,transposed,gbM,Solyc05g005590.3,0.67046,4.0598,0.165146,4.31787e-33
19662,Solyc01g107130.3,transposed,TE-like,Solyc10g074980.2,0.24103,4.47658,0.0538425,7.94562e-103
19663,Solyc01g107160.3,transposed,TE-like,Solyc05g012710.3,0.615989,3.95349,0.155809,2.89347e-18
19664,Solyc01g107210.3,transposed,TE-like,Solyc03g117820.1,0.536693,4.07944,0.13156,3.423e-41
19665,Solyc01g107250.3,transposed,Unclassified,Solyc04g072570.3,0.283156,3.54875,0.0797903,0
19666,Solyc01g107380.3,transposed,gbM,Solyc04g082310.3,0.868703,4.00781,0.216752,4.8218e-15
19667,Solyc01g107490.2,transposed,Unmethylated,Solyc02g079760.3,0.54832,3.68808,0.148673,3.26722e-37
19668,Solyc01g107620.3,transposed,TE-like,Solyc06g049060.3,0.566841,2.21119,0.256351,6.43415e-12
19669,Solyc01g107670.2,transposed,Unmethylated,Solyc02g031790.2,0.738563,4.11274,0.179579,2.1525e-43
19670,Solyc01g107690.3,transposed,TE-like,Solyc01g102990.3,0.184329,0.279066,0.660522,0.203835
19671,Solyc01g107870.3,transposed,TE-like,Solyc10g085750.2,0.461148,4.47309,0.103094,1.89342e-85
19672,Solyc01g107900.3,transposed,Unclassified,Solyc01g095930.3,0.738237,4.23426,0.174349,7.72205e-26
19673,Solyc01g107920.2,transposed,Unclassified,Solyc07g007360.2,0.864021,4.15697,0.207849,1.6052e-21
19674,Solyc01g107980.3,transposed,Unclassified,Solyc04g008100.2,0.779329,4.27368,0.182356,1.34537e-23
19675,Solyc01g108000.3,transposed,gbM,Solyc02g089290.3,0.570428,4.05793,0.140571,2.03054e-76
19676,Solyc01g108020.3,transposed,Unclassified,Solyc07g063190.3,0.662025,1.68858,0.392059,2.45771e-06
19677,Solyc01g108035.1,transposed,TE-like,Solyc01g106050.3,0.190344,0.586071,0.32478,2.9278e-06
19678,Solyc01g108040.1,transposed,Unclassified,Solyc01g106050.3,0.228455,0.880969,0.259322,3.42787e-06
19679,Solyc01g108043.1,transposed,TE-like,Solyc01g107320.3,0.527136,3.1131,0.169328,3.83277e-09
19680,Solyc01g108070.3,transposed,gbM,Solyc07g062610.3,0.471748,3.63711,0.129704,1.30726e-35
19681,Solyc01g108150.3,transposed,TE-like,Solyc12g096760.2,0.827409,1.88889,0.438041,3.73946e-08
19682,Solyc01g108170.3,transposed,Unclassified,Solyc02g065020.2,0.423552,3.18406,0.133023,1.28982e-15
19683,Solyc01g108190.3,transposed,Unclassified,Solyc02g063350.1,0.543162,1.79062,0.303338,1.36517e-06
19684,Solyc01g108210.3,transposed,gbM,Solyc08g005610.3,0.363816,4.26453,0.0853119,3.25137e-91
19685,Solyc01g108230.3,transposed,TE-like,Solyc05g010280.3,0.513577,4.0111,0.128039,2.58448e-29
19686,Solyc01g108240.3,transposed,Unclassified,Solyc12g056590.2,0.628064,3.81877,0.164468,3.45777e-15
19687,Solyc01g108270.3,transposed,Unclassified,Solyc03g121230.3,0.793838,4.29671,0.184755,1.0783e-33
19688,Solyc01g108290.3,transposed,TE-like,Solyc08g005590.3,0.567774,3.2177,0.176453,4.88924e-24
19689,Solyc01g108620.3,transposed,gbM,Solyc04g079140.3,0.379437,4.15215,0.0913833,1.10729e-53
19690,Solyc01g108670.3,transposed,TE-like,Solyc11g071730.2,0.595547,4.95164,0.120273,2.42698e-100
19691,Solyc01g109010.3,transposed,TE-like,Solyc01g108920.3,0.129155,0.569796,0.22667,0.00164333
19692,Solyc01g109050.2,transposed,gbM,Solyc02g092360.3,0.21369,2.26819,0.0942113,5.44759e-61
19693,Solyc01g109390.3,transposed,Unclassified,Solyc07g065110.1,0.726227,5.28076,0.137523,1.36852e-05
19694,Solyc01g109700.3,transposed,Unclassified,Solyc02g062690.3,0.469646,3.845,0.122145,2.05935e-32
19695,Solyc01g109720.3,transposed,TE-like,Solyc04g074220.3,0.695316,3.84587,0.180795,5.22479e-33
19696,Solyc01g109760.2,transposed,Unmethylated,Solyc09g008370.1,0.233499,4.03653,0.0578464,4.68048e-58
19697,Solyc01g109770.3,transposed,TE-like,Solyc02g093010.3,0.292369,3.75521,0.0778568,3.66482e-36
19698,Solyc01g109790.3,transposed,gbM,Solyc01g079790.3,0.254838,4.36235,0.0584176,1.57275e-90
19699,Solyc01g109890.3,transposed,gbM,Solyc04g009770.3,0.784947,2.57134,0.305267,2.1474e-10
19700,Solyc01g109930.3,transposed,gbM,Solyc11g012410.2,0.902687,3.79298,0.237989,6.47722e-09
19701,Solyc01g109960.3,transposed,TE-like,Solyc01g079840.3,0.737402,4.16798,0.176921,9.17271e-24
19702,Solyc01g109990.3,transposed,TE-like,Solyc09g007850.3,0.757244,3.11892,0.242791,2.2592e-16
19703,Solyc01g110010.3,transposed,gbM,Solyc02g079260.2,0.676109,4.66472,0.144941,1.13796e-81
19704,Solyc01g110020.3,transposed,Unclassified,Solyc07g049210.3,0.198016,3.37747,0.0586284,0
19705,Solyc01g110030.3,transposed,gbM,Solyc06g052070.3,0.820282,4.02196,0.203951,3.87179e-34
19706,Solyc01g110120.3,transposed,TE-like,Solyc11g072530.2,0.271891,4.74632,0.0572845,8.49175e-167
19707,Solyc01g110130.3,transposed,Unclassified,Solyc01g079507.1,0.669273,4.55568,0.14691,4.52166e-45
19708,Solyc01g110330.2,transposed,Unmethylated,Solyc01g007160.3,0.170626,0.497664,0.342854,1.41345e-08
19709,Solyc01g110340.3,transposed,TE-like,Solyc11g040340.2,0.366249,4.25709,0.0860326,8.22717e-87
19710,Solyc01g110630.3,transposed,Unclassified,Solyc01g110780.1,0.105644,1.00016,0.105626,1.19771e-09
19711,Solyc01g110647.1,transposed,Unclassified,Solyc01g110780.1,0.213854,1.33202,0.160548,1.00391e-07
19712,Solyc01g110990.2,transposed,TE-like,Solyc03g115390.3,0.467641,4.69516,0.0996006,5.62049e-125
19713,Solyc01g111030.2,transposed,TE-like,Solyc03g097160.3,0.816386,4.19751,0.194493,4.28878e-16
19714,Solyc01g111050.3,transposed,TE-like,Solyc02g065770.3,0.466268,4.17732,0.111619,1.42576e-68
19715,Solyc01g111070.3,transposed,Unclassified,Solyc01g090600.3,0.253115,4.18025,0.06055,8.38238e-66
19716,Solyc01g111100.4,transposed,gbM,Solyc01g100810.3,0.433942,4.3683,0.099339,4.00467e-94
19717,Solyc01g111360.3,transposed,gbM,Solyc06g076970.3,0.369247,3.80531,0.0970347,4.35043e-28
19718,Solyc01g111380.3,transposed,Unmethylated,Solyc09g010440.3,0.284443,3.32095,0.085651,2.44258e-19
19719,Solyc01g111400.3,transposed,Unmethylated,Solyc02g092670.1,0.41204,4.722,0.0872596,2.47183e-87
19720,Solyc01g111470.3,transposed,TE-like,Solyc09g010450.1,0.741414,4.53032,0.163656,8.69973e-30
19721,Solyc01g111520.3,transposed,TE-like,Solyc09g007860.3,0.359152,4.4185,0.0812837,6.92404e-69
19722,Solyc01g111570.3,transposed,Unclassified,Solyc04g006930.3,0.730754,4.37439,0.167053,2.62552e-62
19723,Solyc01g111630.3,transposed,gbM,Solyc03g120670.3,0.823089,4.04771,0.203347,2.52622e-13
19724,Solyc01g111680.3,transposed,TE-like,Solyc02g078210.3,0.564687,4.75636,0.118723,1.34231e-73
19725,Solyc01g111765.1,transposed,TE-like,Solyc02g078180.3,0.583088,4.16985,0.139834,6.43799e-51
19726,Solyc01g111780.3,transposed,TE-like,Solyc03g082940.3,0.956663,4.63765,0.206282,1.50942e-34
19727,Solyc01g111790.2,transposed,gbM,Solyc02g067980.3,0.524423,4.22959,0.123989,2.81841e-58
19728,Solyc01g111800.3,transposed,Unmethylated,Solyc08g005540.2,0.243163,1.92237,0.126491,6.68276e-62
19729,Solyc01g111860.3,transposed,TE-like,Solyc11g072540.2,0.381983,4.24185,0.0900511,9.60508e-84
19730,Solyc01g111870.2,transposed,TE-like,Solyc01g109080.3,1.03389,5.38992,0.191818,1.09208e-91
19731,Solyc01g111890.3,transposed,TE-like,Solyc12g009560.2,0.941322,4.40721,0.213587,6.5287e-36
19732,Solyc01g111950.3,transposed,gbM,Solyc04g006930.3,0.795699,4.40955,0.180449,6.0849e-40
19733,Solyc01g112200.3,transposed,gbM,Solyc02g079260.2,0.746535,4.659,0.160235,6.95087e-31
19734,Solyc01g112210.3,transposed,TE-like,Solyc01g093970.4,0.342186,4.45335,0.0768379,3.23715e-154
19735,Solyc01g112300.3,transposed,TE-like,Solyc10g005690.3,0.50603,4.03027,0.125557,4.8164e-33
19736,Solyc01g112310.3,transposed,TE-like,Solyc07g066210.3,0.677932,4.35004,0.155845,2.41615e-28
19737,Solyc01g112330.1,transposed,TE-like,Solyc04g082825.1,0.184024,2.96285,0.0621105,3.03697e-15
19738,Solyc02g005000.1,transposed,TE-like,Solyc08g005080.1,0.330848,1.0824,0.305662,2.52827e-05
19739,Solyc02g005290.3,transposed,TE-like,Solyc01g091340.3,0.764659,2.63291,0.290423,5.65723e-15
19740,Solyc02g005340.3,transposed,Unclassified,Solyc03g031920.3,0.290902,4.55527,0.0638605,4.43382e-97
19741,Solyc02g005350.3,transposed,TE-like,Solyc12g099260.2,0.698986,4.02168,0.173804,6.79412e-16
19742,Solyc02g005370.1,transposed,TE-like,Solyc07g065950.3,0.120276,0.100917,1.19183,0.717258
19743,Solyc02g005480.3,transposed,TE-like,Solyc03g026150.3,0.690229,3.66748,0.188203,6.72328e-12
19744,Solyc02g005600.1,transposed,TE-like,Solyc08g005080.1,0.220797,0.603714,0.365731,1.64782e-10
19745,Solyc02g011700.1,transposed,TE-like,Solyc07g017780.3,0.156263,0.237693,0.657417,0.30054
19746,Solyc02g011720.1,transposed,TE-like,Solyc11g021190.1,0.189271,0.489468,0.386687,0.0130236
19747,Solyc02g014020.2,transposed,TE-like,Solyc12g089090.2,0.347937,1.95602,0.17788,2.65204e-08
19748,Solyc02g014050.2,transposed,Unclassified,Solyc01g112220.3,0.584196,1.37141,0.425982,0.00178702
19749,Solyc02g014130.2,transposed,TE-like,Solyc09g064840.3,0.71304,4.97475,0.143332,4.79469e-106
19750,Solyc02g014140.1,transposed,TE-like,Solyc08g080930.1,0.536038,4.16903,0.128576,1.74709e-69
19751,Solyc02g014300.2,transposed,Unclassified,Solyc03g123620.4,0.438485,4.47278,0.0980342,8.49521e-68
19752,Solyc02g014310.3,transposed,gbM,Solyc09g008620.2,0.813534,4.03781,0.201479,2.00331e-20
19753,Solyc02g014320.1,transposed,TE-like,Solyc01g088690.3,0.336262,0.994252,0.338206,1.35952e-05
19754,Solyc02g014350.3,transposed,TE-like,Solyc03g110900.3,0.740921,4.63479,0.159861,5.36101e-66
19755,Solyc02g014355.1,transposed,gbM,Solyc06g071980.3,0.335084,3.52628,0.0950246,0
19756,Solyc02g014430.3,transposed,Unclassified,Solyc02g079310.2,0.202356,2.47137,0.0818801,6.04544e-65
19757,Solyc02g014450.2,transposed,TE-like,Solyc07g008840.3,0.126444,2.81884,0.0448568,1.72583e-34
19758,Solyc02g014455.1,transposed,gbM,Solyc07g008840.3,0.18766,1.02817,0.182518,4.62012e-42
19759,Solyc02g014670.2,transposed,TE-like,Solyc01g105290.3,0.744784,4.14626,0.179628,9.21481e-23
19760,Solyc02g014730.3,transposed,gbM,Solyc08g081220.1,0.50898,4.38449,0.116086,7.06313e-81
19761,Solyc02g014770.3,transposed,TE-like,Solyc01g067390.3,0.625849,4.39564,0.142379,1.1917e-78
19762,Solyc02g014780.1,transposed,TE-like,Solyc02g011930.1,0.102371,0.223513,0.45801,0.19948
19763,Solyc02g014830.3,transposed,Unclassified,Solyc02g088820.3,0.456668,4.28778,0.106505,3.29488e-53
19764,Solyc02g014870.3,transposed,Unclassified,Solyc04g009230.3,0.0169087,0.884925,0.0191075,6.10149e-29
19765,Solyc02g020890.3,transposed,Unclassified,Solyc03g112680.2,0.704913,1.67203,0.421592,2.83903e-16
19766,Solyc02g020910.3,transposed,TE-like,Solyc07g063590.3,0.350322,4.94907,0.0707854,1.47327e-164
19767,Solyc02g020940.3,transposed,Unclassified,Solyc04g082630.3,0.220009,4.22583,0.0520628,2.76234e-87
19768,Solyc02g020980.3,transposed,TE-like,Solyc04g053120.3,0.961798,4.3593,0.220632,1.62342e-22
19769,Solyc02g021140.3,transposed,gbM,Solyc03g095180.3,0.443872,3.76343,0.117943,1.06852e-31
19770,Solyc02g021210.1,transposed,TE-like,Solyc07g052970.3,0.236566,0.440236,0.537361,0.0867612
19771,Solyc02g021220.1,transposed,Unclassified,Solyc02g092670.1,0.441292,4.68611,0.0941701,1.40456e-89
19772,Solyc02g021240.3,transposed,TE-like,Solyc06g076750.3,0.276229,4.46915,0.0618081,5.05e-89
19773,Solyc02g021330.1,transposed,TE-like,Solyc03g110850.1,0.218802,0.512016,0.427335,0.00504784
19774,Solyc02g021340.3,transposed,Unclassified,Solyc04g082540.2,0.328366,3.81751,0.0860156,1.53975e-35
19775,Solyc02g021350.3,transposed,TE-like,Solyc03g116170.3,0.267596,2.32573,0.115059,2.06368e-15
19776,Solyc02g021410.3,transposed,Unclassified,Solyc08g081810.3,0.623816,4.7422,0.131546,2.62641e-54
19777,Solyc02g021420.3,transposed,TE-like,Solyc04g015830.3,0.419568,4.78332,0.0877148,4.85975e-112
19778,Solyc02g021430.1,transposed,Unmethylated,Solyc01g007750.3,0.582533,3.98369,0.146229,7.67075e-23
19779,Solyc02g021550.3,transposed,TE-like,Solyc09g090580.3,0.37029,3.65156,0.101406,3.1866e-24
19780,Solyc02g021590.3,transposed,gbM,Solyc02g076660.3,0.182436,0.891804,0.20457,1.69478e-36
19781,Solyc02g021640.3,transposed,TE-like,Solyc10g086137.1,0.31979,4.45141,0.07184,7.11141e-102
19782,Solyc02g021650.3,transposed,TE-like,Solyc03g007100.3,0.89165,4.84688,0.183964,1.26091e-79
19783,Solyc02g021670.2,transposed,Unclassified,Solyc03g032150.3,0.262882,2.95398,0.0889927,0
19784,Solyc02g021680.3,transposed,Unclassified,Solyc01g095100.3,0.555593,3.89157,0.142768,2.49857e-34
19785,Solyc02g021780.2,transposed,TE-like,Solyc10g054050.2,0.106922,0.189516,0.564181,0.226795
19786,Solyc02g023970.3,transposed,TE-like,Solyc04g080900.3,0.768665,3.77101,0.203835,9.57474e-16
19787,Solyc02g023990.3,transposed,TE-like,Solyc06g071910.3,0.981465,2.07137,0.473824,2.40993e-05
19788,Solyc02g024000.3,transposed,TE-like,Solyc02g069940.3,0.260681,0.608372,0.42849,1.20691e-12
19789,Solyc02g024020.3,transposed,TE-like,Solyc02g063360.3,0.662329,3.86792,0.171237,3.1749e-19
19790,Solyc02g024050.3,transposed,gbM,Solyc02g083810.3,0.551136,4.0871,0.134848,1.32353e-26
19791,Solyc02g030130.3,transposed,TE-like,Solyc02g069630.3,0.144113,0.907888,0.158734,2.01828e-22
19792,Solyc02g030210.3,transposed,TE-like,Solyc03g117720.3,0.620065,3.97877,0.155844,1.86784e-36
19793,Solyc02g030230.3,transposed,gbM,Solyc12g006410.2,0.132783,4.19668,0.0316399,9.06468e-92
19794,Solyc02g030450.3,transposed,TE-like,Solyc03g121590.3,0.239674,4.68272,0.0511827,7.95573e-167
19795,Solyc02g030500.1,transposed,TE-like,Solyc10g079300.2,0.189425,0.224185,0.844949,0.598089
19796,Solyc02g030635.1,transposed,TE-like,Solyc02g066870.1,0.0403899,0.0927423,0.435507,0.0902487
19797,Solyc02g031960.3,transposed,NA,NA,NA,NA,NA,NA
19798,Solyc02g031970.1,transposed,Unclassified,Solyc02g092300.1,0.474981,3.58113,0.132634,6.53862e-23
19799,Solyc02g032060.1,transposed,TE-like,Solyc12g008500.2,0.016588,0.0384616,0.431289,0.142039
19800,Solyc02g032070.1,transposed,TE-like,Solyc04g079590.3,0.0364251,0.0532534,0.683997,0.550208
19801,Solyc02g032080.2,transposed,TE-like,Solyc04g079590.3,0.0191625,NA,NA,NA
19802,Solyc02g032090.1,transposed,Unmethylated,Solyc01g100980.3,0.0116449,0.0321937,0.361713,0.114092
19803,Solyc02g032190.1,transposed,TE-like,Solyc11g012750.2,0.33778,0.85603,0.394588,0.00234168
19804,Solyc02g032310.1,transposed,TE-like,Solyc07g065820.3,0.134607,0.534495,0.251839,1.18702e-09
19805,Solyc02g032320.1,transposed,TE-like,Solyc11g021190.1,0.0340873,0.0754047,0.452058,0.323753
19806,Solyc02g032330.3,transposed,TE-like,Solyc04g082750.3,0.75893,4.27712,0.17744,2.00323e-22
19807,Solyc02g032510.3,transposed,Unclassified,Solyc06g050860.3,0.828039,3.67218,0.22549,7.17539e-17
19808,Solyc02g032820.3,transposed,TE-like,Solyc07g064610.3,0.192977,4.13038,0.0467213,6.09504e-74
19809,Solyc02g032850.3,transposed,TE-like,Solyc06g071280.3,0.78861,4.36261,0.180766,2.83733e-22
19810,Solyc02g032970.3,transposed,TE-like,Solyc04g082250.3,0.774795,4.54761,0.170374,2.91644e-35
19811,Solyc02g033070.1,transposed,TE-like,Solyc11g008310.2,0.256595,0.76326,0.336183,1.48745e-08
19812,Solyc02g033075.1,transposed,TE-like,Solyc05g055567.1,0.374878,0.435413,0.86097,0.578008
19813,Solyc02g033085.1,transposed,TE-like,Solyc05g055567.1,0.0932379,0.121692,0.76618,0.332513
19814,Solyc02g036250.1,transposed,TE-like,Solyc06g062490.3,0.535746,3.33538,0.160625,5.75503e-17
19815,Solyc02g036320.1,transposed,TE-like,NA,NA,NA,NA,NA
19816,Solyc02g036330.3,transposed,TE-like,Solyc01g109940.3,0.798389,4.18038,0.190985,1.66937e-31
19817,Solyc02g036440.3,transposed,TE-like,Solyc08g023460.3,0.338689,3.9474,0.0858005,0
19818,Solyc02g037510.3,transposed,TE-like,Solyc10g081460.2,0.260049,2.60996,0.0996369,5.62768e-84
19819,Solyc02g038690.1,transposed,Unmethylated,Solyc06g075800.1,0.0561468,1.30779,0.0429324,1.02016e-24
19820,Solyc02g038720.2,transposed,Unclassified,Solyc01g067730.3,0.633574,2.03966,0.310628,7.62616e-06
19821,Solyc02g038770.1,transposed,Unclassified,Solyc11g011570.1,0.705399,2.84096,0.248297,1.59492e-05
19822,Solyc02g043880.1,transposed,TE-like,Solyc04g079300.3,0.440805,0.46706,0.943788,0.869058
19823,Solyc02g043960.1,transposed,TE-like,Solyc01g091870.3,0.133656,0.148491,0.900095,0.859948
19824,Solyc02g043963.1,transposed,TE-like,Solyc01g091870.3,0.201364,0.168279,1.19661,0.709086
19825,Solyc02g044020.2,transposed,TE-like,Solyc05g005590.3,0.00456459,0.055355,0.0824603,0.027979
19826,Solyc02g044050.1,transposed,TE-like,Solyc01g080640.3,0.368004,0.672061,0.547576,3.97041e-05
19827,Solyc02g050180.3,transposed,TE-like,Solyc03g119400.3,0.442288,1.56971,0.281765,1.51774e-09
19828,Solyc02g050183.1,transposed,TE-like,Solyc03g119400.3,0.572202,1.87686,0.304871,5.16642e-05
19829,Solyc02g050205.1,transposed,TE-like,Solyc05g011820.2,0.900919,4.05801,0.22201,1.35554e-29
19830,Solyc02g050240.3,transposed,TE-like,Solyc05g011820.2,0.529133,3.56233,0.148536,5.39161e-20
19831,Solyc02g050280.3,transposed,TE-like,Solyc11g066790.2,0.790955,4.61182,0.171506,1.25587e-61
19832,Solyc02g050287.1,transposed,TE-like,Solyc11g066790.2,0.437813,3.51835,0.124437,1.76234e-19
19833,Solyc02g055500.1,transposed,TE-like,Solyc02g071060.3,0.182317,0.840667,0.216871,0.000294267
19834,Solyc02g055530.3,transposed,TE-like,Solyc06g076930.2,0.0429335,0.192648,0.22286,0.00250767
19835,Solyc02g061745.1,transposed,gbM,Solyc01g112090.3,0.309555,2.11575,0.14631,9.8511e-35
19836,Solyc02g061760.3,transposed,TE-like,Solyc01g112090.3,0.368666,2.05013,0.179825,3.42127e-24
19837,Solyc02g061780.3,transposed,Unclassified,Solyc01g102740.3,0.52163,3.67817,0.141818,9.85906e-41
19838,Solyc02g061790.3,transposed,Unmethylated,Solyc08g082580.3,0.617634,3.32504,0.185753,3.30453e-07
19839,Solyc02g061820.3,transposed,Unclassified,Solyc01g106440.3,0.755694,3.75546,0.201225,1.54628e-25
19840,Solyc02g061930.2,transposed,TE-like,Solyc05g005260.2,0.684009,3.61267,0.189336,1.99508e-27
19841,Solyc02g062000.3,transposed,gbM,Solyc12g049590.2,0.719124,3.39001,0.21213,3.38162e-37
19842,Solyc02g062040.3,transposed,Unclassified,Solyc02g083400.3,0.093258,0.559488,0.166684,1.2756e-18
19843,Solyc02g062180.3,transposed,Unclassified,Solyc04g008240.3,0.910881,4.26415,0.213614,1.71829e-20
19844,Solyc02g062190.2,transposed,NA,Solyc06g071640.3,0.622587,4.20734,0.147976,4.46056e-35
19845,Solyc02g062270.3,transposed,TE-like,Solyc01g088800.3,0.685023,4.84178,0.141481,7.60089e-45
19846,Solyc02g062350.3,transposed,TE-like,Solyc03g114470.2,0.576497,3.83782,0.150215,6.54883e-20
19847,Solyc02g062410.2,transposed,NA,Solyc03g083390.3,0.304735,3.51957,0.0865831,1.40779e-49
19848,Solyc02g062520.3,transposed,TE-like,Solyc04g081920.3,0.753456,4.03551,0.186706,2.09257e-45
19849,Solyc02g062630.1,transposed,TE-like,Solyc02g079260.2,0.683415,4.42363,0.154492,6.82428e-53
19850,Solyc02g062655.1,transposed,Unclassified,Solyc02g085110.3,0.135874,0.794425,0.171034,3.69508e-08
19851,Solyc02g062710.1,transposed,Unclassified,Solyc12g096250.2,0.472491,4.23023,0.111694,1.08036e-45
19852,Solyc02g063010.3,transposed,gbM,Solyc04g079980.3,0.238588,4.01291,0.059455,1.88409e-62
19853,Solyc02g063060.3,transposed,gbM,Solyc02g090200.3,0.954624,4.17003,0.228925,9.94041e-36
19854,Solyc02g063125.1,transposed,Unmethylated,Solyc04g077020.3,0.152453,0.189284,0.805419,0.510634
19855,Solyc02g063230.1,transposed,Unmethylated,Solyc03g119320.1,0.551556,3.68369,0.149729,4.94752e-18
19856,Solyc02g063250.3,transposed,Unmethylated,Solyc06g034020.3,0.620135,3.49324,0.177524,5.53237e-37
19857,Solyc02g063290.3,transposed,gbM,Solyc05g008480.3,0.149449,3.54355,0.042175,2.54804e-41
19858,Solyc02g063325.1,transposed,TE-like,Solyc09g009590.1,0.439376,3.13692,0.140066,1.68445e-20
19859,Solyc02g063390.3,transposed,Unclassified,Solyc03g118830.3,0.786143,3.82471,0.205543,4.30321e-15
19860,Solyc02g063450.3,transposed,TE-like,Solyc02g091650.3,0.165458,0.562344,0.294229,2.60892e-24
19861,Solyc02g063460.1,transposed,Unmethylated,Solyc05g014120.1,0.804484,3.83731,0.209648,8.9791e-13
19862,Solyc02g063490.3,transposed,gbM,Solyc01g106480.3,0.111323,2.20351,0.0505208,5.8508e-70
19863,Solyc02g064700.3,transposed,gbM,Solyc03g044140.3,0.0605953,4.03085,0.0150329,1.498e-118
19864,Solyc02g064710.3,transposed,TE-like,Solyc06g068610.2,0.493697,3.95725,0.124758,4.16375e-31
19865,Solyc02g064790.1,transposed,Unmethylated,Solyc02g089120.3,0.460234,1.05777,0.435098,0.0212527
19866,Solyc02g064806.1,transposed,Unclassified,Solyc02g065230.3,0.218018,1.06183,0.205323,3.38528e-12
19867,Solyc02g064940.1,transposed,Unmethylated,Solyc10g050110.1,0.403603,4.18037,0.0965472,2.21952e-58
19868,Solyc02g064950.3,transposed,Unclassified,Solyc02g093140.3,0.114514,0.828703,0.138184,5.23227e-18
19869,Solyc02g064970.3,transposed,TE-like,Solyc01g105070.3,0.322253,4.04726,0.0796225,8.82826e-71
19870,Solyc02g065000.1,transposed,Unclassified,Solyc02g063350.1,0.661456,3.06144,0.21606,8.1188e-05
19871,Solyc02g065050.1,transposed,Unmethylated,Solyc09g011040.1,0.29904,2.8601,0.104556,5.55169e-52
19872,Solyc02g065160.2,transposed,Unclassified,Solyc08g005590.3,0.616104,3.31428,0.185894,4.33339e-14
19873,Solyc02g065260.3,transposed,TE-like,Solyc10g009590.3,0.789158,4.36741,0.180693,4.79177e-47
19874,Solyc02g065510.1,transposed,gbM,Solyc09g010450.1,0.951318,4.39219,0.216593,7.13913e-32
19875,Solyc02g065560.1,transposed,Unclassified,Solyc02g079260.2,0.586229,4.59734,0.127515,1.5617e-55
19876,Solyc02g065580.3,transposed,Unclassified,Solyc03g025840.3,0.583921,2.08235,0.280414,1.82585e-12
19877,Solyc02g065670.2,transposed,Unclassified,Solyc05g055343.1,0.188539,0.64644,0.291657,4.57547e-12
19878,Solyc02g065675.1,transposed,Unmethylated,Solyc05g055343.1,0.216783,0.394438,0.5496,0.191407
19879,Solyc02g066955.1,transposed,TE-like,Solyc05g007080.3,0.342707,4.17728,0.0820408,1.45095e-90
19880,Solyc02g067010.3,transposed,gbM,Solyc04g005560.3,0.234413,5.17982,0.045255,8.71657e-227
19881,Solyc02g067020.1,transposed,Unclassified,Solyc10g078610.1,0.539648,3.66257,0.147341,2.609e-31
19882,Solyc02g067060.3,transposed,gbM,Solyc02g088630.3,0.0565266,0.896282,0.0630678,2.84949e-68
19883,Solyc02g067100.3,transposed,Unclassified,Solyc10g008210.3,1.05714,4.29914,0.245895,6.03116e-32
19884,Solyc02g067150.3,transposed,TE-like,Solyc02g088260.3,0.211816,1.27652,0.165932,3.31111e-32
19885,Solyc02g067180.3,transposed,Unclassified,Solyc08g008580.3,0.922563,4.26195,0.216465,1.16349e-18
19886,Solyc02g067200.3,transposed,TE-like,Solyc12g015730.2,1.0053,4.86012,0.206846,1.12182e-48
19887,Solyc02g067360.3,transposed,TE-like,Solyc02g086830.3,0.481712,4.23416,0.113768,1.13263e-50
19888,Solyc02g067390.3,transposed,gbM,Solyc05g007200.3,0.341822,1.56804,0.217994,1.47001e-20
19889,Solyc02g067510.3,transposed,Unclassified,Solyc05g006780.3,0.373601,3.52459,0.105999,5.34231e-21
19890,Solyc02g067670.3,transposed,TE-like,Solyc01g091820.3,0.828902,4.31297,0.192188,2.57715e-50
19891,Solyc02g067770.3,transposed,Unmethylated,Solyc05g005070.2,0.615252,3.28444,0.187324,2.87079e-17
19892,Solyc02g067780.3,transposed,gbM,Solyc05g005070.2,0.474179,4.27797,0.110842,1.71075e-65
19893,Solyc02g067830.3,transposed,gbM,Solyc07g065710.3,0.261982,4.42947,0.0591452,9.90601e-155
19894,Solyc02g067840.3,transposed,gbM,Solyc07g065690.3,0.452062,2.30007,0.196543,1.18545e-25
19895,Solyc02g067850.2,transposed,gbM,Solyc07g045220.3,0.612854,4.10638,0.149244,7.34062e-25
19896,Solyc02g067860.3,transposed,gbM,Solyc07g017900.3,0.249176,4.02222,0.0619498,3.40583e-47
19897,Solyc02g067880.2,transposed,gbM,Solyc07g065890.3,0.142669,4.20658,0.0339156,2.9582e-112
19898,Solyc02g067890.3,transposed,gbM,Solyc09g090190.3,0.28079,4.44112,0.0632251,1.84025e-120
19899,Solyc02g067925.1,transposed,gbM,Solyc02g089320.3,0.206704,4.12534,0.0501061,1.43718e-97
19900,Solyc02g068100.3,transposed,gbM,Solyc03g111250.3,0.320763,4.3287,0.0741016,3.09003e-77
19901,Solyc02g068180.3,transposed,TE-like,Solyc03g113040.3,0.970725,3.87127,0.250751,5.04221e-08
19902,Solyc02g068280.3,transposed,gbM,Solyc07g056170.3,0.493653,4.56961,0.108029,4.4458e-86
19903,Solyc02g068300.3,transposed,gbM,Solyc07g065610.1,0.564838,4.42526,0.127639,8.45662e-59
19904,Solyc02g068340.3,transposed,TE-like,Solyc11g010920.2,0.73714,4.5717,0.16124,1.64675e-63
19905,Solyc02g068365.1,transposed,Unmethylated,Solyc01g099710.3,0.687525,3.40156,0.20212,5.9582e-08
19906,Solyc02g068370.3,transposed,TE-like,Solyc12g007110.2,0.739008,4.26781,0.173159,4.46687e-40
19907,Solyc02g068380.3,transposed,TE-like,Solyc09g083410.3,0.822586,1.90223,0.432432,1.86516e-10
19908,Solyc02g068390.3,transposed,Unclassified,Solyc09g014510.3,0.704908,3.51256,0.200682,2.47843e-09
19909,Solyc02g068430.3,transposed,TE-like,Solyc05g046300.3,0.782148,3.90839,0.20012,4.82137e-17
19910,Solyc02g068440.3,transposed,Unclassified,Solyc02g088790.3,0.610264,2.51757,0.242402,3.21186e-07
19911,Solyc02g068490.3,transposed,TE-like,Solyc11g062120.2,0.578572,4.6205,0.125218,3.55701e-47
19912,Solyc02g068500.3,transposed,Unclassified,Solyc04g080850.3,0.814749,3.3101,0.24614,1.01428e-06
19913,Solyc02g068510.2,transposed,Unclassified,Solyc07g007320.2,0.464195,3.66325,0.126717,1.79281e-33
19914,Solyc02g068590.3,transposed,TE-like,Solyc05g005720.3,0.444488,4.70782,0.0944148,1.67331e-81
19915,Solyc02g068730.3,transposed,TE-like,Solyc11g069790.2,0.268244,4.5459,0.0590078,1.18349e-109
19916,Solyc02g068740.3,transposed,Unclassified,Solyc06g061070.3,0.334275,3.45749,0.0966813,2.2778e-19
19917,Solyc02g068760.3,transposed,gbM,Solyc01g107320.3,0.873035,4.37209,0.199684,8.03704e-20
19918,Solyc02g068877.1,transposed,Unclassified,Solyc03g083560.1,0.33636,3.95496,0.0850476,0
19919,Solyc02g068907.1,transposed,TE-like,Solyc05g011870.1,0.416035,1.48806,0.279582,5.19781e-05
19920,Solyc02g069370.3,transposed,Unclassified,Solyc02g081380.3,0.121901,3.65983,0.033308,7.32251e-67
19921,Solyc02g069380.3,transposed,gbM,Solyc02g062110.3,0.469476,0.946523,0.496,0.000260931
19922,Solyc02g069400.3,transposed,gbM,Solyc02g067660.3,0.39453,2.25514,0.174947,1.21314e-44
19923,Solyc02g069430.3,transposed,gbM,Solyc03g121810.2,0.326342,4.53883,0.0718999,4.7644e-94
19924,Solyc02g069500.1,transposed,gbM,Solyc09g065710.1,0.650064,4.65163,0.13975,6.11603e-52
19925,Solyc02g069510.1,transposed,Unmethylated,Solyc09g090180.1,0.235873,3.56378,0.0661862,0
19926,Solyc02g069560.3,transposed,gbM,Solyc02g077090.3,0.618484,4.5634,0.135531,1.41514e-67
19927,Solyc02g069570.3,transposed,TE-like,Solyc02g092310.3,0.674537,4.58542,0.147105,8.07803e-43
19928,Solyc02g069580.3,transposed,gbM,Solyc07g043550.3,0.144292,4.2081,0.0342892,6.95453e-85
19929,Solyc02g069620.3,transposed,Unclassified,Solyc01g097460.3,0.812742,3.94068,0.206244,1.93941e-17
19930,Solyc02g069710.3,transposed,TE-like,Solyc07g042000.3,0.303238,4.47241,0.0678019,2.37538e-95
19931,Solyc02g069760.2,transposed,TE-like,Solyc10g007140.3,0.71823,3.19975,0.224464,0
19932,Solyc02g069800.1,transposed,Unclassified,Solyc11g071720.2,0.671141,4.00405,0.167616,8.59208e-33
19933,Solyc02g069860.3,transposed,gbM,Solyc01g087240.3,0.658677,3.62448,0.18173,5.79149e-14
19934,Solyc02g069880.3,transposed,gbM,Solyc03g083270.3,0.153666,3.96204,0.0387846,4.60248e-63
19935,Solyc02g069960.3,transposed,gbM,Solyc02g087920.3,0.445247,3.72646,0.119483,6.32076e-57
19936,Solyc02g070020.1,transposed,TE-like,Solyc05g051360.1,0.397433,4.26737,0.093133,2.78057e-49
19937,Solyc02g070080.3,transposed,TE-like,Solyc06g083910.3,0.086919,0.225186,0.385988,2.13318e-05
19938,Solyc02g070100.3,transposed,TE-like,Solyc01g094350.3,0.761105,4.11453,0.18498,1.86849e-33
19939,Solyc02g070210.3,transposed,gbM,Solyc09g015080.3,0.453,4.1629,0.108819,4.26505e-35
19940,Solyc02g070230.2,transposed,TE-like,Solyc02g022830.3,0.560413,3.62662,0.154528,2.85695e-24
19941,Solyc02g070400.3,transposed,TE-like,Solyc05g006680.3,0.358929,4.47836,0.0801474,2.91726e-99
19942,Solyc02g070450.2,transposed,Unclassified,Solyc11g071520.2,0.489153,4.04573,0.120906,2.4266e-37
19943,Solyc02g070480.3,transposed,Unmethylated,NA,NA,NA,NA,NA
19944,Solyc02g070483.1,transposed,gbM,Solyc08g048430.3,0.038655,1.18972,0.0324909,3.84042e-18
19945,Solyc02g070490.3,transposed,gbM,Solyc02g062610.3,0.752037,4.10759,0.183085,5.93919e-19
19946,Solyc02g070570.3,transposed,gbM,Solyc10g083280.3,0.0148702,1.61801,0.00919041,1.00751e-40
19947,Solyc02g070610.3,transposed,gbM,Solyc07g056250.3,0.252102,3.13436,0.0804318,1.64782e-51
19948,Solyc02g070710.2,transposed,gbM,Solyc02g079260.2,0.678658,4.45166,0.152451,6.51122e-48
19949,Solyc02g070780.3,transposed,gbM,Solyc01g079507.1,0.694342,4.51147,0.153906,3.68187e-53
19950,Solyc02g070830.1,transposed,TE-like,Solyc04g082060.3,0.76692,4.05198,0.18927,2.66278e-30
19951,Solyc02g070870.3,transposed,Unclassified,Solyc09g014510.3,0.704454,2.18671,0.322152,1.74966e-06
19952,Solyc02g071040.3,transposed,TE-like,Solyc02g080570.3,0.635108,4.70022,0.135123,1.27971e-83
19953,Solyc02g071070.3,transposed,TE-like,Solyc08g081810.3,0.138077,4.00673,0.0344612,2.1102e-123
19954,Solyc02g071130.3,transposed,TE-like,Solyc07g056280.3,0.233278,3.10131,0.0752194,0
19955,Solyc02g071160.3,transposed,Unclassified,Solyc01g099330.3,0.550101,3.95823,0.138977,2.71271e-57
19956,Solyc02g071170.3,transposed,TE-like,Solyc12g044910.2,0.116413,3.46999,0.0335484,8.23983e-44
19957,Solyc02g071180.3,transposed,TE-like,Solyc07g045230.3,0.803363,4.60592,0.17442,6.61188e-40
19958,Solyc02g071200.3,transposed,TE-like,Solyc01g101120.3,0.657133,4.10611,0.160038,2.06097e-19
19959,Solyc02g071220.3,transposed,Unmethylated,Solyc10g079600.2,0.18824,3.27389,0.0574975,7.60667e-36
19960,Solyc02g071250.3,transposed,TE-like,Solyc02g071930.1,0.745619,3.78447,0.197021,1.39083e-19
19961,Solyc02g071260.3,transposed,TE-like,Solyc01g059870.4,0.264947,4.92812,0.0537624,1.73508e-191
19962,Solyc02g071270.2,transposed,TE-like,Solyc07g056340.3,0.306577,4.63533,0.0661391,2.00172e-126
19963,Solyc02g071310.3,transposed,Unclassified,Solyc01g080290.3,0.443771,2.38112,0.186371,4.26256e-13
19964,Solyc02g071420.3,transposed,Unclassified,Solyc09g092070.3,0.465362,4.25776,0.109297,2.53914e-60
19965,Solyc02g071510.3,transposed,TE-like,Solyc12g014170.2,0.785583,3.94206,0.199282,1.15649e-32
19966,Solyc02g071590.2,transposed,TE-like,Solyc05g005750.3,0.628544,3.8616,0.162768,9.91659e-39
19967,Solyc02g071593.1,transposed,TE-like,Solyc08g076650.3,0.653462,3.75548,0.174002,1.01939e-23
19968,Solyc02g071597.1,transposed,TE-like,Solyc07g055300.3,0.581329,3.72562,0.156036,2.61465e-28
19969,Solyc02g072030.1,transposed,Unclassified,Solyc06g082460.1,0.932056,3.93906,0.236619,1.12169e-09
19970,Solyc02g072060.2,transposed,gbM,Solyc07g040680.3,0.569841,3.81577,0.149338,1.60338e-28
19971,Solyc02g072080.1,transposed,Unclassified,Solyc09g018230.1,0.597455,4.66249,0.128141,1.60649e-53
19972,Solyc02g072120.3,transposed,TE-like,Solyc01g111090.3,0.684667,3.72763,0.183674,1.87689e-17
19973,Solyc02g072140.1,transposed,Unmethylated,Solyc07g062310.3,0.412124,4.26271,0.0966813,1.0987e-54
19974,Solyc02g072240.3,transposed,gbM,Solyc09g072820.3,0.201445,4.76211,0.0423016,5.05347e-257
19975,Solyc02g072310.3,transposed,gbM,Solyc02g089550.3,0.281527,4.26127,0.0660664,1.39018e-99
19976,Solyc02g072320.1,transposed,Unclassified,Solyc05g010400.3,0.540112,3.05332,0.176893,3.95164e-09
19977,Solyc02g076695.1,transposed,Unclassified,Solyc04g077190.3,0.429275,1.71189,0.25076,8.19198e-07
19978,Solyc02g076770.1,transposed,Unclassified,Solyc06g050500.2,0.503315,3.71781,0.13538,1.2131e-33
19979,Solyc02g076810.3,transposed,Unmethylated,Solyc03g122030.1,0.471001,3.75869,0.12531,2.19758e-40
19980,Solyc02g076820.3,transposed,TE-like,Solyc12g014260.1,0.240871,3.48811,0.069055,3.45482e-57
19981,Solyc02g076830.1,transposed,Unclassified,Solyc09g011330.2,0.720646,3.94837,0.182518,3.66512e-40
19982,Solyc02g076850.2,transposed,TE-like,Solyc02g067230.3,0.370448,3.38854,0.109324,1.77217e-28
19983,Solyc02g076880.3,transposed,Unclassified,Solyc04g054500.3,0.479719,2.95181,0.162516,1.99211e-09
19984,Solyc02g076910.3,transposed,TE-like,Solyc03g111730.3,0.417354,4.08689,0.10212,4.04696e-52
19985,Solyc02g077060.2,transposed,Unclassified,Solyc02g090380.3,0.459329,1.76048,0.260912,3.57049e-11
19986,Solyc02g077130.2,transposed,Unclassified,Solyc10g008710.3,0.404211,3.17591,0.127274,7.27921e-21
19987,Solyc02g077170.2,transposed,Unclassified,Solyc02g077740.3,0.514094,2.03846,0.252197,1.32661e-10
19988,Solyc02g077400.3,transposed,Unclassified,Solyc02g083580.4,0.107135,3.70819,0.0288916,3.9911e-70
19989,Solyc02g077460.2,transposed,gbM,Solyc04g079750.3,0.643907,3.74626,0.17188,6.79148e-17
19990,Solyc02g077570.2,transposed,NA,Solyc02g082430.3,0.486063,5.77217,0.0842079,5.40282e-11
19991,Solyc02g077575.1,transposed,Unclassified,Solyc00g007200.3,0.499967,3.99237,0.125231,4.43837e-25
19992,Solyc02g077590.1,transposed,TE-like,Solyc07g062790.1,0.52576,3.44999,0.152395,1.06563e-13
19993,Solyc02g077650.2,transposed,TE-like,Solyc09g010450.1,0.802768,4.25391,0.188713,1.62906e-29
19994,Solyc02g077750.3,transposed,gbM,Solyc01g065550.3,0.521401,3.67098,0.142033,7.5531e-29
19995,Solyc02g077780.3,transposed,TE-like,Solyc01g103490.3,0.34291,4.50186,0.0761709,2.07092e-79
19996,Solyc02g077910.3,transposed,TE-like,Solyc06g066680.3,0.762702,3.01185,0.253234,4.0386e-12
19997,Solyc02g077950.2,transposed,Unclassified,Solyc04g079570.1,0.66983,3.73784,0.179202,5.40524e-44
19998,Solyc02g077960.2,transposed,Unclassified,Solyc06g075370.3,0.602309,3.64087,0.16543,0
19999,Solyc02g078010.3,transposed,TE-like,Solyc06g083460.3,0.511168,4.05742,0.125983,1.8309e-26
20000,Solyc02g078170.2,transposed,gbM,Solyc05g053010.1,0.527837,4.43695,0.118964,2.04867e-66
20001,Solyc02g078250.3,transposed,TE-like,Solyc06g072530.3,0.687235,2.42487,0.283411,1.15846e-05
20002,Solyc02g078260.3,transposed,TE-like,Solyc10g078860.2,0.612437,4.8449,0.126409,1.19942e-151
20003,Solyc02g078270.3,transposed,TE-like,Solyc08g077060.3,0.693349,2.3394,0.296379,3.44133e-05
20004,Solyc02g078380.3,transposed,gbM,Solyc09g082780.3,0.50773,3.76364,0.134904,1.98197e-29
20005,Solyc02g078590.1,transposed,Unclassified,Solyc10g076780.1,0.464518,4.12216,0.112688,2.2674e-45
20006,Solyc02g078620.1,transposed,TE-like,Solyc04g079570.1,0.763228,3.67919,0.207444,1.01104e-18
20007,Solyc02g078665.1,transposed,Unclassified,Solyc10g009140.3,0.240029,1.52755,0.157133,5.53712e-08
20008,Solyc02g078750.3,transposed,gbM,Solyc07g053130.3,0.362484,2.60881,0.138946,6.35139e-47
20009,Solyc02g078790.3,transposed,TE-like,Solyc03g083245.1,0.530155,4.57915,0.115776,4.34134e-61
20010,Solyc02g078950.3,transposed,gbM,Solyc11g069270.2,0.347264,4.67838,0.0742274,3.92576e-159
20011,Solyc02g079000.3,transposed,TE-like,Solyc04g082250.3,0.702018,4.53485,0.154805,6.96012e-68
20012,Solyc02g079025.1,transposed,TE-like,Solyc10g075030.2,0.786584,3.94908,0.199182,4.53194e-23
20013,Solyc02g079180.1,transposed,Unclassified,Solyc08g062960.3,0.818629,1.9064,0.429411,2.25345e-07
20014,Solyc02g079210.3,transposed,Unclassified,Solyc02g079770.3,0.461201,3.7244,0.123832,2.69543e-19
20015,Solyc02g079360.2,transposed,Unclassified,Solyc04g007460.3,0.70668,4.34289,0.162721,7.52049e-37
20016,Solyc02g079415.1,transposed,gbM,Solyc12g015710.2,0.827949,4.18619,0.197781,4.29829e-47
20017,Solyc02g079600.3,transposed,gbM,Solyc04g007380.2,0.446116,4.11241,0.10848,1.25113e-37
20018,Solyc02g079780.1,transposed,Unmethylated,Solyc02g088260.3,0.659196,3.44226,0.191501,1.83619e-31
20019,Solyc02g079950.3,transposed,Unclassified,Solyc05g007780.3,1.00722,3.65592,0.275504,2.90724e-10
20020,Solyc02g079960.3,transposed,Unmethylated,Solyc05g006830.3,0.668791,1.31466,0.508719,0.0176458
20021,Solyc02g080100.1,transposed,Unmethylated,Solyc06g074040.1,0.786448,3.6186,0.217335,5.71648e-20
20022,Solyc02g080130.3,transposed,TE-like,Solyc01g105340.3,0.804561,3.85676,0.20861,1.12001e-25
20023,Solyc02g080190.3,transposed,Unclassified,Solyc02g094200.3,0.313083,3.18931,0.0981663,2.38718e-34
20024,Solyc02g080280.2,transposed,TE-like,Solyc11g021230.1,0.0305006,0.0482725,0.631842,0.370825
20025,Solyc02g080330.3,transposed,Unclassified,Solyc11g007540.2,0.489734,4.38189,0.111763,4.97533e-68
20026,Solyc02g080370.3,transposed,TE-like,Solyc01g105270.3,0.305316,4.06496,0.0751094,3.15165e-44
20027,Solyc02g080460.2,transposed,TE-like,Solyc11g072820.2,0.195748,0.511671,0.382566,0.0174596
20028,Solyc02g080580.1,transposed,Unmethylated,Solyc10g006275.1,0.370672,2.97765,0.124484,0
20029,Solyc02g080860.2,transposed,Unclassified,Solyc02g080710.2,0.239213,0.599928,0.398736,0.000387585
20030,Solyc02g080900.3,transposed,Unclassified,Solyc03g112790.3,0.690456,3.80283,0.181564,1.15969e-32
20031,Solyc02g080910.3,transposed,Unclassified,Solyc02g067450.3,0.475393,4.61413,0.10303,1.0425e-87
20032,Solyc02g080960.2,transposed,Unclassified,Solyc01g098600.3,0.570721,3.10773,0.183646,2.13061e-07
20033,Solyc02g080970.3,transposed,Unclassified,Solyc01g103150.3,0.748744,3.85487,0.194233,3.80162e-19
20034,Solyc02g081010.2,transposed,gbM,Solyc03g083245.1,0.474631,4.46374,0.10633,3.17863e-87
20035,Solyc02g081060.3,transposed,Unclassified,Solyc02g090380.3,0.147807,0.352454,0.419367,0.000493425
20036,Solyc02g081070.3,transposed,TE-like,Solyc12g055720.2,0.394618,4.59386,0.0859012,6.47164e-110
20037,Solyc02g081080.3,transposed,gbM,Solyc02g072490.3,0.416358,4.53443,0.0918214,5.06982e-92
20038,Solyc02g081120.3,transposed,Unclassified,Solyc01g100510.3,0.503797,3.83903,0.13123,2.18293e-44
20039,Solyc02g081170.3,transposed,Unclassified,Solyc08g076480.3,0.571601,2.73745,0.208808,2.3962e-20
20040,Solyc02g081220.2,transposed,gbM,Solyc02g070090.1,0.316935,4.39153,0.0721697,1.79727e-89
20041,Solyc02g081240.1,transposed,Unclassified,Solyc07g056440.3,0.337152,3.6508,0.0923502,2.28722e-35
20042,Solyc02g081340.3,transposed,Unclassified,Solyc12g094430.1,0.497559,3.71281,0.134011,9.92796e-25
20043,Solyc02g081550.3,transposed,gbM,Solyc04g082250.3,0.441479,4.5555,0.0969114,1.0516e-68
20044,Solyc02g081580.3,transposed,gbM,Solyc01g007110.3,0.306972,3.85022,0.0797284,2.83892e-49
20045,Solyc02g081670.1,transposed,Unclassified,Solyc02g089310.1,0.811264,4.06931,0.199362,2.64467e-24
20046,Solyc02g081700.1,transposed,gbM,Solyc02g070510.3,0.596613,3.78747,0.157523,3.41239e-22
20047,Solyc02g081710.1,transposed,Unmethylated,Solyc01g109460.3,0.357128,3.67961,0.097056,2.76208e-28
20048,Solyc02g081730.3,transposed,TE-like,Solyc04g082750.3,0.750809,4.20818,0.178417,3.01298e-21
20049,Solyc02g081810.3,transposed,TE-like,Solyc02g093460.3,0.836949,3.86168,0.216732,2.78844e-30
20050,Solyc02g081870.3,transposed,gbM,Solyc06g076930.2,0.125169,0.848758,0.147474,1.73533e-106
20051,Solyc02g081880.3,transposed,gbM,Solyc07g066480.3,0.793363,3.8762,0.204675,4.08636e-20
20052,Solyc02g081890.3,transposed,gbM,Solyc09g091230.3,0.509621,4.07609,0.125027,9.01028e-40
20053,Solyc02g081940.3,transposed,TE-like,Solyc09g008620.2,0.879811,4.17953,0.210505,1.01858e-22
20054,Solyc02g081970.3,transposed,gbM,Solyc10g074980.2,0.283242,4.40016,0.0643709,5.24883e-128
20055,Solyc02g081980.3,transposed,Unmethylated,Solyc12g098540.2,0.285707,4.08152,0.07,6.25268e-55
20056,Solyc02g081990.3,transposed,gbM,Solyc03g123620.4,0.41682,4.41819,0.0943417,1.06461e-72
20057,Solyc02g082010.2,transposed,gbM,Solyc04g072500.1,0.842255,2.89571,0.290863,7.69012e-12
20058,Solyc02g082060.2,transposed,Unmethylated,Solyc03g117100.3,0.810058,3.54837,0.22829,1.04412e-30
20059,Solyc02g082090.3,transposed,TE-like,Solyc02g084780.3,0.567557,3.99192,0.142176,4.2066e-37
20060,Solyc02g082180.3,transposed,gbM,Solyc01g079507.1,0.667017,4.56704,0.14605,2.29447e-56
20061,Solyc02g082190.3,transposed,TE-like,Solyc01g079650.3,0.193562,4.46745,0.0433273,9.00445e-128
20062,Solyc02g082200.3,transposed,TE-like,Solyc02g078360.3,0.657024,3.48303,0.188636,8.87898e-17
20063,Solyc02g082310.2,transposed,Unmethylated,Solyc03g032150.3,0.860447,3.91857,0.219582,5.55625e-24
20064,Solyc02g082390.1,transposed,TE-like,Solyc06g076770.3,0.603461,3.64966,0.165347,7.91742e-34
20065,Solyc02g082400.3,transposed,TE-like,Solyc03g083245.1,0.426125,4.46598,0.0954156,2.43221e-109
20066,Solyc02g082730.3,transposed,Unclassified,Solyc01g105810.4,0.772231,4.16782,0.185284,2.25758e-28
20067,Solyc02g082850.3,transposed,Unclassified,Solyc07g065340.1,0.497938,3.93313,0.126601,3.9023e-53
20068,Solyc02g082910.3,transposed,Unclassified,Solyc03g032210.3,0.382721,4.40886,0.0868073,3.60354e-57
20069,Solyc02g082970.1,transposed,gbM,Solyc09g010450.1,0.748182,4.17636,0.179147,1.47701e-48
20070,Solyc02g082990.3,transposed,Unmethylated,Solyc02g089570.3,0.0957111,0.394807,0.242425,0.000991739
20071,Solyc02g083110.1,transposed,Unmethylated,Solyc07g062310.3,0.769196,4.28081,0.179685,4.76626e-33
20072,Solyc02g083130.3,transposed,gbM,Solyc04g072560.3,0.611094,4.26156,0.143397,5.11988e-48
20073,Solyc02g083220.2,transposed,TE-like,Solyc02g083350.3,0.0427549,0.138426,0.308865,0.00374889
20074,Solyc02g083330.1,transposed,TE-like,Solyc01g088740.3,0.355441,0.888725,0.399945,0.00325862
20075,Solyc02g083345.1,transposed,gbM,Solyc02g061850.3,0.109148,1.57799,0.0691691,1.33138e-66
20076,Solyc02g083410.3,transposed,gbM,Solyc07g063475.1,0.612855,4.18127,0.146572,2.24012e-43
20077,Solyc02g083430.1,transposed,TE-like,Solyc08g076310.3,0.933222,4.60076,0.202841,5.17113e-26
20078,Solyc02g083527.1,transposed,Unclassified,Solyc08g075080.3,0.642686,3.15306,0.203829,8.5641e-09
20079,Solyc02g083540.3,transposed,gbM,Solyc03g095820.3,0.459825,4.13699,0.11115,6.263e-38
20080,Solyc02g083660.1,transposed,Unmethylated,Solyc04g074820.2,0.653027,3.23226,0.202034,0
20081,Solyc02g083720.3,transposed,gbM,Solyc07g063260.3,0.630872,2.32608,0.271217,1.40727e-15
20082,Solyc02g083725.1,transposed,gbM,Solyc07g063260.3,0.610266,3.57632,0.170641,1.89563e-15
20083,Solyc02g083730.3,transposed,Unmethylated,Solyc02g083280.3,0.506061,3.36643,0.150326,6.50017e-13
20084,Solyc02g083780.2,transposed,TE-like,Solyc09g010450.1,0.782228,4.53287,0.172568,4.46614e-33
20085,Solyc02g083860.3,transposed,Unmethylated,Solyc03g080190.3,0.672269,3.94546,0.170391,9.47241e-25
20086,Solyc02g083920.1,transposed,Unclassified,Solyc03g033550.3,0.23716,1.07035,0.221571,1.11167e-06
20087,Solyc02g083960.3,transposed,TE-like,Solyc04g008240.3,0.903606,4.26305,0.211962,4.90677e-22
20088,Solyc02g083980.3,transposed,gbM,Solyc08g082250.3,0.518312,4.29034,0.120809,1.38217e-54
20089,Solyc02g084030.3,transposed,Unclassified,Solyc06g034020.3,0.648374,3.71614,0.174475,1.6171e-17
20090,Solyc02g084150.1,transposed,TE-like,Solyc01g102990.3,0.47208,0.8133,0.58045,0.0268896
20091,Solyc02g084240.3,transposed,Unmethylated,Solyc09g066100.3,0.669544,1.53869,0.435138,5.98557e-06
20092,Solyc02g084260.2,transposed,TE-like,Solyc01g102990.3,0.490491,1.35881,0.360971,2.45463e-06
20093,Solyc02g084400.3,transposed,gbM,Solyc04g054190.3,0.965362,4.42755,0.218035,4.39639e-20
20094,Solyc02g084540.3,transposed,gbM,Solyc03g033640.3,0.0805592,0.676327,0.119113,1.93077e-30
20095,Solyc02g084570.3,transposed,TE-like,Solyc03g122350.3,0.569248,4.35333,0.130762,4.1768e-39
20096,Solyc02g084660.3,transposed,TE-like,Solyc03g112770.3,0.744666,3.30378,0.225398,2.15533e-09
20097,Solyc02g084700.3,transposed,TE-like,Solyc03g097520.3,0.556297,4.45772,0.124794,3.59616e-90
20098,Solyc02g084730.3,transposed,Unclassified,Solyc01g091800.3,0.910389,3.98977,0.228181,1.35519e-18
20099,Solyc02g084740.3,transposed,Unclassified,Solyc06g051750.3,0.605204,4.38587,0.137989,1.4244e-36
20100,Solyc02g084770.3,transposed,Unclassified,Solyc09g075490.3,0.673016,4.05661,0.165906,1.98408e-23
20101,Solyc02g084820.3,transposed,TE-like,Solyc03g120310.3,0.722656,4.29748,0.168158,5.73316e-31
20102,Solyc02g085035.1,transposed,TE-like,Solyc04g080600.3,0.795024,4.53325,0.175376,6.86424e-43
20103,Solyc02g085180.4,transposed,Unclassified,Solyc04g074220.3,0.685151,3.9346,0.174135,3.85281e-24
20104,Solyc02g085400.3,transposed,Unclassified,Solyc08g068290.3,0.261209,4.3605,0.0599033,3.8492e-76
20105,Solyc02g085495.1,transposed,TE-like,Solyc11g021130.1,0.0939031,0.0776964,1.20859,0.946175
20106,Solyc02g085620.3,transposed,gbM,Solyc02g093410.3,0.433968,4.05713,0.106964,8.56992e-59
20107,Solyc02g085650.3,transposed,TE-like,Solyc02g062910.2,0.142549,1.00559,0.141757,1.12846e-32
20108,Solyc02g085780.3,transposed,TE-like,Solyc03g116360.2,0.736109,4.1129,0.178975,1.97557e-21
20109,Solyc02g085800.1,transposed,TE-like,Solyc11g071720.2,0.610873,3.8234,0.159772,0
20110,Solyc02g085830.3,transposed,gbM,Solyc04g007230.3,0.707885,3.65236,0.193816,2.92022e-22
20111,Solyc02g085930.3,transposed,gbM,Solyc02g090450.3,0.685135,4.06501,0.168545,1.27718e-24
20112,Solyc02g086150.3,transposed,gbM,Solyc02g093040.3,0.437765,3.77036,0.116107,1.06378e-44
20113,Solyc02g086230.2,transposed,gbM,Solyc09g010450.1,0.754544,4.17264,0.180831,1.7115e-33
20114,Solyc02g086470.3,transposed,Unclassified,Solyc12g009030.2,0.912373,3.95737,0.23055,4.90471e-20
20115,Solyc02g086490.3,transposed,Unclassified,Solyc03g119820.1,0.66574,3.57396,0.186275,2.05061e-10
20116,Solyc02g086520.3,transposed,gbM,Solyc07g053990.3,0.814085,4.34927,0.187177,2.21539e-24
20117,Solyc02g086530.3,transposed,Unclassified,Solyc03g112500.3,0.192973,4.68916,0.0411529,3.14288e-150
20118,Solyc02g086590.3,transposed,Unclassified,Solyc03g112730.3,0.467708,4.47811,0.104443,3.5694e-55
20119,Solyc02g086630.2,transposed,TE-like,Solyc03g117010.3,0.355269,0.456487,0.778267,0.320474
20120,Solyc02g086650.3,transposed,gbM,Solyc03g112870.3,0.303776,4.26723,0.0711881,1.4015e-57
20121,Solyc02g086670.3,transposed,TE-like,Solyc01g101000.3,0.0864389,3.01896,0.028632,1.41922e-110
20122,Solyc02g086687.1,transposed,TE-like,Solyc02g067760.3,0.313606,1.45628,0.215348,6.53273e-06
20123,Solyc02g086700.3,transposed,TE-like,Solyc01g008610.3,0.257217,3.39873,0.0756801,7.97662e-45
20124,Solyc02g086800.3,transposed,gbM,Solyc05g010120.3,0.219433,4.946,0.0443658,6.08264e-251
20125,Solyc02g087120.3,transposed,Unclassified,Solyc02g089670.3,0.56529,4.07711,0.13865,3.70376e-50
20126,Solyc02g087210.3,transposed,Unmethylated,Solyc04g015570.3,0.550617,3.36485,0.163638,0
20127,Solyc02g087250.3,transposed,TE-like,Solyc09g083350.3,0.598674,4.67361,0.128097,1.68721e-118
20128,Solyc02g087260.1,transposed,Unclassified,Solyc01g006050.2,0.891107,2.05052,0.434577,8.47593e-07
20129,Solyc02g087280.3,transposed,Unclassified,Solyc10g084950.2,0.59217,4.432,0.133612,3.82845e-34
20130,Solyc02g087425.1,transposed,Unclassified,Solyc08g007080.3,0.424941,3.20708,0.132501,1.35291e-16
20131,Solyc02g087430.3,transposed,Unclassified,Solyc09g065480.2,0.543347,3.90725,0.139061,1.91012e-34
20132,Solyc02g087510.3,transposed,gbM,Solyc01g090240.3,0.272018,4.26124,0.0638355,0
20133,Solyc02g087520.3,transposed,Unclassified,Solyc03g079960.3,0.53219,3.84198,0.13852,5.58651e-52
20134,Solyc02g087550.3,transposed,Unclassified,Solyc07g063110.3,0.303385,4.23726,0.0715993,6.70382e-76
20135,Solyc02g087590.2,transposed,TE-like,Solyc01g096170.3,0.381966,3.7332,0.102316,1.58667e-32
20136,Solyc02g087660.3,transposed,gbM,Solyc10g078370.2,0.33676,4.22342,0.0797363,7.38253e-53
20137,Solyc02g087900.3,transposed,TE-like,Solyc02g070460.3,0.561869,4.54517,0.123619,6.29872e-109
20138,Solyc02g087910.2,transposed,Unclassified,Solyc10g075060.2,0.573031,3.17132,0.180691,7.55117e-16
20139,Solyc02g088113.1,transposed,TE-like,Solyc03g007320.3,0.575075,3.58668,0.160336,6.1288e-15
20140,Solyc02g088115.1,transposed,TE-like,Solyc03g007320.3,0.127636,3.46406,0.0368458,2.12047e-51
20141,Solyc02g088120.3,transposed,gbM,Solyc02g067210.3,0.13634,0.547492,0.249026,1.70554e-06
20142,Solyc02g088140.2,transposed,Unclassified,Solyc12g015730.2,0.725169,3.97927,0.182237,1.44881e-27
20143,Solyc02g088200.3,transposed,Unclassified,Solyc03g120480.3,0.416518,0.389176,1.07025,0.650987
20144,Solyc02g088360.1,transposed,Unmethylated,Solyc03g080050.3,0.218085,3.3981,0.0641786,5.51939e-28
20145,Solyc02g088420.2,transposed,TE-like,Solyc02g082557.1,0.489482,3.37763,0.144919,6.53441e-12
20146,Solyc02g088650.1,transposed,gbM,Solyc02g079260.2,0.696989,4.57741,0.152267,6.40197e-48
20147,Solyc02g088710.3,transposed,TE-like,Solyc06g068650.3,0.576713,4.40791,0.130836,5.81795e-57
20148,Solyc02g088940.3,transposed,TE-like,Solyc01g079650.3,0.381916,3.51623,0.108615,1.32653e-27
20149,Solyc02g089010.2,transposed,TE-like,Solyc02g081040.3,0.267682,0.962033,0.278246,2.62508e-07
20150,Solyc02g089090.3,transposed,Unclassified,Solyc10g006870.1,0.546744,4.71637,0.115925,6.27206e-87
20151,Solyc02g089190.2,transposed,TE-like,Solyc09g090790.3,0.447887,3.69534,0.121203,8.10243e-20
20152,Solyc02g089340.3,transposed,TE-like,Solyc05g010660.3,0.205868,4.09684,0.0502505,7.05419e-69
20153,Solyc02g089350.3,transposed,Unmethylated,Solyc04g017720.3,0.279172,3.07168,0.0908858,2.57349e-25
20154,Solyc02g089440.3,transposed,TE-like,Solyc10g017600.3,0.449232,4.32644,0.103834,2.33365e-76
20155,Solyc02g089560.3,transposed,gbM,Solyc03g112190.3,0.630205,4.48393,0.140547,1.01169e-41
20156,Solyc02g089610.2,transposed,gbM,Solyc05g010420.2,0.222186,4.07326,0.0545475,5.61748e-68
20157,Solyc02g089615.1,transposed,Unclassified,Solyc01g010055.1,0.367716,1.83055,0.200877,1.26653e-06
20158,Solyc02g089640.3,transposed,gbM,Solyc04g077470.3,0.212625,4.54744,0.046757,7.67351e-150
20159,Solyc02g089750.4,transposed,TE-like,Solyc05g010140.3,0.152626,3.5234,0.0433177,2.11716e-43
20160,Solyc02g089760.3,transposed,TE-like,Solyc05g010140.3,0.20923,1.80262,0.11607,1.5198e-22
20161,Solyc02g089770.3,transposed,Unclassified,Solyc02g086770.3,0.52686,2.28196,0.23088,3.94926e-19
20162,Solyc02g090043.1,transposed,Unclassified,Solyc02g082557.1,0.450745,1.75458,0.256897,2.79226e-08
20163,Solyc02g090310.1,transposed,Unclassified,Solyc11g010940.2,0.629891,3.49514,0.180219,2.30499e-29
20164,Solyc02g090370.3,transposed,Unclassified,Solyc01g095200.3,0.875323,2.3846,0.367074,5.2672e-07
20165,Solyc02g090690.2,transposed,gbM,Solyc07g045140.3,0.486504,3.96002,0.122854,1.74473e-25
20166,Solyc02g090730.3,transposed,Unclassified,Solyc04g007900.3,0.326121,3.24508,0.100497,0
20167,Solyc02g090740.3,transposed,TE-like,Solyc04g076950.3,0.389719,4.38643,0.0888465,9.94856e-61
20168,Solyc02g090810.3,transposed,Unclassified,Solyc03g098050.3,0.426409,3.34596,0.12744,2.49008e-17
20169,Solyc02g090820.3,transposed,TE-like,Solyc03g026020.3,0.601916,4.00133,0.150429,2.77254e-23
20170,Solyc02g090840.3,transposed,Unmethylated,Solyc06g073450.3,0.632586,3.40372,0.185851,1.00191e-22
20171,Solyc02g090890.3,transposed,gbM,Solyc06g060880.3,0.810503,4.2489,0.190756,1.16159e-29
20172,Solyc02g090910.3,transposed,TE-like,Solyc11g012470.2,0.756199,4.12471,0.183334,2.84907e-22
20173,Solyc02g090950.1,transposed,TE-like,Solyc12g088790.2,0.363456,3.50517,0.103691,1.00691e-32
20174,Solyc02g091000.3,transposed,Unclassified,Solyc03g120710.2,0.48493,4.0306,0.120312,9.45536e-35
20175,Solyc02g091030.3,transposed,TE-like,Solyc06g072040.1,0.648506,3.69439,0.175538,2.78387e-13
20176,Solyc02g091120.3,transposed,TE-like,Solyc07g053210.3,0.77675,4.10183,0.189367,1.31245e-31
20177,Solyc02g091160.3,transposed,Unclassified,Solyc12g019410.2,0.703062,3.55013,0.198039,6.31694e-12
20178,Solyc02g091170.3,transposed,gbM,Solyc03g005920.3,0.713657,3.612,0.197579,5.14598e-15
20179,Solyc02g091440.2,transposed,TE-like,Solyc04g077960.1,0.699444,3.63705,0.192311,0
20180,Solyc02g091460.3,transposed,TE-like,Solyc05g056100.3,0.51063,2.96046,0.172483,0
20181,Solyc02g091680.3,transposed,gbM,Solyc04g072850.3,0.416733,4.60395,0.0905163,1.62178e-127
20182,Solyc02g091830.3,transposed,Unclassified,Solyc03g121070.3,0.470908,2.64587,0.177979,1.31502e-36
20183,Solyc02g091960.3,transposed,TE-like,Solyc02g089800.3,0.747162,2.9422,0.253947,1.86241e-32
20184,Solyc02g092020.2,transposed,Unclassified,Solyc04g082060.3,0.655122,3.96716,0.165136,1.61454e-25
20185,Solyc02g092030.2,transposed,Unclassified,Solyc10g048010.2,0.262806,4.2497,0.0618411,1.99334e-65
20186,Solyc02g092080.2,transposed,Unclassified,Solyc10g084610.3,0.421798,0.888651,0.47465,0.000949623
20187,Solyc02g092400.1,transposed,Unmethylated,Solyc10g074730.3,0.783995,3.68765,0.2126,4.44056e-12
20188,Solyc02g092460.3,transposed,TE-like,Solyc08g014440.3,0.381691,4.12333,0.0925686,4.05319e-59
20189,Solyc02g092730.3,transposed,Unclassified,Solyc04g055020.2,0.278042,3.56435,0.0780063,0
20190,Solyc02g092780.2,transposed,TE-like,Solyc09g010180.3,1.08817,4.59334,0.236901,1.84525e-23
20191,Solyc02g092840.1,transposed,Unclassified,Solyc08g080930.1,0.620681,4.28153,0.144967,6.61579e-52
20192,Solyc02g092850.1,transposed,TE-like,Solyc03g117010.3,0.324104,1.3865,0.233757,8.29264e-06
20193,Solyc02g092870.2,transposed,Unclassified,Solyc02g093980.3,0.50383,4.75401,0.10598,6.35899e-81
20194,Solyc02g092920.3,transposed,Unclassified,Solyc07g009130.3,0.869465,4.62812,0.187865,2.00883e-25
20195,Solyc02g092950.3,transposed,Unclassified,Solyc03g116370.3,0.313561,3.80003,0.0825155,0
20196,Solyc02g093180.3,transposed,Unmethylated,Solyc12g096250.2,0.338988,4.28151,0.0791749,6.762e-59
20197,Solyc02g093193.1,transposed,TE-like,Solyc03g044380.3,0.160808,0.972172,0.165411,8.18358e-21
20198,Solyc02g093210.3,transposed,Unclassified,Solyc02g089150.3,0.424794,4.10125,0.103577,4.69021e-48
20199,Solyc02g093220.3,transposed,Unclassified,Solyc04g008980.3,0.830007,3.76348,0.220543,2.48963e-20
20200,Solyc02g093300.3,transposed,TE-like,Solyc01g099220.3,0.976501,5.00291,0.195187,6.21076e-73
20201,Solyc02g093340.3,transposed,gbM,Solyc07g045240.3,0.295327,2.42859,0.121604,2.15038e-40
20202,Solyc02g093360.3,transposed,TE-like,Solyc07g065710.3,0.266199,4.45419,0.0597637,4.07606e-128
20203,Solyc02g093365.1,transposed,TE-like,Solyc07g065690.3,0.491134,1.8252,0.269085,2.88583e-21
20204,Solyc02g093520.3,transposed,gbM,Solyc03g111870.3,0.196778,4.12754,0.0476745,1.262e-114
20205,Solyc02g093530.3,transposed,Unclassified,Solyc10g007700.3,0.240917,3.46306,0.0695676,7.83084e-46
20206,Solyc02g093540.3,transposed,Unclassified,Solyc07g056160.3,0.346058,4.0838,0.0847393,3.19032e-71
20207,Solyc02g093590.3,transposed,Unmethylated,Solyc07g008540.3,0.692152,3.72082,0.186021,3.41995e-20
20208,Solyc02g093600.3,transposed,Unmethylated,Solyc06g076520.1,0.388293,2.07652,0.186992,1.94816e-12
20209,Solyc02g093610.3,transposed,Unmethylated,Solyc03g026220.3,0.598941,3.30918,0.180994,2.76791e-23
20210,Solyc02g093630.3,transposed,gbM,Solyc07g045140.3,0.438808,4.04141,0.108578,9.94249e-34
20211,Solyc02g093650.3,transposed,Unclassified,Solyc12g013900.2,0.645042,2.89242,0.223011,1.46855e-09
20212,Solyc02g093670.3,transposed,Unclassified,Solyc07g045340.3,0.430519,2.74919,0.156599,7.58729e-06
20213,Solyc02g093680.3,transposed,Unclassified,Solyc04g055020.2,0.348957,3.72855,0.0935905,0
20214,Solyc02g093730.3,transposed,TE-like,Solyc02g067950.3,0.387152,1.86566,0.207515,6.32779e-09
20215,Solyc02g093750.3,transposed,Unclassified,Solyc04g082520.2,0.564343,4.20296,0.134273,1.18206e-48
20216,Solyc02g093880.3,transposed,TE-like,Solyc07g062660.3,0.69135,4.1714,0.165736,1.84004e-49
20217,Solyc02g093900.3,transposed,gbM,Solyc12g042920.2,0.100057,3.0683,0.0326099,2.81833e-76
20218,Solyc02g093940.3,transposed,TE-like,Solyc03g124040.3,0.984292,4.31604,0.228054,2.06681e-19
20219,Solyc02g093950.3,transposed,gbM,Solyc10g081500.1,0.895114,4.34263,0.206123,1.89296e-21
20220,Solyc02g093960.3,transposed,Unclassified,Solyc03g019950.3,0.537669,4.22731,0.12719,7.38299e-30
20221,Solyc02g093975.1,transposed,Unclassified,Solyc02g068060.3,0.181967,0.564817,0.32217,1.14332e-08
20222,Solyc02g094010.2,transposed,Unclassified,Solyc02g089900.1,0.681004,4.47063,0.152328,7.86498e-44
20223,Solyc02g094050.3,transposed,Unclassified,Solyc12g005710.2,0.62251,3.47763,0.179004,5.16198e-14
20224,Solyc02g094180.3,transposed,gbM,Solyc03g044100.3,0.269825,3.99649,0.0675156,3.82754e-95
20225,Solyc02g094270.2,transposed,Unmethylated,Solyc01g079260.3,0.343862,3.07266,0.11191,0
20226,Solyc02g094310.2,transposed,Unclassified,Solyc09g010450.1,1.0086,4.46314,0.225983,1.41978e-15
20227,Solyc02g094470.3,transposed,Unclassified,Solyc03g097840.3,0.12584,2.63161,0.0478186,8.14021e-73
20228,Solyc02g094520.3,transposed,TE-like,Solyc08g077940.2,0.620259,4.4294,0.140032,8.85886e-85
20229,Solyc02g094570.3,transposed,gbM,Solyc01g067510.3,0.436025,3.91591,0.111347,2.92008e-30
20230,Solyc02g094580.3,transposed,TE-like,Solyc01g067510.3,0.46162,1.90941,0.24176,6.64481e-07
20231,Solyc02g094640.3,transposed,TE-like,Solyc03g114460.3,0.975545,4.63109,0.210651,5.1471e-18
20232,Solyc02g094751.1,transposed,TE-like,Solyc07g065690.3,0.114286,0.240183,0.475827,0.00116178
20233,Solyc02g094752.1,transposed,Unclassified,Solyc02g083690.2,0.416131,1.3752,0.302596,0.000356375
20234,Solyc02g094755.1,transposed,TE-like,Solyc07g062880.3,0.619759,0.787866,0.78663,0.368806
20235,Solyc03g005130.2,transposed,TE-like,Solyc03g007790.3,0.640817,4.5479,0.140904,1.6673e-52
20236,Solyc03g005170.3,transposed,TE-like,Solyc09g076010.3,0.237811,0.921447,0.258084,2.38146e-45
20237,Solyc03g005195.1,transposed,Unclassified,Solyc05g055280.2,0.668989,3.40695,0.19636,5.93578e-14
20238,Solyc03g005280.3,transposed,TE-like,Solyc01g101240.3,0.368938,3.82143,0.0965444,2.62374e-46
20239,Solyc03g005315.1,transposed,gbM,Solyc09g083000.3,0.126204,0.952793,0.132457,1.21373e-07
20240,Solyc03g005420.2,transposed,TE-like,Solyc06g065850.2,0.241448,4.35908,0.0553896,7.43156e-90
20241,Solyc03g005450.3,transposed,TE-like,Solyc08g082670.3,0.54411,4.52012,0.120375,2.91032e-61
20242,Solyc03g005460.3,transposed,gbM,Solyc11g066790.2,0.393767,4.83121,0.0815049,5.27756e-167
20243,Solyc03g005590.2,transposed,TE-like,Solyc04g071040.3,0.352593,4.89501,0.0720312,8.33226e-198
20244,Solyc03g005610.3,transposed,TE-like,Solyc07g064130.2,0.781108,4.17523,0.187081,4.23842e-31
20245,Solyc03g005660.3,transposed,TE-like,Solyc05g009630.3,0.348137,2.36394,0.14727,2.55154e-81
20246,Solyc03g005710.2,transposed,TE-like,Solyc09g090930.3,0.342436,2.36952,0.144517,1.13319e-10
20247,Solyc03g005870.3,transposed,TE-like,Solyc09g090580.3,0.387379,2.81714,0.137508,5.18884e-19
20248,Solyc03g005890.1,transposed,TE-like,Solyc10g006275.1,0.635232,3.0174,0.210523,0
20249,Solyc03g006140.3,transposed,TE-like,Solyc04g082190.1,0.305424,4.51271,0.0676808,3.17764e-162
20250,Solyc03g006420.3,transposed,TE-like,Solyc06g076860.3,0.966031,4.31907,0.223667,1.76122e-37
20251,Solyc03g006550.3,transposed,Unclassified,Solyc06g084240.2,0.779906,4.45977,0.174876,5.10485e-40
20252,Solyc03g006570.3,transposed,TE-like,Solyc11g066790.2,0.756702,4.77656,0.15842,3.13064e-76
20253,Solyc03g006660.3,transposed,TE-like,Solyc04g054190.3,1.06992,4.49739,0.237897,2.16928e-17
20254,Solyc03g006890.2,transposed,TE-like,Solyc07g006610.3,0.288981,3.85346,0.0749927,6.40564e-68
20255,Solyc03g006920.2,transposed,Unclassified,Solyc03g117550.1,0.563171,4.45381,0.126447,1.9916e-74
20256,Solyc03g007110.3,transposed,TE-like,Solyc03g118340.3,0.962651,3.83267,0.25117,6.86538e-08
20257,Solyc03g007120.3,transposed,TE-like,Solyc02g065600.3,0.621132,4.06342,0.152859,1.45248e-39
20258,Solyc03g007160.1,transposed,Unclassified,Solyc12g008850.2,0.233395,0.853825,0.273353,1.73369e-07
20259,Solyc03g007200.2,transposed,Unclassified,Solyc12g096760.2,0.152776,1.05135,0.145315,1.73932e-28
20260,Solyc03g007210.3,transposed,TE-like,Solyc04g007380.2,0.456744,4.18368,0.109173,7.91966e-42
20261,Solyc03g007240.3,transposed,gbM,Solyc04g026030.3,0.226008,3.90002,0.0579506,3.20397e-79
20262,Solyc03g007260.3,transposed,TE-like,Solyc05g050350.2,0.314904,4.13072,0.0762346,1.36964e-65
20263,Solyc03g007270.3,transposed,TE-like,Solyc04g074190.3,0.52779,3.86014,0.136728,1.53181e-35
20264,Solyc03g007280.3,transposed,TE-like,Solyc03g019640.1,0.348491,4.26869,0.0816388,3.65168e-59
20265,Solyc03g007290.3,transposed,TE-like,Solyc03g083960.3,0.410355,3.97606,0.103206,7.03663e-53
20266,Solyc03g007330.3,transposed,TE-like,Solyc04g082250.3,0.61649,4.55021,0.135486,8.1878e-60
20267,Solyc03g007360.3,transposed,Unclassified,Solyc08g082770.3,0.596972,3.38178,0.176526,8.64959e-15
20268,Solyc03g007370.3,transposed,TE-like,Solyc09g008040.3,1.02179,4.35886,0.234418,2.65377e-30
20269,Solyc03g007390.3,transposed,TE-like,Solyc12g015730.2,0.804644,4.33738,0.185514,3.18738e-33
20270,Solyc03g007410.3,transposed,TE-like,Solyc01g080050.3,0.256367,3.60163,0.0711809,5.9473e-44
20271,Solyc03g007580.2,transposed,TE-like,Solyc10g048010.2,0.291774,2.92037,0.0999098,7.46197e-23
20272,Solyc03g007595.1,transposed,TE-like,Solyc06g036340.3,0.216493,0.558125,0.387894,1.1931e-05
20273,Solyc03g007650.1,transposed,TE-like,Solyc02g077670.3,0.338741,3.84811,0.0880279,1.16091e-33
20274,Solyc03g007690.1,transposed,Unmethylated,Solyc07g053300.1,0.543495,4.47843,0.121358,1.42352e-55
20275,Solyc03g007760.3,transposed,gbM,Solyc08g081740.3,0.195096,4.76828,0.0409153,9.13025e-151
20276,Solyc03g007810.3,transposed,TE-like,Solyc08g077180.3,0.235907,4.43916,0.0531422,1.08432e-111
20277,Solyc03g007830.3,transposed,Unclassified,Solyc01g095430.3,0.431781,1.77884,0.242732,2.72665e-12
20278,Solyc03g007910.2,transposed,Unclassified,Solyc04g078700.3,0.353763,3.86355,0.0915644,3.37204e-35
20279,Solyc03g008010.3,transposed,gbM,Solyc08g078203.1,0.712594,3.51751,0.202585,8.01894e-21
20280,Solyc03g013180.1,transposed,TE-like,Solyc11g071930.2,0.569799,0.56579,1.00709,0.679908
20281,Solyc03g013300.1,transposed,TE-like,Solyc01g094430.1,0.0356471,0.0946996,0.376423,0.0243519
20282,Solyc03g013310.3,transposed,Unclassified,Solyc02g093000.3,0.728802,4.0213,0.181235,3.6669e-28
20283,Solyc03g013340.3,transposed,Unclassified,Solyc03g005980.3,0.451733,2.19885,0.20544,5.15897e-20
20284,Solyc03g013450.2,transposed,TE-like,Solyc10g078285.1,0.190993,0.489577,0.390118,5.93408e-05
20285,Solyc03g013485.1,transposed,TE-like,Solyc11g021310.1,0.181264,0.294396,0.615714,0.166628
20286,Solyc03g013615.1,transposed,gbM,Solyc11g021220.1,0.0519177,0.0640726,0.810295,0.637728
20287,Solyc03g013630.3,transposed,TE-like,Solyc02g088630.3,0.0697846,0.962763,0.0724837,6.31445e-66
20288,Solyc03g019720.4,transposed,Unclassified,Solyc02g062600.3,0.595589,3.85301,0.154577,7.50855e-22
20289,Solyc03g019790.3,transposed,Unclassified,Solyc06g050130.3,0.346438,4.08246,0.0848601,1.13202e-70
20290,Solyc03g019830.3,transposed,Unclassified,Solyc05g009100.3,0.588316,4.47177,0.131562,2.28358e-56
20291,Solyc03g019870.3,transposed,TE-like,Solyc02g085360.3,0.625131,4.16988,0.149916,4.57662e-41
20292,Solyc03g019890.3,transposed,gbM,Solyc03g121540.3,0.412132,4.69516,0.087778,2.45844e-121
20293,Solyc03g019980.2,transposed,gbM,Solyc06g076910.2,0.347346,4.8629,0.0714278,3.28018e-139
20294,Solyc03g020090.1,transposed,TE-like,Solyc01g017060.2,0.189912,0.217013,0.875116,0.84103
20295,Solyc03g025290.3,transposed,gbM,Solyc08g081240.3,0.335624,4.25699,0.0788406,3.81475e-52
20296,Solyc03g025320.3,transposed,Unclassified,Solyc09g014280.1,0.660092,4.23833,0.155743,1.36539e-33
20297,Solyc03g025330.3,transposed,TE-like,Solyc12g056570.1,0.671821,2.11843,0.317131,3.93776e-13
20298,Solyc03g025380.3,transposed,TE-like,Solyc06g050440.3,0.284072,4.03097,0.0704724,5.6474e-60
20299,Solyc03g025455.1,transposed,TE-like,Solyc01g094660.3,0.56203,3.28361,0.171162,2.63081e-09
20300,Solyc03g025500.3,transposed,TE-like,Solyc01g080530.3,0.493047,3.85591,0.127868,1.42484e-28
20301,Solyc03g025560.3,transposed,gbM,Solyc06g076910.2,0.707938,3.70554,0.191049,6.63636e-26
20302,Solyc03g025650.2,transposed,TE-like,Solyc01g008610.3,0.488425,3.96024,0.123332,3.10589e-45
20303,Solyc03g025660.1,transposed,TE-like,Solyc09g011100.1,0.371282,3.12375,0.118858,2.598e-14
20304,Solyc03g025790.3,transposed,Unclassified,Solyc02g091300.3,0.57898,3.22477,0.179541,8.2197e-09
20305,Solyc03g025860.3,transposed,TE-like,Solyc03g122090.3,0.601798,3.73333,0.161196,4.90487e-15
20306,Solyc03g025870.3,transposed,TE-like,Solyc03g112390.3,0.564227,3.68262,0.153214,3.83436e-43
20307,Solyc03g025900.3,transposed,TE-like,Solyc01g091820.3,0.897516,4.33289,0.207141,3.85796e-24
20308,Solyc03g026030.1,transposed,TE-like,Solyc01g099330.3,0.128776,1.35229,0.0952279,4.02606e-63
20309,Solyc03g026040.3,transposed,gbM,Solyc04g008430.1,0.640115,4.91234,0.130308,1.41292e-100
20310,Solyc03g026050.3,transposed,TE-like,Solyc01g009560.1,0.111766,1.45759,0.0766788,1.54539e-23
20311,Solyc03g026060.3,transposed,TE-like,Solyc07g006350.3,0.411649,4.35961,0.0944235,5.13589e-91
20312,Solyc03g026070.3,transposed,Unclassified,Solyc10g005330.3,0.43032,4.60349,0.0934767,7.50876e-94
20313,Solyc03g026315.1,transposed,TE-like,Solyc03g114960.3,0.749004,4.2847,0.174809,4.28613e-21
20314,Solyc03g026320.3,transposed,gbM,Solyc02g087870.3,0.528062,3.4172,0.15453,1.00842e-12
20315,Solyc03g026345.1,transposed,TE-like,Solyc10g081740.2,0.451961,3.93341,0.114903,1.06323e-43
20316,Solyc03g026373.1,transposed,TE-like,Solyc03g111920.2,0.125129,0.692433,0.18071,5.40739e-06
20317,Solyc03g031470.3,transposed,TE-like,Solyc02g085020.3,0.491321,4.02848,0.121962,1.28721e-35
20318,Solyc03g031550.1,transposed,TE-like,Solyc02g079990.3,0.600825,3.32883,0.180491,9.28038e-15
20319,Solyc03g031590.3,transposed,TE-like,Solyc03g007770.3,0.578705,4.1625,0.139028,1.12229e-30
20320,Solyc03g031670.3,transposed,TE-like,Solyc07g064610.3,0.165121,4.29165,0.038475,1.38193e-104
20321,Solyc03g031710.2,transposed,gbM,Solyc07g064560.3,0.827415,4.092,0.202203,9.73058e-19
20322,Solyc03g031890.3,transposed,Unclassified,Solyc03g121090.3,0.614072,3.45119,0.177931,2.32673e-16
20323,Solyc03g031980.3,transposed,TE-like,Solyc07g065610.1,0.577938,4.46261,0.129507,3.51296e-89
20324,Solyc03g032030.3,transposed,TE-like,Solyc06g072510.3,0.448204,4.08848,0.109626,5.55863e-41
20325,Solyc03g032070.3,transposed,gbM,Solyc11g069370.2,0.519555,4.25698,0.122048,3.90043e-52
20326,Solyc03g032220.3,transposed,TE-like,Solyc10g050160.2,0.306231,3.78067,0.080999,3.87641e-46
20327,Solyc03g032240.3,transposed,TE-like,Solyc08g081810.3,0.695216,4.64181,0.149772,9.3994e-51
20328,Solyc03g033240.2,transposed,Unclassified,Solyc04g064740.3,0.248067,1.85694,0.133589,1.07929e-07
20329,Solyc03g033300.2,transposed,Unclassified,Solyc09g065740.2,0.289495,4.24456,0.0682037,5.49139e-83
20330,Solyc03g033360.2,transposed,TE-like,Solyc02g083460.3,0.176294,0.865078,0.20379,3.74948e-23
20331,Solyc03g033380.3,transposed,TE-like,Solyc03g006580.3,0.717056,3.72068,0.192722,1.28087e-13
20332,Solyc03g033760.2,transposed,TE-like,Solyc05g005260.2,0.622243,3.67101,0.169502,1.13747e-30
20333,Solyc03g033970.1,transposed,TE-like,Solyc04g080550.3,0.25166,4.01461,0.0626861,8.05918e-47
20334,Solyc03g034050.3,transposed,TE-like,Solyc08g076120.3,0.251507,2.84255,0.0884792,2.47493e-15
20335,Solyc03g034090.3,transposed,Unclassified,Solyc02g085480.3,0.232633,2.40631,0.0966761,1.81988e-19
20336,Solyc03g034100.3,transposed,TE-like,Solyc04g080210.1,0.502078,3.70533,0.135502,9.66492e-31
20337,Solyc03g034200.3,transposed,TE-like,Solyc02g067210.3,0.551506,4.32072,0.127642,1.06446e-72
20338,Solyc03g034230.3,transposed,Unclassified,Solyc03g119480.3,0.536974,3.37679,0.159019,7.78288e-11
20339,Solyc03g043710.1,transposed,TE-like,Solyc07g065610.1,0.600194,4.4671,0.134359,5.07139e-75
20340,Solyc03g043750.3,transposed,TE-like,Solyc02g078900.3,0.874566,4.33508,0.201742,5.68998e-22
20341,Solyc03g043990.1,transposed,TE-like,Solyc02g092360.3,0.116734,0.722128,0.161652,1.3304e-09
20342,Solyc03g044000.1,transposed,Unmethylated,Solyc02g092430.1,0.0330793,1.69082,0.0195641,7.04598e-41
20343,Solyc03g044085.1,transposed,Unclassified,Solyc12g008580.2,0.76342,4.07975,0.187124,6.65182e-22
20344,Solyc03g044155.1,transposed,Unclassified,Solyc02g092670.1,0.216206,1.07588,0.200957,3.08917e-08
20345,Solyc03g044160.2,transposed,TE-like,Solyc07g063475.1,0.452475,4.49353,0.100695,3.14695e-89
20346,Solyc03g044200.3,transposed,Unclassified,Solyc04g082170.3,0.494036,4.1243,0.119787,6.4725e-43
20347,Solyc03g044210.3,transposed,TE-like,Solyc06g075270.3,0.148734,0.693717,0.214401,8.68713e-26
20348,Solyc03g044350.2,transposed,TE-like,Solyc10g080930.2,0.0691545,0.0644671,1.07271,0.8534
20349,Solyc03g044370.3,transposed,TE-like,Solyc06g074220.3,0.950711,3.85921,0.246349,6.38844e-23
20350,Solyc03g044460.1,transposed,TE-like,Solyc04g078790.3,0.268304,3.39525,0.0790231,4.12318e-28
20351,Solyc03g044510.3,transposed,TE-like,Solyc02g090620.3,0.121949,0.638447,0.191008,1.39954e-20
20352,Solyc03g044625.1,transposed,Unclassified,Solyc06g061240.3,0.658945,3.27572,0.20116,6.47222e-21
20353,Solyc03g044670.1,transposed,TE-like,Solyc02g086880.3,0.82896,3.71659,0.223043,2.66932e-12
20354,Solyc03g044710.3,transposed,TE-like,Solyc02g090490.3,0.148394,1.15447,0.128539,1.22526e-38
20355,Solyc03g044720.2,transposed,TE-like,Solyc04g080550.3,0.425913,4.07296,0.104571,2.53806e-34
20356,Solyc03g044743.1,transposed,TE-like,Solyc02g065230.3,0.380604,1.79568,0.211956,2.91909e-23
20357,Solyc03g044890.1,transposed,gbM,Solyc11g012410.2,0.0702958,0.406497,0.172931,8.45099e-16
20358,Solyc03g044900.3,transposed,TE-like,Solyc02g094000.1,0.384326,3.14264,0.122294,0
20359,Solyc03g045040.1,transposed,TE-like,Solyc03g097500.3,0.094637,0.255574,0.370292,0.0342831
20360,Solyc03g045070.1,transposed,gbM,Solyc01g097370.1,0.864506,4.33191,0.199567,1.16891e-16
20361,Solyc03g045080.2,transposed,TE-like,Solyc12g049200.1,0.394786,2.1468,0.183895,8.84941e-13
20362,Solyc03g046320.3,transposed,Unclassified,Solyc02g089570.3,0.278094,0.854327,0.325512,0.00121522
20363,Solyc03g046340.3,transposed,TE-like,Solyc04g082250.3,0.681715,4.40428,0.154785,4.53716e-48
20364,Solyc03g046470.3,transposed,TE-like,Solyc08g078540.3,0.782825,4.35649,0.179692,1.81304e-53
20365,Solyc03g046490.2,transposed,TE-like,Solyc11g067170.2,0.514538,1.00734,0.510788,6.75922e-05
20366,Solyc03g051780.2,transposed,TE-like,Solyc12g009210.2,0.916027,4.30272,0.212895,1.45437e-26
20367,Solyc03g051785.1,transposed,TE-like,Solyc02g079260.2,0.683532,4.35757,0.156861,1.24652e-27
20368,Solyc03g051790.3,transposed,gbM,Solyc02g093980.3,0.545703,4.60026,0.118624,2.84707e-74
20369,Solyc03g051800.1,transposed,TE-like,Solyc10g006710.3,0.209409,3.30352,0.0633898,1.40311e-24
20370,Solyc03g051810.3,transposed,TE-like,Solyc07g017770.3,0.697873,4.20595,0.165925,7.61247e-23
20371,Solyc03g051920.3,transposed,TE-like,Solyc01g107350.3,0.439216,4.13082,0.106327,7.35235e-37
20372,Solyc03g051960.3,transposed,gbM,Solyc09g009580.3,0.472833,4.34436,0.108838,5.11311e-58
20373,Solyc03g052990.3,transposed,TE-like,Solyc01g006150.3,0.0783463,2.46971,0.0317229,2.47307e-80
20374,Solyc03g053080.2,transposed,TE-like,Solyc01g110190.3,0.312141,3.88203,0.0804066,1.44805e-44
20375,Solyc03g053100.3,transposed,TE-like,Solyc01g110190.3,0.516495,4.51471,0.114403,8.32949e-58
20376,Solyc03g053110.3,transposed,TE-like,Solyc10g076700.2,0.785108,3.69774,0.212321,1.66569e-09
20377,Solyc03g053130.3,transposed,TE-like,Solyc11g071800.2,0.587574,4.17542,0.140722,1.26907e-47
20378,Solyc03g058160.3,transposed,Unmethylated,Solyc10g080600.2,0.237705,3.01226,0.0789124,7.81568e-31
20379,Solyc03g058190.3,transposed,TE-like,Solyc07g053470.3,0.602174,4.56047,0.132042,8.3764e-57
20380,Solyc03g058240.1,transposed,TE-like,Solyc01g017150.1,0.186922,0.25887,0.72207,0.450609
20381,Solyc03g058320.1,transposed,TE-like,Solyc09g065710.1,0.50184,1.79896,0.27896,0.00021353
20382,Solyc03g058370.2,transposed,TE-like,Solyc09g092480.1,0.228184,2.03916,0.111901,3.42134e-25
20383,Solyc03g058400.3,transposed,Unclassified,Solyc09g008600.3,0.619595,4.25744,0.145532,1.52927e-58
20384,Solyc03g058430.2,transposed,TE-like,Solyc01g006430.3,0.162843,4.19483,0.0388199,2.34812e-100
20385,Solyc03g058470.2,transposed,TE-like,Solyc10g006440.3,0.608822,4.23147,0.14388,3.15643e-39
20386,Solyc03g058880.3,transposed,TE-like,Solyc04g015450.3,0.47476,4.51321,0.105194,4.3471e-129
20387,Solyc03g058882.1,transposed,TE-like,Solyc03g110850.1,0.301006,0.398989,0.754422,0.385061
20388,Solyc03g058884.1,transposed,TE-like,Solyc03g110840.2,0.168975,0.181914,0.928878,0.999989
20389,Solyc03g058900.2,transposed,TE-like,Solyc02g070530.3,0.0513879,0.142176,0.361438,0.0105688
20390,Solyc03g058920.3,transposed,gbM,Solyc02g067460.3,0.0775155,0.765009,0.101326,1.28261e-30
20391,Solyc03g058970.3,transposed,TE-like,Solyc07g065980.3,0.313273,4.64146,0.0674945,1.82202e-116
20392,Solyc03g059020.2,transposed,TE-like,Solyc03g123740.3,0.589161,4.34318,0.135652,5.45828e-40
20393,Solyc03g059080.2,transposed,Unclassified,Solyc10g080580.1,0.0798006,1.33303,0.0598643,3.05653e-54
20394,Solyc03g059190.3,transposed,Unmethylated,Solyc12g042370.2,0.475149,3.87522,0.122612,1.58395e-31
20395,Solyc03g059200.2,transposed,TE-like,Solyc02g088190.3,0.503974,2.43543,0.206934,1.92756e-15
20396,Solyc03g059250.3,transposed,gbM,Solyc11g061960.2,0.321371,4.19422,0.0766224,4.08048e-58
20397,Solyc03g059270.3,transposed,Unclassified,Solyc11g062060.2,0.208887,3.46169,0.0603425,0
20398,Solyc03g059290.1,transposed,TE-like,Solyc02g088000.3,0.106329,0.145929,0.728634,0.727836
20399,Solyc03g059310.3,transposed,TE-like,Solyc03g097160.3,0.941486,3.9481,0.238465,1.72978e-16
20400,Solyc03g059350.3,transposed,TE-like,Solyc10g079300.2,0.296153,0.426943,0.69366,0.152926
20401,Solyc03g059360.1,transposed,Unclassified,Solyc10g079300.2,0.101361,0.178019,0.569383,0.0842958
20402,Solyc03g059390.3,transposed,Unclassified,Solyc11g072480.2,0.526711,3.7744,0.139548,1.51985e-33
20403,Solyc03g059490.1,transposed,TE-like,Solyc09g091260.3,0.720216,4.86585,0.148014,1.18808e-100
20404,Solyc03g061620.1,transposed,Unclassified,Solyc02g087970.1,0.286208,1.22453,0.233729,2.03152e-07
20405,Solyc03g062660.3,transposed,gbM,Solyc07g053600.3,0.619393,4.69754,0.131855,4.31579e-97
20406,Solyc03g062890.3,transposed,Unclassified,Solyc01g067740.3,0.260408,2.77117,0.0939702,5.37009e-22
20407,Solyc03g063140.3,transposed,Unclassified,Solyc02g065150.2,0.421723,3.58207,0.117732,0
20408,Solyc03g063160.1,transposed,Unclassified,Solyc02g079260.2,0.667952,4.37609,0.152637,1.74697e-48
20409,Solyc03g063164.1,transposed,TE-like,Solyc03g110850.1,0.228751,0.38241,0.598183,0.106346
20410,Solyc03g063200.3,transposed,gbM,Solyc10g078750.2,0.118511,0.660096,0.179536,8.62715e-18
20411,Solyc03g063220.2,transposed,TE-like,Solyc04g016370.3,0.78281,4.99216,0.156808,8.92492e-94
20412,Solyc03g063240.3,transposed,TE-like,Solyc06g063290.3,0.9731,3.96073,0.245687,2.22094e-16
20413,Solyc03g063280.3,transposed,TE-like,Solyc01g073960.3,0.331976,4.17575,0.0795008,4.15327e-62
20414,Solyc03g063290.3,transposed,Unmethylated,Solyc01g006480.3,0.302564,3.74945,0.0806954,3.42497e-40
20415,Solyc03g063525.1,transposed,TE-like,Solyc07g045240.3,0.423663,1.06383,0.398243,0.00252937
20416,Solyc03g063560.3,transposed,TE-like,Solyc03g083440.3,0.518547,5.17286,0.100244,9.23053e-224
20417,Solyc03g063580.1,transposed,TE-like,Solyc03g122300.2,0.232439,0.382315,0.607977,0.127021
20418,Solyc03g063650.1,transposed,TE-like,Solyc03g007790.3,0.725221,4.65066,0.155939,1.07845e-50
20419,Solyc03g063680.2,transposed,gbM,Solyc10g079120.2,0.12838,0.776073,0.165422,5.4461e-47
20420,Solyc03g063750.3,transposed,TE-like,Solyc12g042360.2,0.73487,4.08199,0.180027,2.38139e-37
20421,Solyc03g063760.3,transposed,TE-like,Solyc08g077420.3,0.777092,4.45216,0.174543,4.34099e-55
20422,Solyc03g063860.1,transposed,TE-like,Solyc09g011300.3,0.31229,0.526886,0.592709,0.0358741
20423,Solyc03g063880.3,transposed,TE-like,Solyc04g079880.3,0.778027,4.14661,0.18763,3.22507e-22
20424,Solyc03g063970.3,transposed,TE-like,Solyc06g060550.3,0.441967,1.7725,0.249346,9.56229e-07
20425,Solyc03g064010.3,transposed,gbM,Solyc05g009100.3,0.606786,4.51441,0.134411,1.13347e-51
20426,Solyc03g064020.3,transposed,Unclassified,Solyc10g079030.2,0.0650464,1.9236,0.0338149,2.64258e-40
20427,Solyc03g065190.1,transposed,TE-like,Solyc06g076100.3,0.156604,0.288574,0.542684,0.163533
20428,Solyc03g065200.3,transposed,TE-like,Solyc02g067040.3,0.321041,2.06809,0.155235,5.50044e-17
20429,Solyc03g065205.1,transposed,TE-like,Solyc02g067040.3,0.117065,1.07503,0.108894,4.98568e-30
20430,Solyc03g065350.2,transposed,TE-like,Solyc02g067080.3,0.143856,0.670763,0.214466,7.39282e-22
20431,Solyc03g070390.3,transposed,TE-like,Solyc02g089170.3,0.0424644,1.39314,0.0304811,1.81139e-73
20432,Solyc03g070410.2,transposed,TE-like,Solyc02g089175.1,0.249389,1.44118,0.173045,1.1702e-05
20433,Solyc03g071490.1,transposed,TE-like,Solyc02g063260.3,0.112208,0.763102,0.147041,9.89291e-05
20434,Solyc03g071520.1,transposed,TE-like,Solyc03g113520.3,0.632268,3.78648,0.16698,1.20156e-22
20435,Solyc03g071550.2,transposed,TE-like,Solyc09g076010.3,0.856474,4.66976,0.183409,3.73214e-68
20436,Solyc03g071650.2,transposed,TE-like,Solyc09g065030.3,0.216229,1.32831,0.162786,1.47747e-12
20437,Solyc03g071660.2,transposed,TE-like,Solyc07g065950.3,0.0649347,0.0838527,0.77439,0.578228
20438,Solyc03g071680.1,transposed,TE-like,Solyc11g007910.2,0.163723,0.7243,0.226044,4.81566e-22
20439,Solyc03g071810.1,transposed,TE-like,Solyc03g083130.2,0.309396,0.54563,0.567043,0.0257007
20440,Solyc03g071840.1,transposed,TE-like,Solyc11g066800.2,0.266007,1.92984,0.137839,4.22912e-17
20441,Solyc03g071850.1,transposed,TE-like,Solyc11g007460.1,0.241377,1.77517,0.135974,4.61264e-50
20442,Solyc03g077910.3,transposed,Unclassified,Solyc07g063110.3,0.291567,4.15538,0.0701662,1.08364e-83
20443,Solyc03g077920.1,transposed,gbM,Solyc10g080420.2,0.200382,4.68853,0.0427386,1.68536e-183
20444,Solyc03g077950.2,transposed,gbM,Solyc08g078540.3,0.519945,3.88203,0.133936,0
20445,Solyc03g078000.3,transposed,TE-like,Solyc03g096950.3,0.305746,4.45263,0.0686665,1.74152e-77
20446,Solyc03g078050.1,transposed,TE-like,Solyc03g122300.2,0.148549,0.181678,0.817648,0.661548
20447,Solyc03g078055.1,transposed,Unclassified,Solyc01g010870.3,0.584242,2.02426,0.28862,8.26959e-06
20448,Solyc03g078060.3,transposed,Unclassified,Solyc01g010870.3,0.086742,0.111226,0.779868,0.836229
20449,Solyc03g078120.3,transposed,TE-like,Solyc11g005920.2,0.287741,1.44751,0.198783,1.81764e-20
20450,Solyc03g078160.3,transposed,Unmethylated,Solyc07g063860.3,0.442702,3.17426,0.139466,0
20451,Solyc03g078200.2,transposed,Unclassified,Solyc07g008900.3,0.540102,3.77943,0.142906,1.55379e-21
20452,Solyc03g078203.1,transposed,TE-like,Solyc07g008900.3,0.637223,3.74737,0.170046,1.7578e-16
20453,Solyc03g078207.1,transposed,Unclassified,Solyc07g008900.3,0.531873,3.83295,0.138763,2.73369e-25
20454,Solyc03g078210.3,transposed,TE-like,Solyc12g043150.2,0.720082,3.68058,0.195644,3.95684e-19
20455,Solyc03g078260.3,transposed,TE-like,Solyc08g005790.3,0.453387,3.99067,0.113612,6.98156e-36
20456,Solyc03g078270.1,transposed,TE-like,Solyc09g007890.1,0.0780889,0.687017,0.113664,7.83188e-10
20457,Solyc03g078280.2,transposed,TE-like,Solyc09g007890.1,0.0933596,0.367234,0.254224,6.34331e-17
20458,Solyc03g078310.1,transposed,Unclassified,Solyc08g008310.3,0.415672,1.45529,0.285629,7.64905e-05
20459,Solyc03g078320.1,transposed,Unclassified,Solyc08g008310.3,0.144406,0.684755,0.210887,0.000327356
20460,Solyc03g078330.1,transposed,Unclassified,Solyc02g085870.3,0.513728,4.21701,0.121823,2.18973e-51
20461,Solyc03g078390.3,transposed,TE-like,Solyc11g071700.2,0.934852,4.7191,0.198099,3.92542e-55
20462,Solyc03g078400.3,transposed,gbM,Solyc04g011500.3,0.0171026,1.8025,0.00948827,4.59134e-117
20463,Solyc03g078403.1,transposed,TE-like,Solyc05g012010.3,0.348676,0.738993,0.471825,0.0439267
20464,Solyc03g078520.3,transposed,gbM,Solyc04g072570.3,0.373534,4.50301,0.082952,4.81494e-104
20465,Solyc03g078590.1,transposed,TE-like,Solyc03g098280.3,0.0979878,0.122401,0.800548,0.814125
20466,Solyc03g078600.2,transposed,Unclassified,Solyc03g006650.2,0.30129,4.35007,0.069261,8.47429e-75
20467,Solyc03g078610.3,transposed,Unclassified,Solyc04g055160.3,0.100741,0.643372,0.156583,2.18601e-23
20468,Solyc03g078630.3,transposed,Unclassified,Solyc07g064130.2,0.645063,3.65231,0.176618,0
20469,Solyc03g078640.1,transposed,Unmethylated,Solyc04g055090.1,0.288601,1.086,0.265748,8.86329e-19
20470,Solyc03g079860.2,transposed,TE-like,Solyc03g006430.3,0.0449621,0.0983075,0.457362,0.0188891
20471,Solyc03g079900.3,transposed,Unclassified,Solyc06g076450.3,0.0847112,1.93626,0.0437499,6.59068e-54
20472,Solyc03g079930.3,transposed,Unclassified,Solyc09g011250.3,0.517841,3.80904,0.135951,2.11942e-25
20473,Solyc03g080010.3,transposed,TE-like,Solyc02g078390.3,0.873943,4.66884,0.187186,4.67291e-43
20474,Solyc03g080060.1,transposed,Unclassified,Solyc07g065610.1,0.770296,4.46924,0.172355,1.04246e-35
20475,Solyc03g080180.3,transposed,Unclassified,Solyc06g083445.1,0.408616,3.99165,0.102368,1.47067e-43
20476,Solyc03g081230.1,transposed,Unmethylated,Solyc06g074040.1,0.508571,2.36886,0.21469,7.26547e-13
20477,Solyc03g081300.3,transposed,TE-like,Solyc01g007750.3,0.812777,3.93125,0.206748,3.01552e-19
20478,Solyc03g081320.3,transposed,Unclassified,Solyc03g124060.3,0.800032,4.11505,0.194416,3.13378e-22
20479,Solyc03g082430.1,transposed,Unclassified,Solyc08g005430.3,0.80203,3.9745,0.201794,8.25729e-21
20480,Solyc03g082440.1,transposed,Unclassified,Solyc09g005920.3,0.383607,1.94569,0.197157,7.65612e-35
20481,Solyc03g082480.3,transposed,Unclassified,Solyc04g009820.3,0.510453,3.29826,0.154764,2.10495e-19
20482,Solyc03g082610.1,transposed,Unmethylated,Solyc02g080510.1,0.694358,3.60126,0.19281,3.28945e-27
20483,Solyc03g082830.2,transposed,Unclassified,Solyc02g079260.2,0.605776,4.54641,0.133243,3.44571e-81
20484,Solyc03g082850.3,transposed,TE-like,Solyc01g100270.3,0.656768,3.75949,0.174696,4.88647e-52
20485,Solyc03g082900.3,transposed,Unclassified,Solyc06g076170.3,0.363198,4.21427,0.0861829,1.19737e-77
20486,Solyc03g082910.3,transposed,Unclassified,Solyc10g081500.1,0.86363,4.82257,0.179081,6.43967e-12
20487,Solyc03g082970.3,transposed,TE-like,Solyc02g082490.3,0.821068,4.06168,0.20215,1.04201e-18
20488,Solyc03g082980.3,transposed,gbM,Solyc04g077060.3,0.633628,4.46516,0.141905,3.69776e-40
20489,Solyc03g083110.1,transposed,TE-like,Solyc04g007000.1,0.594722,3.79634,0.156657,6.12042e-42
20490,Solyc03g083250.3,transposed,TE-like,Solyc01g102990.3,0.284749,4.43226,0.0642446,3.57044e-82
20491,Solyc03g083385.1,transposed,Unmethylated,Solyc10g009430.3,0.479224,2.45314,0.195351,6.05863e-11
20492,Solyc03g083460.3,transposed,Unclassified,Solyc01g095830.3,0.495976,4.08316,0.121469,7.92067e-51
20493,Solyc03g083520.3,transposed,Unmethylated,Solyc10g077010.2,0.397493,3.11981,0.127409,0
20494,Solyc03g083530.3,transposed,Unclassified,Solyc10g018250.2,NA,2.33442,9.51796e-12,NA
20495,Solyc03g083580.3,transposed,TE-like,Solyc02g091580.3,0.895539,4.52516,0.197902,9.55405e-40
20496,Solyc03g083590.3,transposed,gbM,Solyc06g068920.3,0.356289,4.93145,0.0722483,1.99004e-231
20497,Solyc03g083610.3,transposed,gbM,Solyc01g088480.3,0.391163,2.36368,0.165489,8.13697e-20
20498,Solyc03g083615.1,transposed,Unmethylated,Solyc06g034370.1,0.295656,1.5422,0.19171,2.10648e-17
20499,Solyc03g083820.2,transposed,Unclassified,Solyc11g040340.2,0.45981,3.5674,0.128892,2.08019e-16
20500,Solyc03g093170.1,transposed,TE-like,Solyc09g082390.2,0.727617,3.57533,0.20351,5.82517e-18
20501,Solyc03g093190.1,transposed,TE-like,Solyc10g055570.2,0.496943,2.79371,0.177879,2.01678e-10
20502,Solyc03g093250.2,transposed,TE-like,Solyc02g087980.3,0.914157,4.43639,0.206059,3.16133e-24
20503,Solyc03g093320.2,transposed,TE-like,Solyc02g011920.1,0.226258,0.389319,0.581163,0.15186
20504,Solyc03g093350.3,transposed,TE-like,Solyc01g103410.3,0.666053,3.72267,0.178918,1.30947e-45
20505,Solyc03g093380.2,transposed,Unclassified,Solyc03g121230.3,0.516818,4.76145,0.108542,8.67319e-71
20506,Solyc03g093610.1,transposed,Unclassified,Solyc08g078170.1,0.462704,3.63475,0.1273,1.49512e-20
20507,Solyc03g093650.3,transposed,TE-like,Solyc02g087870.3,0.534472,5.02593,0.106343,3.61296e-142
20508,Solyc03g093790.3,transposed,Unclassified,Solyc01g089850.3,0.207322,3.53351,0.0586731,9.46288e-39
20509,Solyc03g093830.3,transposed,Unclassified,Solyc09g010110.3,0.276973,3.98417,0.0695184,4.90014e-66
20510,Solyc03g093870.1,transposed,Unclassified,Solyc06g075780.2,0.51345,3.40788,0.150666,9.30059e-13
20511,Solyc03g094000.3,transposed,TE-like,Solyc08g007180.3,0.387946,3.64897,0.106317,5.19093e-50
20512,Solyc03g094020.3,transposed,gbM,Solyc02g069670.3,1.06941,4.57307,0.233849,8.02462e-21
20513,Solyc03g094160.3,transposed,gbM,Solyc01g088710.3,0.143995,3.96192,0.0363447,1.70293e-74
20514,Solyc03g094170.2,transposed,Unclassified,Solyc03g093400.2,0.279415,2.81961,0.0990969,2.18214e-24
20515,Solyc03g095210.2,transposed,Unclassified,Solyc03g096870.3,0.501434,4.19051,0.119659,5.47075e-59
20516,Solyc03g095220.3,transposed,TE-like,Solyc01g111240.3,0.654954,3.97339,0.164835,1.63843e-23
20517,Solyc03g095420.2,transposed,TE-like,Solyc09g007680.3,0.591823,4.10236,0.144264,1.62564e-50
20518,Solyc03g095510.3,transposed,gbM,Solyc10g074930.1,0.209161,4.27951,0.048875,2.18664e-83
20519,Solyc03g095620.3,transposed,gbM,Solyc04g054190.3,0.944985,3.21157,0.294244,3.1119e-13
20520,Solyc03g095650.3,transposed,TE-like,Solyc02g082430.3,0.493635,4.38671,0.11253,7.29343e-55
20521,Solyc03g095710.3,transposed,gbM,Solyc04g082090.3,0.454256,4.06036,0.111876,2.48408e-47
20522,Solyc03g095850.1,transposed,TE-like,Solyc12g014270.2,0.574711,4.3305,0.132712,1.22049e-69
20523,Solyc03g095860.3,transposed,Unclassified,Solyc10g081500.1,0.765405,2.88191,0.26559,8.43681e-18
20524,Solyc03g095940.1,transposed,Unclassified,Solyc02g065150.2,0.453804,3.45716,0.131265,4.75289e-26
20525,Solyc03g095960.1,transposed,Unmethylated,Solyc09g010450.1,0.969048,4.0579,0.238805,2.94597e-10
20526,Solyc03g095980.3,transposed,Unmethylated,Solyc07g053290.3,0.491278,3.59431,0.136682,9.86272e-31
20527,Solyc03g096003.1,transposed,TE-like,Solyc05g012010.3,0.117311,0.61338,0.191254,0.00522998
20528,Solyc03g096040.3,transposed,Unclassified,Solyc10g082030.2,0.880066,1.54387,0.570039,0.000852921
20529,Solyc03g096050.3,transposed,Unclassified,Solyc10g076660.2,0.239915,4.03371,0.0594774,2.94197e-65
20530,Solyc03g096070.3,transposed,gbM,Solyc06g007120.3,0.253168,4.42442,0.0572207,3.19739e-100
20531,Solyc03g096170.1,transposed,TE-like,Solyc03g096090.3,0.0710758,0.171453,0.414549,0.293246
20532,Solyc03g096180.3,transposed,TE-like,Solyc03g096090.3,0.148155,0.209044,0.708727,0.533757
20533,Solyc03g096190.2,transposed,gbM,Solyc06g076910.2,0.505587,4.87371,0.103738,2.91403e-113
20534,Solyc03g096197.1,transposed,TE-like,Solyc10g079320.2,0.0741559,0.165759,0.447372,0.0545335
20535,Solyc03g096200.1,transposed,TE-like,Solyc10g079320.2,0.212595,0.231991,0.916391,0.85191
20536,Solyc03g096290.3,transposed,Unmethylated,Solyc01g094690.3,0.0873975,3.93522,0.0222091,2.04282e-78
20537,Solyc03g096300.3,transposed,Unclassified,Solyc11g072770.2,0.56006,3.28204,0.170644,0
20538,Solyc03g096350.3,transposed,Unclassified,Solyc05g052610.3,0.235282,2.06744,0.113804,5.81613e-20
20539,Solyc03g096370.3,transposed,Unclassified,Solyc09g011860.3,0.332365,4.36526,0.0761386,3.22526e-84
20540,Solyc03g096670.3,transposed,Unmethylated,Solyc05g052980.3,0.179604,3.04909,0.0589041,2.54256e-48
20541,Solyc03g096730.3,transposed,gbM,Solyc09g011220.3,0.0755878,4.16318,0.0181563,3.25223e-116
20542,Solyc03g096750.1,transposed,TE-like,Solyc01g097030.3,0.930257,4.13597,0.224918,2.99497e-24
20543,Solyc03g096830.3,transposed,TE-like,Solyc01g107320.3,0.8594,4.65348,0.184679,1.1987e-47
20544,Solyc03g096890.2,transposed,TE-like,Solyc09g011320.3,0.899049,4.39737,0.204452,7.40345e-35
20545,Solyc03g096935.1,transposed,TE-like,Solyc06g072790.3,0.0904015,0.732527,0.12341,2.63921e-35
20546,Solyc03g097000.3,transposed,TE-like,Solyc12g015730.2,1.12444,4.83358,0.232631,1.1876e-17
20547,Solyc03g097020.3,transposed,gbM,Solyc02g062700.3,0.231256,4.52035,0.0511589,5.79329e-127
20548,Solyc03g097030.3,transposed,TE-like,Solyc03g117870.3,0.284262,4.4994,0.0631776,1.11862e-93
20549,Solyc03g097085.1,transposed,Unclassified,Solyc02g077040.4,0.878176,3.70838,0.236809,1.98163e-11
20550,Solyc03g097210.3,transposed,TE-like,Solyc04g080580.3,0.985718,4.14594,0.237755,8.65222e-10
20551,Solyc03g097240.3,transposed,Unclassified,Solyc05g006820.3,0.552502,2.90245,0.190357,0
20552,Solyc03g097260.3,transposed,TE-like,Solyc11g005740.2,0.83172,4.27617,0.194501,5.98558e-54
20553,Solyc03g097310.3,transposed,gbM,Solyc12g005140.2,0.78131,2.6325,0.296794,6.34033e-16
20554,Solyc03g097355.1,transposed,TE-like,Solyc06g051500.3,0.741023,3.98368,0.186015,1.72749e-37
20555,Solyc03g097370.3,transposed,TE-like,Solyc08g007110.3,0.821849,4.73452,0.173587,1.9398e-63
20556,Solyc03g097490.3,transposed,Unclassified,Solyc07g065490.3,0.551226,4.31875,0.127636,6.69635e-43
20557,Solyc03g097680.3,transposed,gbM,Solyc06g072580.3,0.0546313,0.973687,0.0561076,1.0046e-17
20558,Solyc03g097830.3,transposed,gbM,Solyc02g082810.3,0.54756,4.31756,0.126822,3.10212e-55
20559,Solyc03g097850.1,transposed,TE-like,Solyc02g079260.2,0.587098,4.68119,0.125416,4.8795e-94
20560,Solyc03g097860.1,transposed,gbM,Solyc02g087000.3,0.386153,4.71369,0.0819216,7.23473e-81
20561,Solyc03g097870.3,transposed,Unclassified,Solyc03g097590.3,0.0590996,0.268067,0.220466,2.75813e-11
20562,Solyc03g098075.1,transposed,Unmethylated,Solyc01g005060.3,0.12611,2.71911,0.0463793,9.18963e-19
20563,Solyc03g098210.3,transposed,TE-like,Solyc07g005590.3,0.604734,4.54191,0.133145,5.92721e-95
20564,Solyc03g098260.2,transposed,Unclassified,Solyc05g007870.2,0.243401,2.2916,0.106215,2.24924e-07
20565,Solyc03g098320.3,transposed,gbM,Solyc01g095030.3,0.727678,3.97469,0.183078,1.41448e-30
20566,Solyc03g098420.3,transposed,TE-like,Solyc02g079260.2,0.655569,4.65394,0.140863,7.5553e-74
20567,Solyc03g098430.3,transposed,TE-like,Solyc05g046290.3,0.417737,3.79239,0.110151,7.75391e-50
20568,Solyc03g098460.3,transposed,TE-like,Solyc08g081200.3,0.731598,3.91836,0.18671,7.44075e-37
20569,Solyc03g098500.3,transposed,Unclassified,Solyc03g006610.3,0.421704,3.64078,0.115828,3.47403e-50
20570,Solyc03g098610.3,transposed,TE-like,Solyc04g081070.3,0.858452,4.64965,0.184627,5.40266e-39
20571,Solyc03g098640.3,transposed,Unclassified,Solyc01g107240.3,0.843557,3.86189,0.218431,1.10896e-11
20572,Solyc03g098660.3,transposed,Unmethylated,Solyc04g008930.2,0.357194,3.60037,0.0992101,1.60055e-22
20573,Solyc03g098710.1,transposed,Unmethylated,NA,NA,NA,NA,NA
20574,Solyc03g104790.2,transposed,TE-like,Solyc02g088340.3,0.330314,1.14337,0.288895,4.42359e-08
20575,Solyc03g104810.3,transposed,gbM,Solyc02g088345.1,0.265814,0.951804,0.279274,1.0696e-16
20576,Solyc03g110860.3,transposed,Unmethylated,Solyc06g072040.1,0.0512356,1.44352,0.0354937,7.13629e-45
20577,Solyc03g110885.1,transposed,TE-like,Solyc10g078860.2,0.726095,4.88465,0.148648,2.18028e-87
20578,Solyc03g110940.3,transposed,TE-like,Solyc04g054190.3,0.864091,4.32675,0.199709,5.48296e-19
20579,Solyc03g110950.1,transposed,gbM,Solyc02g094340.1,0.652242,4.3828,0.148819,1.54192e-42
20580,Solyc03g111040.2,transposed,TE-like,Solyc02g093860.3,0.201735,3.79038,0.0532228,9.94525e-76
20581,Solyc03g111090.3,transposed,TE-like,Solyc12g014170.2,0.700142,4.23997,0.165129,2.87179e-57
20582,Solyc03g111150.3,transposed,Unclassified,Solyc11g012000.2,0.743474,4.27449,0.173933,1.89791e-24
20583,Solyc03g111160.3,transposed,TE-like,Solyc06g050230.3,0.783117,3.83483,0.204212,2.13894e-21
20584,Solyc03g111190.2,transposed,gbM,Solyc01g086640.2,0.295542,4.26026,0.0693718,7.4054e-84
20585,Solyc03g111380.3,transposed,TE-like,Solyc03g025730.3,0.686768,4.18284,0.164187,2.13301e-45
20586,Solyc03g111400.1,transposed,Unmethylated,Solyc06g050250.1,0.365143,2.74428,0.133056,1.45623e-56
20587,Solyc03g111440.1,transposed,TE-like,Solyc03g019640.1,0.132079,0.699549,0.188805,9.21162e-06
20588,Solyc03g111575.1,transposed,TE-like,Solyc07g053980.3,0.327725,4.54499,0.072107,7.03611e-90
20589,Solyc03g111650.3,transposed,gbM,Solyc01g107320.3,0.941074,4.51119,0.208609,4.68183e-41
20590,Solyc03g111670.3,transposed,TE-like,Solyc03g095490.3,0.393989,4.5616,0.0863706,2.14734e-99
20591,Solyc03g111680.3,transposed,gbM,Solyc01g102810.3,0.643145,4.78451,0.134422,8.50451e-112
20592,Solyc03g111710.3,transposed,Unclassified,Solyc08g014440.3,0.497393,4.08619,0.121725,5.47352e-36
20593,Solyc03g111720.3,transposed,Unclassified,Solyc06g034020.3,0.241711,3.51228,0.068819,0
20594,Solyc03g111760.3,transposed,gbM,Solyc01g008960.3,0.377106,4.79289,0.0786803,3.19672e-115
20595,Solyc03g111770.3,transposed,gbM,Solyc02g089320.3,0.2185,4.18917,0.0521584,2.68359e-67
20596,Solyc03g112075.1,transposed,gbM,Solyc02g086880.3,0.873778,2.78683,0.313538,1.98125e-11
20597,Solyc03g112270.3,transposed,gbM,Solyc00g007300.3,0.794554,4.22863,0.187899,2.22228e-41
20598,Solyc03g112310.1,transposed,Unclassified,Solyc05g053010.1,0.527995,4.45968,0.118393,5.47916e-90
20599,Solyc03g112340.1,transposed,Unmethylated,Solyc04g074820.2,0.569251,4.07997,0.139523,5.06257e-28
20600,Solyc03g112440.1,transposed,Unmethylated,Solyc03g119820.1,0.733619,1.51346,0.484728,0.000239228
20601,Solyc03g112580.3,transposed,Unclassified,Solyc04g064940.3,0.497092,4.9583,0.100254,1.92001e-137
20602,Solyc03g112590.3,transposed,Unclassified,Solyc06g074980.3,0.0675436,4.61161,0.0146464,0
20603,Solyc03g112630.3,transposed,gbM,Solyc08g008510.3,0.536659,4.10023,0.130885,6.38947e-43
20604,Solyc03g112690.1,transposed,gbM,Solyc01g095890.3,0.308818,4.49682,0.0686746,6.66432e-76
20605,Solyc03g112710.1,transposed,Unclassified,Solyc10g055570.2,0.355662,3.55087,0.100162,5.09512e-19
20606,Solyc03g112720.3,transposed,Unclassified,Solyc04g078620.3,0.163801,0.692079,0.23668,2.45705e-08
20607,Solyc03g112800.2,transposed,Unmethylated,Solyc03g098090.2,0.216168,2.00943,0.107577,2.06807e-11
20608,Solyc03g112880.1,transposed,Unclassified,Solyc06g076110.1,0.210441,0.954114,0.220562,8.11745e-13
20609,Solyc03g112910.3,transposed,TE-like,Solyc10g074590.2,0.568448,4.04635,0.140484,2.47461e-39
20610,Solyc03g112950.3,transposed,TE-like,Solyc01g109080.3,0.983932,5.41598,0.181672,2.08725e-80
20611,Solyc03g112990.1,transposed,Unmethylated,Solyc03g123620.4,0.703352,2.91476,0.241307,5.03695e-06
20612,Solyc03g113050.1,transposed,TE-like,Solyc05g010280.3,0.294305,1.79855,0.163634,2.06555e-30
20613,Solyc03g113080.3,transposed,gbM,Solyc06g070940.3,0.17513,0.765921,0.228653,3.25525e-17
20614,Solyc03g113230.2,transposed,TE-like,Solyc01g087280.1,0.524936,3.86475,0.135827,4.20442e-45
20615,Solyc03g113350.3,transposed,gbM,Solyc05g009150.3,0.53906,4.86929,0.110706,1.47904e-76
20616,Solyc03g113380.3,transposed,gbM,Solyc08g023490.3,0.937205,2.19396,0.427175,4.95462e-12
20617,Solyc03g113405.1,transposed,TE-like,Solyc06g071100.3,0.0204582,1.092,0.0187347,4.77876e-112
20618,Solyc03g113410.2,transposed,TE-like,Solyc01g096070.3,0.430256,1.66727,0.25806,3.62677e-07
20619,Solyc03g113450.3,transposed,gbM,Solyc04g072570.3,0.637726,4.38083,0.145572,2.57415e-49
20620,Solyc03g113530.3,transposed,Unclassified,Solyc02g088190.3,0.676678,3.97551,0.170212,1.16502e-25
20621,Solyc03g113690.1,transposed,gbM,Solyc07g062630.1,0.479681,4.51679,0.1062,1.27081e-60
20622,Solyc03g113740.3,transposed,gbM,Solyc05g053835.1,0.936104,4.18396,0.223737,9.99275e-29
20623,Solyc03g113750.2,transposed,Unclassified,Solyc09g010450.1,0.766008,4.34458,0.176314,1.74008e-27
20624,Solyc03g113790.3,transposed,TE-like,Solyc09g011220.3,0.651708,4.08551,0.159517,4.94607e-36
20625,Solyc03g113880.3,transposed,TE-like,Solyc09g009080.3,0.856776,3.96595,0.216033,5.62797e-17
20626,Solyc03g113900.3,transposed,TE-like,Solyc03g123900.3,0.754517,4.14788,0.181904,1.51984e-78
20627,Solyc03g113930.2,transposed,Unmethylated,Solyc01g102960.3,0.135994,1.09571,0.124116,1.63245e-18
20628,Solyc03g114070.3,transposed,gbM,Solyc02g083580.4,0.112095,3.71297,0.0301902,7.94981e-53
20629,Solyc03g114270.1,transposed,Unmethylated,Solyc01g101160.2,0.680024,2.83679,0.239716,1.01271e-09
20630,Solyc03g114380.3,transposed,gbM,Solyc02g091740.3,0.673269,4.39857,0.153066,1.39615e-66
20631,Solyc03g114420.1,transposed,Unmethylated,Solyc04g006930.3,0.204975,3.54932,0.0577504,9.42486e-38
20632,Solyc03g114580.3,transposed,TE-like,Solyc05g010340.3,0.159323,4.58268,0.0347663,1.05276e-129
20633,Solyc03g114585.1,transposed,TE-like,Solyc12g038980.2,0.221853,0.761896,0.291186,0.000436252
20634,Solyc03g114600.3,transposed,gbM,Solyc05g010280.3,0.332083,1.47385,0.225317,2.71531e-24
20635,Solyc03g114660.1,transposed,Unclassified,Solyc09g065710.1,0.673618,4.66934,0.144264,6.43739e-56
20636,Solyc03g114920.1,transposed,Unclassified,Solyc09g010450.1,0.879932,4.31936,0.203718,6.51983e-29
20637,Solyc03g115030.3,transposed,gbM,Solyc01g079960.2,0.303926,3.72455,0.0816007,4.83255e-28
20638,Solyc03g115150.3,transposed,TE-like,Solyc06g074080.3,0.69387,3.98818,0.173982,3.40104e-25
20639,Solyc03g115710.1,transposed,gbM,Solyc10g054050.2,0.359649,4.66859,0.0770359,9.15949e-126
20640,Solyc03g115750.1,transposed,gbM,Solyc08g080930.1,0.621424,4.28771,0.144932,1.44369e-41
20641,Solyc03g116010.2,transposed,Unclassified,Solyc03g083040.1,0.717134,3.75514,0.190974,1.6038e-12
20642,Solyc03g116080.2,transposed,NA,NA,NA,NA,NA,NA
20643,Solyc03g116190.1,transposed,Unclassified,Solyc11g020130.2,0.508848,1.69229,0.300686,9.48171e-05
20644,Solyc03g116230.3,transposed,Unclassified,Solyc11g020450.2,0.407838,2.17211,0.187761,2.32815e-07
20645,Solyc03g116245.1,transposed,TE-like,Solyc02g069080.3,0.123009,0.639583,0.192326,0.000184644
20646,Solyc03g116440.2,transposed,gbM,Solyc04g008420.1,0.652309,4.46647,0.146046,1.00207e-38
20647,Solyc03g116450.1,transposed,Unclassified,Solyc02g080920.2,0.743001,3.03056,0.245169,0
20648,Solyc03g116480.1,transposed,Unmethylated,Solyc05g015520.3,1.01122,2.10045,0.481427,0.000557359
20649,Solyc03g116550.3,transposed,TE-like,Solyc04g074670.3,0.671263,4.22209,0.158988,2.77586e-30
20650,Solyc03g116610.3,transposed,Unmethylated,Solyc06g068360.3,0.490501,3.48671,0.140677,3.25996e-17
20651,Solyc03g116710.3,transposed,Unclassified,Solyc08g081680.2,0.573955,3.54972,0.16169,2.20065e-18
20652,Solyc03g116760.3,transposed,gbM,Solyc07g006610.3,0.330838,4.04495,0.0817904,3.91933e-71
20653,Solyc03g116850.3,transposed,gbM,Solyc07g005590.3,0.219423,4.64187,0.0472703,2.59194e-120
20654,Solyc03g116860.3,transposed,TE-like,Solyc02g064690.3,0.443414,4.17143,0.106298,1.19134e-47
20655,Solyc03g116880.3,transposed,Unclassified,Solyc12g010050.2,0.269023,4.16299,0.0646224,2.33181e-71
20656,Solyc03g116900.3,transposed,TE-like,Solyc02g092800.3,0.573692,4.31561,0.132934,2.17434e-37
20657,Solyc03g117040.3,transposed,TE-like,Solyc06g005550.2,0.596878,4.50797,0.132405,3.62676e-39
20658,Solyc03g117050.3,transposed,Unclassified,Solyc03g005980.3,0.456109,3.96181,0.115126,2.84517e-25
20659,Solyc03g117120.3,transposed,TE-like,Solyc04g007280.3,0.442036,3.65936,0.120796,2.19918e-27
20660,Solyc03g117150.3,transposed,gbM,Solyc07g017780.3,0.106334,4.7957,0.0221727,6.12048522068136e-320
20661,Solyc03g117180.3,transposed,gbM,Solyc01g098740.3,0.612546,4.23372,0.144683,3.63556e-26
20662,Solyc03g117230.1,transposed,Unmethylated,Solyc07g049490.2,0.683191,3.52805,0.193646,3.4012e-22
20663,Solyc03g117250.3,transposed,Unclassified,Solyc06g065850.2,0.229789,4.32504,0.0531298,1.80999e-74
20664,Solyc03g117540.3,transposed,gbM,Solyc03g007530.3,0.934212,2.97481,0.314041,3.9351e-15
20665,Solyc03g117543.1,transposed,gbM,Solyc09g075020.3,0.601135,3.93761,0.152665,4.18236e-25
20666,Solyc03g117547.1,transposed,gbM,Solyc09g075020.3,0.690229,4.62262,0.149315,3.02688e-45
20667,Solyc03g117600.3,transposed,Unclassified,Solyc03g097500.3,0.625666,4.19453,0.149163,1.67339e-36
20668,Solyc03g117710.2,transposed,Unclassified,Solyc08g006680.3,0.366757,3.4675,0.10577,2.91974e-18
20669,Solyc03g117730.3,transposed,Unclassified,Solyc01g067680.3,0.840255,3.90625,0.215105,6.26798e-23
20670,Solyc03g117750.3,transposed,Unclassified,Solyc12g009210.2,0.205288,4.38024,0.0468668,3.77529e-109
20671,Solyc03g117850.3,transposed,TE-like,Solyc10g086580.2,0.539741,4.17837,0.129175,1.1383e-40
20672,Solyc03g117950.3,transposed,gbM,Solyc03g118340.3,0.483439,4.81755,0.100349,3.17662e-166
20673,Solyc03g118070.3,transposed,gbM,Solyc01g099280.3,0.47242,4.34423,0.108747,1.25962e-42
20674,Solyc03g118120.3,transposed,Unmethylated,Solyc06g068740.3,0.387312,1.64487,0.235466,2.98656e-16
20675,Solyc03g118230.2,transposed,gbM,Solyc02g030460.2,0.919949,3.79019,0.242719,1.66758e-17
20676,Solyc03g118250.3,transposed,TE-like,Solyc11g007700.2,0.732004,3.87346,0.188979,3.06404e-25
20677,Solyc03g118280.1,transposed,TE-like,Solyc12g015730.2,0.841304,4.85459,0.173301,9.80306e-41
20678,Solyc03g118330.2,transposed,Unclassified,Solyc06g076910.2,0.310773,3.50182,0.0887464,5.41061e-23
20679,Solyc03g118333.1,transposed,Unclassified,Solyc06g076910.2,0.318014,2.57903,0.123308,2.06538e-18
20680,Solyc03g118350.3,transposed,gbM,Solyc01g080040.3,0.707656,3.50731,0.201766,5.16835e-15
20681,Solyc03g118380.2,transposed,gbM,Solyc09g083340.2,0.617295,1.81457,0.340188,1.40387e-06
20682,Solyc03g118410.3,transposed,Unclassified,Solyc01g067730.3,0.398232,3.20071,0.12442,1.41794e-14
20683,Solyc03g118425.1,transposed,TE-like,Solyc06g051577.1,0.652781,4.14787,0.157377,2.91977e-56
20684,Solyc03g118500.3,transposed,TE-like,Solyc01g105340.3,0.511217,4.25749,0.120075,1.44175e-44
20685,Solyc03g118580.3,transposed,Unclassified,Solyc08g007460.2,0.881346,2.58237,0.341293,0.00067161
20686,Solyc03g118650.3,transposed,gbM,Solyc03g113030.3,0.405453,3.99117,0.101588,4.86271e-59
20687,Solyc03g118680.3,transposed,gbM,Solyc01g099230.3,0.557587,4.03926,0.138042,2.35885e-36
20688,Solyc03g118740.3,transposed,Unclassified,Solyc10g078370.2,0.173466,4.37879,0.0396149,2.79468e-145
20689,Solyc03g118755.1,transposed,Unclassified,Solyc12g040790.2,0.114378,1.35249,0.084568,8.48511e-26
20690,Solyc03g118760.3,transposed,gbM,Solyc03g025730.3,0.0398202,4.08136,0.00975661,0
20691,Solyc03g118780.3,transposed,Unmethylated,Solyc04g079890.3,0.426793,3.90187,0.109382,1.06293e-37
20692,Solyc03g118800.3,transposed,gbM,Solyc07g042180.3,0.723155,3.98569,0.181438,5.9602e-29
20693,Solyc03g118820.3,transposed,Unmethylated,Solyc07g053480.3,0.351263,3.7453,0.0937878,1.46922e-44
20694,Solyc03g118870.3,transposed,gbM,Solyc04g007460.3,0.462147,4.56008,0.101346,1.19754e-65
20695,Solyc03g118890.3,transposed,TE-like,Solyc08g006060.3,0.784703,3.96661,0.197827,1.37931e-23
20696,Solyc03g118900.2,transposed,Unclassified,Solyc09g089860.3,0.602109,4.17657,0.144163,2.17913e-23
20697,Solyc03g118910.1,transposed,Unclassified,Solyc01g090750.3,0.724826,4.45203,0.162808,2.00197e-24
20698,Solyc03g118990.2,transposed,gbM,Solyc03g119290.3,0.935459,3.72665,0.251019,9.16806e-10
20699,Solyc03g119050.3,transposed,TE-like,Solyc08g080580.3,0.846912,4.21143,0.201099,3.07739e-56
20700,Solyc03g119080.4,transposed,gbM,Solyc07g063880.3,0.438442,4.32953,0.101268,5.51292e-59
20701,Solyc03g119100.2,transposed,TE-like,Solyc02g079290.3,0.342461,3.54366,0.0966405,5.97242e-23
20702,Solyc03g119225.1,transposed,TE-like,Solyc02g086210.3,0.342052,1.33618,0.255993,1.33305e-05
20703,Solyc03g119305.1,transposed,TE-like,Solyc05g009150.3,0.256138,4.79812,0.0533829,5.4034e-183
20704,Solyc03g119450.3,transposed,TE-like,Solyc09g083350.3,0.55021,4.67762,0.117626,9.30412e-73
20705,Solyc03g119530.3,transposed,Unmethylated,Solyc02g085910.3,0.34034,3.77477,0.0901619,4.2849e-44
20706,Solyc03g119550.2,transposed,Unclassified,Solyc01g112080.3,0.721599,3.74395,0.192737,5.26134e-29
20707,Solyc03g119660.2,transposed,Unclassified,Solyc04g007900.3,0.516718,3.4652,0.149116,7.38549e-27
20708,Solyc03g119720.3,transposed,TE-like,Solyc02g068070.3,0.980513,4.23356,0.231605,2.0264e-17
20709,Solyc03g119730.3,transposed,TE-like,Solyc06g074080.3,0.737762,4.09981,0.179951,6.37235e-31
20710,Solyc03g119740.3,transposed,Unmethylated,Solyc04g008870.3,0.371472,3.78728,0.0980841,1.52816e-59
20711,Solyc03g119800.2,transposed,Unclassified,Solyc01g091760.2,0.619942,3.62521,0.171009,2.4419e-30
20712,Solyc03g119860.3,transposed,gbM,Solyc07g007110.3,0.884349,3.76083,0.235147,1.13879e-24
20713,Solyc03g119880.3,transposed,Unclassified,Solyc12g013900.2,0.550941,2.90073,0.189932,3.94964e-10
20714,Solyc03g119890.3,transposed,TE-like,Solyc03g121290.3,0.932725,4.30558,0.216632,1.38875e-17
20715,Solyc03g119900.3,transposed,TE-like,Solyc09g082570.3,0.701176,3.5961,0.194982,9.68413e-14
20716,Solyc03g119960.3,transposed,Unclassified,Solyc09g007820.2,0.685293,4.20589,0.162936,3.89631e-29
20717,Solyc03g119980.3,transposed,Unclassified,Solyc02g063160.3,0.754662,2.37521,0.317724,5.83716e-11
20718,Solyc03g120020.3,transposed,Unclassified,Solyc01g079150.3,0.291918,4.59083,0.0635872,1.5078e-120
20719,Solyc03g120040.3,transposed,TE-like,Solyc06g067910.3,0.111474,1.77612,0.0627626,4.14948e-58
20720,Solyc03g120060.2,transposed,Unclassified,Solyc04g080100.3,0.53498,4.35754,0.122771,2.57474e-47
20721,Solyc03g120140.3,transposed,TE-like,Solyc02g083610.3,0.738138,4.56532,0.161684,1.23034e-34
20722,Solyc03g120190.3,transposed,Unclassified,Solyc09g082080.1,0.680845,3.60496,0.188863,1.96394e-14
20723,Solyc03g120250.3,transposed,gbM,Solyc09g065560.3,0.343298,4.58223,0.0749195,4.06627e-79
20724,Solyc03g120360.1,transposed,gbM,Solyc03g117010.3,1.02685,4.71266,0.217892,3.11289e-48
20725,Solyc03g120380.3,transposed,Unclassified,Solyc06g053840.3,0.379859,3.48317,0.109055,6.64535e-21
20726,Solyc03g120390.3,transposed,Unmethylated,Solyc09g083290.3,0.322753,3.53405,0.0913268,0
20727,Solyc03g120450.3,transposed,TE-like,Solyc04g054710.3,0.804637,4.18528,0.192254,3.31693e-15
20728,Solyc03g120460.3,transposed,gbM,Solyc02g079260.2,0.782338,4.82906,0.162006,7.94292e-59
20729,Solyc03g120800.3,transposed,Unclassified,Solyc01g108320.3,0.541895,3.07686,0.176119,2.01877e-11
20730,Solyc03g120805.1,transposed,Unclassified,Solyc01g108320.3,0.547218,3.76365,0.145396,2.11438e-32
20731,Solyc03g120810.3,transposed,gbM,Solyc05g054260.3,0.338508,4.5736,0.0740136,4.47922e-144
20732,Solyc03g120850.3,transposed,TE-like,Solyc11g069790.2,0.48495,4.57061,0.106102,1.90005e-49
20733,Solyc03g120860.2,transposed,Unmethylated,Solyc09g065250.2,0.68124,2.09814,0.324688,2.64986e-06
20734,Solyc03g121110.3,transposed,TE-like,Solyc12g043100.2,0.891647,4.45531,0.200131,7.70299e-36
20735,Solyc03g121320.3,transposed,TE-like,Solyc03g096880.3,0.659054,4.48595,0.146915,1.6953e-94
20736,Solyc03g121390.1,transposed,TE-like,Solyc06g069180.3,0.710883,2.25029,0.315907,9.65627e-08
20737,Solyc03g121460.1,transposed,Unmethylated,Solyc09g066000.1,0.464735,1.96808,0.236137,3.60184e-10
20738,Solyc03g121470.3,transposed,TE-like,Solyc03g116620.3,0.467589,4.55527,0.102648,5.48602e-104
20739,Solyc03g121480.3,transposed,Unclassified,Solyc03g115870.3,0.54885,3.38517,0.162134,0
20740,Solyc03g121510.3,transposed,TE-like,Solyc06g051750.3,0.566098,4.24513,0.133353,3.14264e-47
20741,Solyc03g121640.3,transposed,TE-like,Solyc05g053470.3,0.183366,4.51731,0.0405919,1.12371e-120
20742,Solyc03g121650.3,transposed,TE-like,Solyc01g100780.3,0.82506,3.97379,0.207626,1.08184e-21
20743,Solyc03g121680.2,transposed,TE-like,Solyc10g083290.4,0.362994,4.30359,0.0843468,1.42728e-96
20744,Solyc03g121690.1,transposed,TE-like,Solyc04g011610.2,0.830195,3.43917,0.241394,3.26122e-19
20745,Solyc03g121745.1,transposed,TE-like,Solyc08g081495.1,0.222935,2.59928,0.085768,2.69272e-16
20746,Solyc03g121780.1,transposed,Unclassified,Solyc06g071410.3,0.417743,3.95572,0.105605,1.4533e-39
20747,Solyc03g121900.1,transposed,Unclassified,Solyc07g065110.1,0.743469,3.20884,0.231694,1.14576e-05
20748,Solyc03g121920.3,transposed,gbM,Solyc02g089110.3,0.573977,2.98866,0.192052,6.64136e-21
20749,Solyc03g121940.3,transposed,TE-like,Solyc08g062210.3,0.609386,3.7661,0.161808,1.02973e-21
20750,Solyc03g121990.3,transposed,TE-like,Solyc09g007990.3,0.901512,4.24626,0.212307,1.96764e-21
20751,Solyc03g122070.2,transposed,gbM,Solyc02g087870.3,0.530413,4.79157,0.110697,1.52771e-70
20752,Solyc03g122280.3,transposed,TE-like,Solyc03g025510.3,0.93901,4.18772,0.224229,7.51589e-20
20753,Solyc03g123390.3,transposed,Unmethylated,Solyc04g074220.3,0.647565,3.93822,0.164431,2.66125e-24
20754,Solyc03g123440.3,transposed,TE-like,Solyc10g083630.2,0.62242,4.99579,0.124589,1.10781e-145
20755,Solyc03g123450.1,transposed,Unclassified,Solyc05g055070.3,0.0364799,0.29287,0.12456,0.0018456
20756,Solyc03g123490.1,transposed,Unclassified,Solyc04g078110.1,0.449668,4.72736,0.0951202,9.43402e-101
20757,Solyc03g123520.3,transposed,TE-like,Solyc00g007010.3,0.716219,4.40429,0.162619,8.54077e-75
20758,Solyc03g123540.3,transposed,Unmethylated,Solyc01g102960.3,0.668389,3.29503,0.202847,8.8845e-12
20759,Solyc03g123560.3,transposed,Unclassified,Solyc01g100230.3,0.555888,5.64226,0.0985224,5.30669e-11
20760,Solyc03g123690.1,transposed,Unclassified,Solyc06g063110.2,0.777206,2.62178,0.296442,9.09936e-06
20761,Solyc03g123760.3,transposed,TE-like,Solyc07g043590.3,0.935938,4.21892,0.221843,5.35677e-25
20762,Solyc03g123780.3,transposed,gbM,Solyc04g008430.1,0.72646,4.86627,0.149285,6.04412e-97
20763,Solyc03g123820.2,transposed,Unclassified,Solyc08g080190.3,0.457889,4.37424,0.104678,3.25087e-75
20764,Solyc03g123830.3,transposed,Unclassified,Solyc02g086880.3,0.86901,3.00966,0.288741,1.97835e-11
20765,Solyc03g123860.3,transposed,gbM,Solyc12g098100.2,0.654551,4.86534,0.134533,1.02886e-120
20766,Solyc03g123870.3,transposed,TE-like,Solyc02g069080.3,0.66741,4.68331,0.142508,1.10596e-45
20767,Solyc03g123890.3,transposed,TE-like,Solyc04g077870.3,0.429076,4.88892,0.0877649,1.06478e-143
20768,Solyc03g123910.3,transposed,gbM,Solyc02g093910.3,0.224846,2.34151,0.0960264,1.87174e-58
20769,Solyc03g123920.3,transposed,gbM,Solyc04g014680.3,0.384647,4.33863,0.0886564,5.70708e-52
20770,Solyc03g123940.1,transposed,TE-like,Solyc03g112850.3,0.105985,0.570872,0.185655,1.9789e-05
20771,Solyc03g123950.3,transposed,TE-like,Solyc05g051800.3,0.435009,2.72187,0.15982,0
20772,Solyc04g005010.3,transposed,TE-like,Solyc05g006090.3,0.130449,0.541393,0.240951,2.23165e-14
20773,Solyc04g005060.3,transposed,gbM,Solyc02g093720.3,0.876574,4.24867,0.206317,6.03041e-15
20774,Solyc04g005080.3,transposed,TE-like,Solyc12g009400.2,0.636653,4.16678,0.152792,5.39028e-22
20775,Solyc04g005100.3,transposed,Unmethylated,Solyc03g113620.3,0.393241,3.89889,0.10086,3.04437e-31
20776,Solyc04g005130.3,transposed,gbM,Solyc05g006650.3,0.111726,1.63644,0.0682739,4.56483e-27
20777,Solyc04g005150.3,transposed,gbM,Solyc05g010340.3,0.0831124,1.01083,0.0822223,4.40348e-21
20778,Solyc04g005223.1,transposed,Unclassified,Solyc01g010135.1,0.400963,0.953626,0.420461,0.000603271
20779,Solyc04g005227.1,transposed,TE-like,Solyc05g010610.3,0.172373,1.01113,0.170475,2.16433e-14
20780,Solyc04g005230.3,transposed,TE-like,Solyc06g054300.1,0.296727,3.16106,0.0938695,1.10367e-22
20781,Solyc04g005255.1,transposed,TE-like,Solyc05g010810.1,0.093145,0.92545,0.100648,1.25906e-67
20782,Solyc04g005330.3,transposed,TE-like,Solyc07g066060.3,0.764249,3.77249,0.202585,1.76738e-19
20783,Solyc04g005350.3,transposed,Unclassified,Solyc02g088790.3,0.77051,3.44446,0.223696,1.74843e-10
20784,Solyc04g005390.2,transposed,gbM,Solyc12g098100.2,0.733133,4.52405,0.162052,5.87206e-64
20785,Solyc04g005450.3,transposed,TE-like,Solyc01g068380.3,0.698019,4.298,0.162405,1.04061e-37
20786,Solyc04g005510.3,transposed,TE-like,Solyc01g011000.3,0.00263957,1.5148,0.00174251,5.82385e-45
20787,Solyc04g005600.2,transposed,TE-like,Solyc05g007690.2,0.28019,1.34464,0.208376,5.13743e-19
20788,Solyc04g005610.3,transposed,TE-like,Solyc07g063420.3,0.436417,3.69626,0.11807,1.56981e-57
20789,Solyc04g005620.3,transposed,TE-like,Solyc05g007790.3,0.114109,1.58054,0.072196,6.00839e-23
20790,Solyc04g005650.2,transposed,gbM,Solyc05g052640.3,0.325851,4.10819,0.0793175,3.42312e-46
20791,Solyc04g005660.3,transposed,TE-like,Solyc05g007210.2,0.120804,2.67263,0.0452003,2.06893e-17
20792,Solyc04g005720.3,transposed,TE-like,Solyc01g005400.3,0.306672,3.51319,0.0872915,3.36687e-25
20793,Solyc04g005750.1,transposed,Unclassified,Solyc04g005860.3,0.337085,0.284757,1.18377,0.553113
20794,Solyc04g005820.3,transposed,Unclassified,Solyc05g006820.3,0.0924363,0.935748,0.0987833,3.32788e-32
20795,Solyc04g005830.3,transposed,TE-like,Solyc12g014150.2,0.525797,4.14639,0.126808,9.99673e-28
20796,Solyc04g005840.1,transposed,TE-like,Solyc02g087500.2,0.134962,4.35592,0.0309837,1.11355e-125
20797,Solyc04g005850.1,transposed,gbM,Solyc02g069080.3,0.657531,4.67315,0.140704,4.07685e-57
20798,Solyc04g005870.1,transposed,TE-like,Solyc04g005670.2,0.0960868,0.460621,0.208603,0.0019336
20799,Solyc04g005910.3,transposed,TE-like,Solyc05g010400.3,0.0879554,1.11549,0.0788488,7.43963e-79
20800,Solyc04g006960.3,transposed,TE-like,Solyc08g075430.3,0.321745,4.56172,0.0705314,2.06635e-140
20801,Solyc04g006970.3,transposed,gbM,Solyc10g007290.3,0.500966,4.80234,0.104317,5.74549e-115
20802,Solyc04g007120.3,transposed,gbM,Solyc02g063130.3,0.105076,2.8088,0.0374097,1.16367e-52
20803,Solyc04g007160.1,transposed,TE-like,Solyc05g009470.3,0.177034,1.10159,0.160708,4.95078e-24
20804,Solyc04g007270.3,transposed,TE-like,Solyc04g008420.1,0.708187,4.44784,0.159221,2.77829e-56
20805,Solyc04g007310.2,transposed,TE-like,Solyc03g033490.2,0.538461,3.80919,0.141358,2.32755e-33
20806,Solyc04g007330.2,transposed,gbM,Solyc05g015370.2,0.136703,0.168731,0.810184,0.445875
20807,Solyc04g007440.1,transposed,Unmethylated,Solyc10g008810.3,0.457054,3.87172,0.118049,2.62156e-50
20808,Solyc04g007470.3,transposed,TE-like,Solyc12g006240.2,0.742991,4.03685,0.184052,1.12685e-40
20809,Solyc04g007590.2,transposed,gbM,Solyc12g099580.2,0.306301,4.13589,0.0740592,1.27197e-50
20810,Solyc04g007610.3,transposed,TE-like,Solyc01g100320.3,0.84021,3.98801,0.210684,8.18621e-18
20811,Solyc04g007740.1,transposed,TE-like,Solyc08g068460.1,0.0647853,0.0826112,0.784219,0.622839
20812,Solyc04g007800.3,transposed,TE-like,Solyc02g063360.3,0.410143,3.39889,0.12067,7.6548e-23
20813,Solyc04g007870.3,transposed,TE-like,Solyc03g113600.3,0.726681,4.45233,0.163213,2.41109e-28
20814,Solyc04g007880.3,transposed,TE-like,Solyc02g079710.3,0.375674,3.71646,0.101084,8.51909e-28
20815,Solyc04g007910.3,transposed,TE-like,Solyc02g080660.3,0.370302,4.11867,0.0899082,1.13546e-67
20816,Solyc04g007920.1,transposed,Unclassified,Solyc06g072440.3,0.507765,3.4259,0.148213,8.95668e-17
20817,Solyc04g007950.3,transposed,TE-like,Solyc05g051270.3,0.389521,2.16927,0.179563,3.09222e-24
20818,Solyc04g007980.3,transposed,TE-like,Solyc09g089730.3,0.554917,4.09254,0.135592,2.11988e-36
20819,Solyc04g008030.2,transposed,TE-like,Solyc03g025540.3,0.835173,4.41711,0.189077,1.63563e-32
20820,Solyc04g008050.3,transposed,TE-like,Solyc01g065540.3,0.527543,4.37759,0.12051,1.51521e-80
20821,Solyc04g008070.2,transposed,Unclassified,Solyc04g082430.3,1.12416,4.23405,0.265506,1.63007e-11
20822,Solyc04g008075.1,transposed,Unclassified,Solyc03g020010.1,0.545216,3.70755,0.147056,2.07497e-16
20823,Solyc04g008090.3,transposed,TE-like,Solyc12g010470.2,0.591222,3.47643,0.170066,2.00436e-18
20824,Solyc04g008110.3,transposed,gbM,Solyc05g015610.3,0.346436,4.79968,0.072179,2.08179e-158
20825,Solyc04g008150.2,transposed,TE-like,Solyc04g007060.3,0.34385,1.23316,0.278837,3.72602e-31
20826,Solyc04g008220.3,transposed,gbM,Solyc01g087490.3,0.663871,4.2678,0.155554,1.49102e-50
20827,Solyc04g008230.3,transposed,TE-like,Solyc01g079130.2,0.323911,4.26019,0.0760321,4.5739e-77
20828,Solyc04g008280.2,transposed,TE-like,Solyc10g005670.2,0.212108,2.34898,0.0902977,3.93836e-26
20829,Solyc04g008295.1,transposed,gbM,Solyc06g051730.3,0.766472,2.72521,0.281253,2.61205e-17
20830,Solyc04g008360.3,transposed,TE-like,Solyc01g087490.3,0.713383,4.48344,0.159115,5.1274e-56
20831,Solyc04g008410.2,transposed,TE-like,Solyc09g007320.3,0.918431,4.58207,0.20044,2.67734e-30
20832,Solyc04g008455.1,transposed,TE-like,Solyc08g015680.1,0.502947,4.32194,0.116371,2.84058e-43
20833,Solyc04g008480.2,transposed,gbM,Solyc02g076670.3,0.68091,3.60716,0.188766,1.18955e-39
20834,Solyc04g008500.3,transposed,TE-like,Solyc06g075250.3,0.551615,4.0669,0.135635,1.27822e-78
20835,Solyc04g008530.2,transposed,TE-like,Solyc06g073820.2,0.631984,3.47729,0.181746,4.15393e-27
20836,Solyc04g008540.3,transposed,TE-like,Solyc01g105270.3,0.3996,4.05487,0.098548,1.27745e-49
20837,Solyc04g008570.3,transposed,TE-like,Solyc09g010450.1,0.926717,4.36242,0.212432,2.79463e-18
20838,Solyc04g008580.3,transposed,TE-like,Solyc08g005520.3,0.656228,3.31667,0.197857,1.03146e-15
20839,Solyc04g008590.3,transposed,gbM,Solyc06g072580.3,0.547369,4.14566,0.132034,1.426e-35
20840,Solyc04g008620.3,transposed,TE-like,Solyc09g007860.3,0.900689,4.25138,0.211858,1.00231e-20
20841,Solyc04g008650.3,transposed,TE-like,Solyc02g093100.3,0.510985,4.55268,0.112238,1.05841e-75
20842,Solyc04g008660.3,transposed,TE-like,Solyc03g118260.2,0.423151,3.91069,0.108204,6.48727e-48
20843,Solyc04g008665.1,transposed,TE-like,Solyc03g118260.2,0.551525,4.27528,0.129003,1.21926e-49
20844,Solyc04g008730.3,transposed,TE-like,Solyc06g050130.3,0.366983,4.17026,0.088,1.22175e-77
20845,Solyc04g008740.3,transposed,TE-like,Solyc09g008840.3,0.550647,4.39766,0.125214,5.02881e-42
20846,Solyc04g008780.3,transposed,gbM,Solyc03g116910.3,0.52876,3.99743,0.132275,1.49898e-33
20847,Solyc04g008820.3,transposed,gbM,Solyc02g082700.3,0.452488,3.18337,0.142141,6.97816e-22
20848,Solyc04g008830.1,transposed,gbM,Solyc06g048620.3,0.741358,4.38753,0.168969,2.96295e-45
20849,Solyc04g008840.3,transposed,gbM,Solyc09g076050.3,0.782373,4.34832,0.179925,6.23195e-31
20850,Solyc04g009030.3,transposed,TE-like,Solyc12g094640.2,0.193711,4.19677,0.0461572,6.41938e-86
20851,Solyc04g009040.3,transposed,TE-like,Solyc06g076910.2,0.462503,4.88049,0.0947656,1.94489e-93
20852,Solyc04g009200.3,transposed,TE-like,Solyc08g048450.3,0.890505,4.23747,0.21015,3.17717e-18
20853,Solyc04g009320.3,transposed,TE-like,Solyc09g011030.3,0.833239,3.96953,0.209908,9.73621e-24
20854,Solyc04g009330.3,transposed,gbM,Solyc08g066050.3,0.285819,3.9822,0.0717741,1.11684e-50
20855,Solyc04g009340.3,transposed,TE-like,Solyc05g052220.3,0.66511,4.05615,0.163976,7.25446e-40
20856,Solyc04g009390.2,transposed,TE-like,Solyc11g005740.2,0.604246,3.76635,0.160433,1.46332e-18
20857,Solyc04g009450.1,transposed,gbM,Solyc03g119580.1,0.766063,3.94487,0.194192,5.30662e-29
20858,Solyc04g009530.3,transposed,TE-like,Solyc10g084400.2,0.239667,3.67405,0.0652323,5.23724e-43
20859,Solyc04g009560.3,transposed,TE-like,Solyc07g049580.3,0.695483,4.20005,0.165589,6.89029e-26
20860,Solyc04g009630.3,transposed,TE-like,Solyc02g069670.3,0.23668,4.7839,0.0494742,2.81699e-149
20861,Solyc04g009655.1,transposed,TE-like,Solyc11g007020.2,0.0875148,1.26399,0.069237,4.8834e-40
20862,Solyc04g009930.2,transposed,TE-like,Solyc08g080430.2,0.425619,4.24145,0.100348,3.79533e-62
20863,Solyc04g010230.3,transposed,TE-like,Solyc01g010740.3,0.657972,3.91502,0.168063,1.69954e-38
20864,Solyc04g010250.3,transposed,TE-like,Solyc02g063160.3,0.499889,3.95241,0.126477,3.5029e-27
20865,Solyc04g010290.3,transposed,TE-like,Solyc09g091230.3,0.478846,4.04602,0.11835,5.88249e-42
20866,Solyc04g010300.3,transposed,TE-like,Solyc02g087870.3,0.626604,3.96677,0.157963,1.20472e-30
20867,Solyc04g010310.3,transposed,TE-like,Solyc08g076720.3,0.517318,4.92985,0.104936,1.14618e-121
20868,Solyc04g011340.3,transposed,TE-like,Solyc10g078270.2,0.395739,4.01305,0.0986132,1.61657e-43
20869,Solyc04g011570.3,transposed,TE-like,Solyc04g054330.3,0.111782,1.22133,0.0915249,1.37179e-34
20870,Solyc04g011590.3,transposed,Unclassified,Solyc02g093860.3,0.210042,4.27028,0.0491869,6.70541e-78
20871,Solyc04g011640.3,transposed,Unclassified,Solyc10g086530.1,0.282081,3.0913,0.0912501,2.32998e-28
20872,Solyc04g011670.3,transposed,TE-like,Solyc04g054320.3,0.125423,0.911521,0.137597,7.26472e-30
20873,Solyc04g011700.2,transposed,TE-like,Solyc04g072500.1,0.759622,4.16171,0.182527,3.57376e-19
20874,Solyc04g012030.3,transposed,gbM,Solyc04g071860.3,0.213036,2.08333,0.102257,5.311e-58
20875,Solyc04g012050.3,transposed,Unclassified,Solyc04g051360.3,0.33357,4.38168,0.0761284,7.28387e-26
20876,Solyc04g012070.2,transposed,TE-like,Solyc09g089860.3,0.069799,0.219511,0.317975,6.81842e-08
20877,Solyc04g012160.3,transposed,TE-like,Solyc11g010130.2,0.078413,1.43578,0.0546137,5.70683e-45
20878,Solyc04g012170.3,transposed,TE-like,Solyc11g007760.2,1.09985,3.68946,0.298107,1.60098e-08
20879,Solyc04g012180.3,transposed,gbM,Solyc01g086850.3,0.178507,3.83418,0.0465566,4.55205e-60
20880,Solyc04g014360.3,transposed,gbM,Solyc04g006990.3,0.486671,3.56675,0.136447,8.48285e-26
20881,Solyc04g014470.3,transposed,TE-like,Solyc05g014290.3,0.386774,3.45672,0.11189,3.93788e-29
20882,Solyc04g014480.3,transposed,Unclassified,Solyc06g076520.1,0.492897,1.47632,0.333868,4.0407e-07
20883,Solyc04g014490.1,transposed,Unmethylated,Solyc06g072440.3,0.635791,1.99107,0.319321,1.13522e-06
20884,Solyc04g014520.1,transposed,Unclassified,Solyc01g006050.2,0.154535,2.00467,0.0770876,3.23526e-46
20885,Solyc04g014600.3,transposed,Unclassified,Solyc09g011660.3,0.343729,3.06281,0.112227,6.90298e-18
20886,Solyc04g014670.3,transposed,gbM,Solyc04g007400.3,0.618096,3.80191,0.162575,2.7074e-22
20887,Solyc04g014880.3,transposed,TE-like,Solyc10g006010.3,0.374974,3.47379,0.107944,1.7048e-35
20888,Solyc04g014997.1,transposed,NA,Solyc02g031790.2,0.141103,2.65054,0.0532354,3.1721e-13
20889,Solyc04g015040.3,transposed,TE-like,Solyc04g054510.3,0.68624,1.85021,0.370899,2.40241e-05
20890,Solyc04g015120.3,transposed,Unclassified,Solyc03g112330.3,0.555893,3.6466,0.152441,2.04802e-19
20891,Solyc04g015130.3,transposed,TE-like,Solyc10g005770.3,0.18686,2.4641,0.0758331,8.60354e-104
20892,Solyc04g015200.3,transposed,TE-like,Solyc12g095880.2,0.380873,4.28283,0.0889302,4.89195e-73
20893,Solyc04g015270.3,transposed,TE-like,Solyc01g093970.4,0.429215,4.49906,0.095401,1.79536e-110
20894,Solyc04g015280.3,transposed,TE-like,Solyc05g056140.3,0.730696,4.27152,0.171062,3.5157e-45
20895,Solyc04g015290.3,transposed,gbM,Solyc12g098370.2,0.527702,3.89797,0.135378,7.64838e-35
20896,Solyc04g015300.3,transposed,TE-like,Solyc01g080270.3,0.470647,4.28861,0.109743,5.79325e-65
20897,Solyc04g015340.3,transposed,TE-like,Solyc07g005960.3,0.341365,4.2045,0.0811904,6.84099e-64
20898,Solyc04g015360.3,transposed,gbM,Solyc05g056120.3,0.177501,0.948244,0.18719,3.99455e-23
20899,Solyc04g015460.3,transposed,TE-like,Solyc08g059730.1,0.608452,4.58726,0.13264,8.99742e-91
20900,Solyc04g015470.3,transposed,TE-like,Solyc10g078460.2,0.43255,4.45749,0.0970389,6.05709e-90
20901,Solyc04g015560.3,transposed,TE-like,Solyc06g073740.3,0.155187,4.38815,0.035365,7.80224e-129
20902,Solyc04g015940.3,transposed,TE-like,Solyc07g042380.3,0.8486,4.95561,0.17124,1.81975e-49
20903,Solyc04g015950.2,transposed,TE-like,Solyc01g107320.3,0.925478,4.62866,0.199945,2.69772e-27
20904,Solyc04g015970.3,transposed,TE-like,Solyc06g070920.3,0.778135,4.50423,0.172756,9.3431e-35
20905,Solyc04g015990.2,transposed,TE-like,Solyc08g081810.3,0.816077,4.74062,0.172146,1.07284e-38
20906,Solyc04g016015.1,transposed,TE-like,Solyc10g080080.2,0.0676318,0.432141,0.156504,1.00077e-16
20907,Solyc04g016080.2,transposed,TE-like,Solyc09g075480.3,0.518588,4.74675,0.109251,7.49645e-105
20908,Solyc04g016170.2,transposed,TE-like,Solyc07g021230.1,0.26693,1.70548,0.156513,2.27011e-07
20909,Solyc04g016175.1,transposed,TE-like,Solyc02g066930.3,0.584709,3.196,0.18295,1.36401e-18
20910,Solyc04g016410.3,transposed,TE-like,Solyc04g073940.3,0.882608,4.34078,0.203329,5.38919e-37
20911,Solyc04g016540.2,transposed,TE-like,Solyc02g079260.2,0.688511,4.67141,0.147388,2.39595e-67
20912,Solyc04g017730.1,transposed,TE-like,Solyc09g089550.3,0.648706,3.5039,0.185138,1.76784e-29
20913,Solyc04g018060.1,transposed,TE-like,Solyc04g080570.3,0.108044,0.353887,0.305308,0.0464168
20914,Solyc04g018100.3,transposed,TE-like,Solyc01g005020.3,0.395988,2.86011,0.138452,1.40597e-85
20915,Solyc04g018110.1,transposed,Unmethylated,Solyc10g079755.1,0.231101,1.03579,0.223116,2.53584e-12
20916,Solyc04g018190.1,transposed,Unclassified,Solyc02g011920.1,0.129649,0.491667,0.263693,0.000881921
20917,Solyc04g018250.1,transposed,TE-like,Solyc12g062650.1,0.396827,0.845161,0.469529,0.12847
20918,Solyc04g024420.3,transposed,gbM,Solyc07g016200.3,0.832918,2.03488,0.40932,0.00011521
20919,Solyc04g024480.1,transposed,TE-like,Solyc06g068650.3,0.067491,0.0978543,0.689709,0.483383
20920,Solyc04g024530.3,transposed,TE-like,Solyc05g054480.3,0.5851,4.06067,0.14409,2.13485e-61
20921,Solyc04g024550.1,transposed,TE-like,Solyc01g017060.2,0.253654,0.780231,0.325101,0.000176943
20922,Solyc04g024570.1,transposed,TE-like,Solyc11g021190.1,0.241182,0.631261,0.382065,4.7617e-05
20923,Solyc04g024590.3,transposed,TE-like,Solyc03g097440.3,0.748357,4.06752,0.183983,7.77248e-17
20924,Solyc04g024710.3,transposed,Unclassified,Solyc11g069810.2,0.326093,3.94,0.0827649,7.89713e-45
20925,Solyc04g024780.1,transposed,Unclassified,Solyc05g005260.2,0.527522,3.99448,0.132063,1.10843e-23
20926,Solyc04g024785.1,transposed,TE-like,Solyc02g087770.3,0.51314,2.25287,0.227771,1.56997e-09
20927,Solyc04g024880.2,transposed,TE-like,Solyc09g007680.3,0.743457,4.45839,0.166754,1.82491e-38
20928,Solyc04g024940.3,transposed,TE-like,Solyc02g093840.3,0.544254,4.10906,0.132452,9.17263e-42
20929,Solyc04g024970.1,transposed,TE-like,Solyc10g078460.2,0.427652,1.09722,0.389761,0.00126765
20930,Solyc04g025120.2,transposed,Unclassified,Solyc11g069830.2,0.233674,2.63873,0.0885555,0
20931,Solyc04g025160.3,transposed,TE-like,Solyc11g069830.2,0.201271,2.60574,0.0772416,9.57663e-59
20932,Solyc04g025170.3,transposed,TE-like,Solyc06g075020.3,0.299288,4.24159,0.0705603,2.87081e-62
20933,Solyc04g025180.3,transposed,TE-like,Solyc09g008000.3,0.400798,4.50211,0.0890244,9.6589e-98
20934,Solyc04g025210.3,transposed,TE-like,Solyc11g017000.2,0.314172,2.62196,0.119824,3.72499e-59
20935,Solyc04g025280.3,transposed,TE-like,Solyc11g069530.2,0.253792,4.25561,0.059637,1.72743e-63
20936,Solyc04g025281.1,transposed,TE-like,Solyc06g075130.3,0.390002,3.9079,0.0997984,2.71031e-29
20937,Solyc04g025440.3,transposed,gbM,Solyc06g068040.3,0.48157,4.18003,0.115207,2.11536e-47
20938,Solyc04g025450.2,transposed,TE-like,Solyc03g032210.3,0.284465,0.172854,1.6457,0.13402
20939,Solyc04g025475.1,transposed,TE-like,Solyc01g090410.3,0.220994,0.536539,0.411888,0.00872487
20940,Solyc04g025530.3,transposed,TE-like,Solyc01g005000.3,0.0410213,0.277773,0.147679,1.44656e-23
20941,Solyc04g025535.1,transposed,TE-like,Solyc11g011650.1,0.195689,0.327127,0.598205,0.150465
20942,Solyc04g025570.2,transposed,TE-like,Solyc09g074670.3,0.197586,0.284551,0.694381,0.298331
20943,Solyc04g025640.1,transposed,TE-like,Solyc12g005190.2,0.553478,2.81402,0.196686,1.58599e-06
20944,Solyc04g025650.3,transposed,TE-like,Solyc06g060880.3,0.721339,4.14468,0.17404,3.88702e-24
20945,Solyc04g025660.1,transposed,TE-like,Solyc05g055070.3,0.0838702,0.258004,0.325074,0.00261342
20946,Solyc04g025825.1,transposed,TE-like,NA,NA,NA,NA,NA
20947,Solyc04g025880.3,transposed,gbM,Solyc05g005740.3,0.0984449,0.922703,0.106692,4.83263e-66
20948,Solyc04g025930.2,transposed,TE-like,Solyc04g082825.1,0.215116,0.702712,0.306122,0.00565336
20949,Solyc04g026020.3,transposed,gbM,Solyc05g013850.2,0.0404592,0.218597,0.185086,2.84365e-27
20950,Solyc04g026050.1,transposed,TE-like,Solyc01g091870.3,0.182072,0.281365,0.647101,0.145242
20951,Solyc04g026230.1,transposed,Unclassified,Solyc09g082470.3,0.508597,3.1891,0.15948,3.01123e-13
20952,Solyc04g026340.2,transposed,TE-like,Solyc02g081160.3,0.121121,0.364974,0.331862,0.00537601
20953,Solyc04g026350.3,transposed,TE-like,Solyc03g098050.3,0.440885,3.28918,0.134041,4.5267e-28
20954,Solyc04g026360.3,transposed,TE-like,Solyc06g061150.3,0.587834,3.75212,0.156667,4.49781e-27
20955,Solyc04g026380.3,transposed,TE-like,Solyc06g061150.3,0.564498,3.76504,0.149931,5.43412e-26
20956,Solyc04g039650.3,transposed,TE-like,Solyc10g007760.3,0.199397,3.3305,0.0598701,0
20957,Solyc04g039675.1,transposed,TE-like,Solyc10g007760.3,0.765105,3.9948,0.191525,6.33314e-14
20958,Solyc04g039700.1,transposed,TE-like,Solyc12g011340.2,0.174769,0.25905,0.674653,0.328092
20959,Solyc04g039730.3,transposed,TE-like,Solyc02g089550.3,0.247726,4.48683,0.0552119,1.7321e-164
20960,Solyc04g039760.2,transposed,TE-like,Solyc02g011930.1,0.407069,1.1064,0.367921,5.91163e-10
20961,Solyc04g039850.1,transposed,TE-like,Solyc05g008460.3,0.29423,3.37423,0.0871992,5.75525e-29
20962,Solyc04g039900.1,transposed,TE-like,Solyc02g087850.1,0.507007,3.78476,0.13396,2.60127e-37
20963,Solyc04g039920.1,transposed,TE-like,Solyc01g103390.3,0.323549,1.56083,0.207292,0.00011423
20964,Solyc04g039960.3,transposed,gbM,Solyc03g006260.3,0.517737,1.00389,0.51573,0.00391835
20965,Solyc04g040090.3,transposed,TE-like,Solyc11g071800.2,0.526679,4.18159,0.125952,8.28034e-28
20966,Solyc04g040110.3,transposed,TE-like,Solyc04g077540.3,0.560231,4.69521,0.11932,3.2211e-86
20967,Solyc04g040200.3,transposed,TE-like,Solyc02g083250.3,0.473393,3.64833,0.129756,5.87868e-33
20968,Solyc04g040220.3,transposed,TE-like,Solyc10g079750.2,0.127305,2.22378,0.0572469,3.21672e-90
20969,Solyc04g040230.2,transposed,TE-like,Solyc03g005600.3,0.562167,3.49455,0.16087,8.55664e-15
20970,Solyc04g045285.1,transposed,TE-like,Solyc11g005330.2,0.223983,0.346172,0.647029,0.144103
20971,Solyc04g045290.1,transposed,TE-like,Solyc10g005730.3,0.22427,1.04715,0.214171,3.99145e-09
20972,Solyc04g045310.3,transposed,TE-like,Solyc11g012000.2,0.670077,4.11586,0.162804,3.39429e-23
20973,Solyc04g045330.1,transposed,TE-like,Solyc12g057060.2,0.356239,3.3015,0.107902,1.34743e-16
20974,Solyc04g045470.3,transposed,TE-like,Solyc04g074670.3,0.580219,4.21719,0.137584,7.52165e-62
20975,Solyc04g045540.1,transposed,TE-like,Solyc11g021310.1,0.0766354,0.100234,0.764569,0.362014
20976,Solyc04g045560.3,transposed,TE-like,Solyc05g015840.3,0.749521,3.86323,0.194014,1.37106e-26
20977,Solyc04g045600.3,transposed,Unclassified,Solyc01g098740.3,0.514066,4.00134,0.128474,4.11435e-34
20978,Solyc04g045630.3,transposed,gbM,Solyc02g071930.1,0.798849,3.82098,0.209069,2.81216e-33
20979,Solyc04g045660.3,transposed,TE-like,Solyc09g074990.3,0.908247,4.52891,0.200544,1.87064e-39
20980,Solyc04g047740.2,transposed,TE-like,Solyc01g097460.3,0.294588,0.521466,0.564922,0.0882575
20981,Solyc04g047780.1,transposed,TE-like,Solyc10g083630.2,0.680014,4.21501,0.161331,3.60319e-29
20982,Solyc04g047820.1,transposed,TE-like,Solyc09g009080.3,0.387353,3.90214,0.0992667,1.16453e-32
20983,Solyc04g047830.1,transposed,TE-like,Solyc09g009080.3,0.492355,3.22899,0.15248,1.04288e-16
20984,Solyc04g048900.3,transposed,TE-like,Solyc06g068700.3,0.620189,4.10105,0.151227,2.20583e-29
20985,Solyc04g048950.3,transposed,TE-like,Solyc01g103490.3,0.235747,2.13736,0.110298,3.73374e-78
20986,Solyc04g049003.1,transposed,TE-like,Solyc11g021210.1,0.130384,0.317334,0.410873,0.0218552
20987,Solyc04g049010.3,transposed,TE-like,Solyc04g081280.3,0.32936,4.7007,0.0700661,1.02119e-210
20988,Solyc04g049070.3,transposed,TE-like,Solyc08g075530.3,0.807862,4.5969,0.175741,1.56491e-55
20989,Solyc04g049080.3,transposed,Unmethylated,Solyc11g072480.2,0.433154,3.79165,0.114239,1.83622e-38
20990,Solyc04g049090.3,transposed,Unclassified,Solyc02g082430.3,0.509526,4.42582,0.115126,9.23872e-44
20991,Solyc04g049100.1,transposed,TE-like,Solyc10g078390.2,0.0719951,0.120626,0.596845,0.201277
20992,Solyc04g049140.3,transposed,TE-like,Solyc03g083245.1,0.466821,4.5231,0.103208,7.65907e-103
20993,Solyc04g049160.3,transposed,TE-like,Solyc06g065380.3,0.141995,4.24528,0.0334478,1.62503e-129
20994,Solyc04g049200.2,transposed,TE-like,NA,NA,NA,NA,NA
20995,Solyc04g049210.2,transposed,TE-like,Solyc04g071220.1,0.117816,0.14268,0.825738,0.805296
20996,Solyc04g049215.1,transposed,TE-like,Solyc05g054480.3,0.41559,2.65804,0.156353,2.95185e-13
20997,Solyc04g049220.2,transposed,TE-like,Solyc11g005330.2,0.259762,1.9526,0.133034,7.03888e-16
20998,Solyc04g049224.1,transposed,TE-like,Solyc07g019650.3,0.231269,0.245002,0.943947,0.899364
20999,Solyc04g049226.1,transposed,TE-like,Solyc07g019650.3,0.174678,1.44746,0.120679,3.02491e-06
21000,Solyc04g049255.1,transposed,TE-like,Solyc09g089730.3,0.216456,0.341158,0.634475,0.160998
21001,Solyc04g049260.1,transposed,TE-like,Solyc11g021130.1,0.191821,0.351433,0.545826,0.0304181
21002,Solyc04g049270.1,transposed,TE-like,Solyc09g089730.3,0.243617,0.464902,0.524017,0.0425227
21003,Solyc04g049380.3,transposed,TE-like,Solyc09g091580.3,0.856387,4.62753,0.185064,2.67692e-36
21004,Solyc04g049390.3,transposed,TE-like,Solyc09g091580.3,0.870715,3.98385,0.218561,1.16187e-10
21005,Solyc04g049400.3,transposed,gbM,Solyc05g047550.3,0.304351,4.66736,0.0652084,3.9409e-102
21006,Solyc04g049450.3,transposed,gbM,Solyc11g069400.2,0.24125,2.34012,0.103093,1.2131e-73
21007,Solyc04g049470.2,transposed,TE-like,Solyc04g074580.1,0.127781,1.82331,0.0700817,3.40511e-19
21008,Solyc04g049640.2,transposed,TE-like,Solyc10g085990.2,0.219716,2.20749,0.0995319,8.99134e-16
21009,Solyc04g049650.1,transposed,TE-like,Solyc10g085990.2,0.126488,1.4617,0.0865346,4.12131e-13
21010,Solyc04g049690.3,transposed,TE-like,Solyc09g007170.3,0.216393,3.88626,0.0556817,3.89985e-52
21011,Solyc04g049740.1,transposed,TE-like,Solyc04g078420.1,0.229717,1.59303,0.144202,3.63014e-14
21012,Solyc04g049780.2,transposed,TE-like,Solyc11g067170.2,0.447586,1.59556,0.28052,9.07216e-13
21013,Solyc04g049790.3,transposed,Unclassified,Solyc03g025950.3,0.352516,3.51127,0.100396,2.67576e-30
21014,Solyc04g049800.3,transposed,TE-like,Solyc11g072600.2,0.377626,4.1196,0.0916657,3.29868e-42
21015,Solyc04g049840.3,transposed,TE-like,Solyc11g072590.2,0.567546,4.68908,0.121036,4.12451e-61
21016,Solyc04g049850.3,transposed,TE-like,Solyc05g012690.3,0.380332,4.11032,0.0925309,4.34697e-61
21017,Solyc04g049990.1,transposed,TE-like,Solyc05g055070.3,0.148223,0.325802,0.454948,0.00811732
21018,Solyc04g050070.2,transposed,TE-like,Solyc09g072830.3,0.59224,3.68949,0.160521,7.69261e-18
21019,Solyc04g050100.1,transposed,TE-like,Solyc04g078420.1,0.224238,0.957166,0.234273,3.61661e-05
21020,Solyc04g050170.3,transposed,gbM,Solyc03g093330.3,0.493552,4.80301,0.102759,9.12918e-146
21021,Solyc04g050260.1,transposed,TE-like,Solyc09g005920.3,0.410001,4.19449,0.0977476,1.44649e-70
21022,Solyc04g050440.3,transposed,TE-like,Solyc01g097370.1,0.866414,2.62149,0.330505,3.41726e-08
21023,Solyc04g050490.3,transposed,TE-like,Solyc06g071590.3,0.355574,3.98879,0.0891431,6.67994e-75
21024,Solyc04g050560.3,transposed,TE-like,Solyc08g080900.3,0.169481,0.376814,0.449773,0.00780712
21025,Solyc04g050570.3,transposed,Unclassified,Solyc06g083650.3,0.231868,3.99544,0.0580332,5.18008e-69
21026,Solyc04g050670.1,transposed,TE-like,Solyc05g047580.3,0.272582,3.37755,0.0807042,1.13519e-26
21027,Solyc04g050720.3,transposed,TE-like,Solyc11g005740.2,0.725308,4.08961,0.177354,5.50163e-23
21028,Solyc04g050730.3,transposed,Unclassified,Solyc06g083650.3,0.189887,4.00374,0.0474274,8.26883e-85
21029,Solyc04g050750.1,transposed,Unmethylated,Solyc06g050520.2,0.521416,3.38779,0.15391,1.42636e-19
21030,Solyc04g050970.3,transposed,TE-like,Solyc09g061330.2,0.361673,4.21777,0.0857497,2.64984e-63
21031,Solyc04g050990.3,transposed,TE-like,Solyc12g098190.2,0.457336,3.88932,0.117588,1.65243e-24
21032,Solyc04g051045.1,transposed,TE-like,Solyc10g078285.1,0.212931,0.54297,0.39216,0.00185584
21033,Solyc04g051063.1,transposed,TE-like,Solyc10g078285.1,0.22072,0.513481,0.429851,0.000322627
21034,Solyc04g051140.2,transposed,TE-like,Solyc02g061850.3,0.210925,0.351888,0.599409,0.0337693
21035,Solyc04g051160.1,transposed,TE-like,Solyc06g054270.3,0.831773,2.59358,0.320704,5.14028e-15
21036,Solyc04g051200.2,transposed,gbM,Solyc02g089170.3,0.407028,3.97179,0.10248,8.21239e-63
21037,Solyc04g051480.1,transposed,TE-like,Solyc02g079260.2,0.586995,4.69024,0.125153,1.62328e-116
21038,Solyc04g051500.3,transposed,gbM,Solyc06g049070.3,0.671046,4.03352,0.166368,1.03377e-27
21039,Solyc04g051640.3,transposed,Unclassified,Solyc12g009800.2,0.693348,3.62828,0.191096,1.27884e-18
21040,Solyc04g051650.3,transposed,gbM,Solyc10g006300.3,0.420989,3.68256,0.11432,2.75061e-41
21041,Solyc04g051830.3,transposed,TE-like,Solyc03g121980.3,0.320323,4.07963,0.0785176,1.62349e-80
21042,Solyc04g051860.3,transposed,TE-like,Solyc02g094420.3,0.627539,2.12894,0.294766,1.31743e-11
21043,Solyc04g051870.2,transposed,Unclassified,Solyc09g065400.2,0.871688,3.95809,0.220229,2.57616e-17
21044,Solyc04g052990.1,transposed,Unclassified,Solyc11g011640.1,0.0658537,0.202652,0.32496,0.00404326
21045,Solyc04g054225.1,transposed,TE-like,Solyc11g067170.2,0.322298,0.509812,0.63219,0.0304901
21046,Solyc04g054270.3,transposed,TE-like,Solyc03g113630.3,0.950454,4.27134,0.222519,2.81904e-23
21047,Solyc04g054280.2,transposed,Unclassified,Solyc03g005355.1,0.0918059,0.205447,0.446859,0.0208422
21048,Solyc04g054290.2,transposed,TE-like,Solyc02g079260.2,0.551146,4.58629,0.120173,7.94765e-77
21049,Solyc04g054370.1,transposed,Unmethylated,Solyc08g081370.1,0.722803,2.79477,0.258627,4.97727e-07
21050,Solyc04g054720.3,transposed,gbM,Solyc03g115780.2,0.50202,3.87509,0.12955,1.74007e-47
21051,Solyc04g054840.1,transposed,TE-like,Solyc01g009170.3,0.546351,4.17452,0.130877,8.73113e-53
21052,Solyc04g054870.1,transposed,Unclassified,Solyc09g009080.3,0.208084,3.21023,0.0648191,9.89212e-28
21053,Solyc04g054880.3,transposed,TE-like,Solyc10g074470.2,0.719155,4.49932,0.159836,1.52265e-43
21054,Solyc04g054890.3,transposed,gbM,Solyc08g078390.3,0.773357,4.49036,0.172226,3.41142e-30
21055,Solyc04g054950.3,transposed,Unclassified,Solyc09g011130.1,0.272405,3.7604,0.0724405,1.31159e-36
21056,Solyc04g055100.1,transposed,Unclassified,Solyc10g074820.1,0.564564,3.97022,0.1422,6.65525e-36
21057,Solyc04g055120.3,transposed,TE-like,Solyc08g076720.3,1.16313,5.00527,0.232381,2.03887e-24
21058,Solyc04g055180.3,transposed,TE-like,Solyc12g096950.2,0.633209,4.0025,0.158203,2.50975e-34
21059,Solyc04g056270.3,transposed,TE-like,Solyc05g015650.3,0.57694,4.75366,0.121368,2.67408e-113
21060,Solyc04g056280.3,transposed,TE-like,Solyc01g103350.3,0.553196,4.27173,0.129502,6.74524e-70
21061,Solyc04g056290.3,transposed,gbM,Solyc08g076910.3,0.706627,3.90782,0.180824,8.39748e-31
21062,Solyc04g056320.2,transposed,Unmethylated,Solyc11g017140.2,0.530064,4.07114,0.1302,1.08974e-69
21063,Solyc04g056340.3,transposed,gbM,Solyc11g011970.2,0.305479,3.45233,0.0884849,1.54918e-25
21064,Solyc04g056360.3,transposed,TE-like,Solyc07g066220.3,0.507361,4.08516,0.124196,1.35224e-81
21065,Solyc04g056380.3,transposed,TE-like,Solyc02g071900.3,0.755098,2.58696,0.291886,6.7789e-13
21066,Solyc04g056410.3,transposed,TE-like,Solyc02g062780.3,0.817203,4.57223,0.178732,4.60237e-39
21067,Solyc04g056500.2,transposed,TE-like,Solyc10g086760.2,0.133898,1.07984,0.123997,6.4264e-07
21068,Solyc04g056503.1,transposed,TE-like,Solyc06g005910.3,0.0999029,0.925993,0.107887,4.68586e-12
21069,Solyc04g056507.1,transposed,TE-like,Solyc10g078285.1,0.305633,0.67637,0.451873,0.0575902
21070,Solyc04g056510.1,transposed,TE-like,Solyc10g078285.1,0.125619,1.30824,0.0960213,6.95565e-07
21071,Solyc04g056560.3,transposed,TE-like,Solyc07g066260.3,0.359025,4.25175,0.0844418,3.26724e-58
21072,Solyc04g056590.3,transposed,TE-like,Solyc09g008600.3,0.574413,4.32005,0.132964,1.81447e-50
21073,Solyc04g056600.3,transposed,TE-like,Solyc01g067710.3,0.881731,4.3669,0.201912,4.75388e-19
21074,Solyc04g056620.2,transposed,TE-like,Solyc04g007690.3,0.436465,4.03321,0.108218,1.42971e-46
21075,Solyc04g056630.3,transposed,gbM,Solyc02g078480.3,0.791887,4.14928,0.190849,4.48686e-25
21076,Solyc04g056640.1,transposed,gbM,Solyc02g084370.1,0.785531,4.55593,0.172419,1.27077e-67
21077,Solyc04g056650.3,transposed,TE-like,Solyc03g117810.3,0.70808,3.82549,0.185095,6.29139e-20
21078,Solyc04g056690.2,transposed,TE-like,Solyc12g098190.2,0.395215,1.21224,0.32602,1.1956e-05
21079,Solyc04g056746.1,transposed,TE-like,Solyc12g015730.2,0.656936,4.47758,0.146717,1.54655e-59
21080,Solyc04g057890.3,transposed,gbM,Solyc12g094430.1,0.923994,3.64298,0.253637,7.55714e-14
21081,Solyc04g057930.3,transposed,gbM,Solyc03g121440.3,0.800396,4.57592,0.174915,1.60215e-43
21082,Solyc04g057940.3,transposed,gbM,Solyc07g020870.2,0.544936,4.78604,0.113859,4.0591e-69
21083,Solyc04g057960.3,transposed,TE-like,Solyc06g074980.3,0.799756,4.60231,0.173773,7.0329e-54
21084,Solyc04g058080.3,transposed,Unmethylated,Solyc12g008580.2,0.500221,2.77792,0.18007,2.86175e-13
21085,Solyc04g058120.2,transposed,Unclassified,Solyc01g094790.3,0.218282,0.623126,0.350302,0.00430237
21086,Solyc04g058140.3,transposed,TE-like,Solyc01g067530.3,0.62938,4.23675,0.148553,9.11354e-31
21087,Solyc04g058190.3,transposed,TE-like,Solyc05g005640.3,1.0642,4.34244,0.24507,2.71446e-16
21088,Solyc04g063210.3,transposed,gbM,Solyc10g050160.2,0.322409,3.72342,0.0865895,2.47459e-62
21089,Solyc04g063240.3,transposed,Unclassified,Solyc08g080090.3,0.496533,3.76079,0.132029,3.37622e-19
21090,Solyc04g063280.3,transposed,TE-like,Solyc08g068370.3,0.527562,4.3949,0.12004,4.46137e-58
21091,Solyc04g063360.3,transposed,TE-like,Solyc04g082250.3,0.66844,4.55811,0.146649,6.74667e-52
21092,Solyc04g063370.2,transposed,gbM,Solyc12g044840.2,0.657806,4.48629,0.146626,6.57612e-49
21093,Solyc04g063380.3,transposed,gbM,Solyc04g008980.3,0.829272,4.00581,0.207017,3.76072e-23
21094,Solyc04g064490.3,transposed,TE-like,Solyc03g114810.3,0.361377,4.38823,0.0823512,1.2375e-108
21095,Solyc04g064500.3,transposed,TE-like,Solyc01g105280.3,0.533225,3.93349,0.13556,4.49619e-23
21096,Solyc04g064510.3,transposed,gbM,Solyc11g008030.2,0.261848,3.70836,0.0706101,6.94201e-42
21097,Solyc04g064540.3,transposed,Unclassified,Solyc05g007870.2,0.56518,3.55734,0.158877,2.90082e-23
21098,Solyc04g064550.1,transposed,gbM,Solyc07g047950.1,0.559732,4.40774,0.126988,3.43051e-49
21099,Solyc04g064590.2,transposed,TE-like,Solyc06g036080.3,0.433768,4.10078,0.105777,1.94699e-65
21100,Solyc04g064750.2,transposed,TE-like,Solyc09g065710.1,0.633154,4.65929,0.135891,5.00881e-88
21101,Solyc04g064820.3,transposed,TE-like,Solyc08g079520.3,0.852881,4.3829,0.194593,3.55674e-30
21102,Solyc04g064840.1,transposed,Unclassified,Solyc05g055070.3,0.21419,0.486929,0.439879,0.000321511
21103,Solyc04g070980.3,transposed,TE-like,Solyc05g047580.3,0.312542,3.29219,0.0949343,1.35463e-22
21104,Solyc04g070983.1,transposed,TE-like,Solyc05g047580.3,0.318332,4.13835,0.0769225,6.89094e-77
21105,Solyc04g070987.1,transposed,Unmethylated,Solyc05g047580.3,0.24943,2.77034,0.0900358,0
21106,Solyc04g071000.1,transposed,gbM,Solyc07g065610.1,0.517907,4.43582,0.116756,3.79995e-59
21107,Solyc04g071260.3,transposed,TE-like,Solyc04g011500.3,0.0436877,4.13507,0.0105652,1.04743e-137
21108,Solyc04g071290.3,transposed,gbM,Solyc04g071010.3,0.104878,0.795058,0.131912,3.35171e-05
21109,Solyc04g071410.2,transposed,TE-like,Solyc11g040340.2,0.206358,0.711854,0.289889,7.4948e-05
21110,Solyc04g071565.1,transposed,TE-like,Solyc12g013810.2,0.797391,3.56992,0.223364,2.08116e-08
21111,Solyc04g071680.2,transposed,TE-like,Solyc09g072810.3,0.555573,4.77487,0.116353,3.7236e-106
21112,Solyc04g071740.2,transposed,Unclassified,Solyc02g085020.3,0.178502,0.752923,0.237078,1.34501e-07
21113,Solyc04g071750.3,transposed,TE-like,Solyc03g033980.3,0.0346692,0.37097,0.0934554,7.35902e-15
21114,Solyc04g071755.1,transposed,gbM,Solyc03g033980.3,0.0349712,0.307734,0.113641,3.01394e-14
21115,Solyc04g071870.1,transposed,Unclassified,Solyc04g008430.1,0.572867,4.12001,0.139045,2.40308e-35
21116,Solyc04g071880.3,transposed,TE-like,Solyc06g068240.3,0.540589,4.69074,0.115246,2.40738e-58
21117,Solyc04g072000.3,transposed,Unclassified,Solyc06g053380.3,0.15678,3.62321,0.043271,7.93465e-50
21118,Solyc04g072200.2,transposed,gbM,Solyc12g042440.2,0.557467,1.15182,0.483987,2.50115e-08
21119,Solyc04g072235.1,transposed,TE-like,Solyc09g091580.3,0.609595,4.36006,0.139813,1.34764e-31
21120,Solyc04g072375.1,transposed,Unmethylated,Solyc07g006360.1,0.66244,3.29639,0.200959,0
21121,Solyc04g072790.2,transposed,gbM,Solyc04g071650.3,0.199816,4.91837,0.0406266,4.51753e-248
21122,Solyc04g072880.3,transposed,TE-like,Solyc06g083260.3,0.923526,3.71004,0.248926,1.25675e-19
21123,Solyc04g072895.1,transposed,gbM,Solyc10g005730.3,0.288727,4.05802,0.0711498,1.00882e-66
21124,Solyc04g072930.1,transposed,Unmethylated,Solyc08g048430.3,0.494296,3.97123,0.124469,2.95989e-34
21125,Solyc04g073980.3,transposed,Unclassified,Solyc06g005670.3,0.881158,4.35189,0.202477,2.937e-74
21126,Solyc04g074270.3,transposed,gbM,Solyc07g053180.3,0.752521,4.44872,0.169154,1.07953e-49
21127,Solyc04g074290.3,transposed,gbM,Solyc05g012450.3,0.318263,4.44591,0.0715854,5.94753e-138
21128,Solyc04g074310.3,transposed,Unmethylated,Solyc04g082770.3,0.330619,3.60669,0.0916683,3.94093e-45
21129,Solyc04g074490.3,transposed,TE-like,Solyc10g081630.2,0.675061,4.14967,0.162678,2.53182e-36
21130,Solyc04g074640.3,transposed,Unclassified,Solyc01g111510.3,0.706433,3.73972,0.1889,7.12225e-13
21131,Solyc04g074740.3,transposed,Unmethylated,Solyc12g005710.2,0.707996,3.62517,0.1953,3.44582e-14
21132,Solyc04g074980.3,transposed,gbM,Solyc09g074520.3,0.431518,4.44722,0.097031,2.9602e-78
21133,Solyc04g075000.1,transposed,Unclassified,Solyc05g010140.3,0.5902,4.04287,0.145986,2.80696e-58
21134,Solyc04g076080.3,transposed,TE-like,Solyc05g006820.3,0.60231,2.9688,0.20288,4.54626e-16
21135,Solyc04g076120.3,transposed,gbM,Solyc04g077615.1,0.225227,3.19328,0.0705317,1.69509e-20
21136,Solyc04g076180.3,transposed,TE-like,Solyc06g074980.3,0.790208,4.63184,0.170603,8.06376e-64
21137,Solyc04g076240.2,transposed,Unclassified,Solyc04g006990.3,0.793292,2.13697,0.371222,3.92119e-05
21138,Solyc04g076303.1,transposed,TE-like,Solyc11g010610.2,0.224289,2.27881,0.0984237,3.54386e-66
21139,Solyc04g076370.3,transposed,TE-like,Solyc08g023490.3,0.879048,4.08436,0.215223,9.58345e-28
21140,Solyc04g076460.3,transposed,TE-like,Solyc04g014400.3,0.647716,4.6796,0.138413,6.41069e-76
21141,Solyc04g076510.3,transposed,TE-like,Solyc01g094060.3,0.787927,5.10035,0.154485,3.58634e-93
21142,Solyc04g076550.3,transposed,TE-like,Solyc12g088010.2,0.218685,0.462261,0.473078,3.45394e-08
21143,Solyc04g076720.2,transposed,TE-like,Solyc08g006010.3,0.451574,1.28916,0.350285,1.21298e-05
21144,Solyc04g076770.3,transposed,TE-like,Solyc04g080760.3,0.075206,0.486596,0.154555,2.75913e-19
21145,Solyc04g076800.3,transposed,gbM,Solyc02g079260.2,0.641287,4.60653,0.139213,6.55114e-60
21146,Solyc04g076850.3,transposed,gbM,Solyc03g120500.3,0.333244,3.84768,0.0866091,9.17309e-56
21147,Solyc04g076965.1,transposed,Unmethylated,Solyc05g007190.4,0.501078,3.74897,0.133657,2.86382e-38
21148,Solyc04g076970.3,transposed,Unmethylated,Solyc07g062380.1,0.723166,3.66168,0.197496,1.04717e-12
21149,Solyc04g077180.2,transposed,gbM,Solyc07g006690.3,0.42848,4.10895,0.10428,3.6407e-42
21150,Solyc04g077210.3,transposed,TE-like,Solyc05g005090.3,0.401536,3.76634,0.106612,0
21151,Solyc04g077520.3,transposed,gbM,Solyc03g005680.3,0.489908,4.01925,0.12189,2.26971e-30
21152,Solyc04g077710.2,transposed,TE-like,Solyc12g099980.2,0.442238,1.65909,0.266555,8.06251e-25
21153,Solyc04g077730.1,transposed,Unclassified,Solyc10g049280.2,0.348508,3.80436,0.0916076,1.12363e-28
21154,Solyc04g077830.2,transposed,gbM,Solyc06g008230.3,0.510876,4.56623,0.111881,4.18215e-83
21155,Solyc04g077970.3,transposed,Unclassified,Solyc08g079020.3,0.159321,3.60856,0.0441508,2.02455e-48
21156,Solyc04g078030.3,transposed,Unclassified,Solyc03g117840.3,0.501664,2.75819,0.181882,6.27744e-10
21157,Solyc04g078140.3,transposed,Unclassified,Solyc09g061230.3,0.623727,3.33564,0.186988,2.53715e-14
21158,Solyc04g078210.2,transposed,Unclassified,Solyc03g123980.3,0.855692,4.26584,0.200592,5.84824e-30
21159,Solyc04g078300.3,transposed,TE-like,Solyc05g051830.3,0.67642,3.82475,0.176853,1.40752e-35
21160,Solyc04g078350.1,transposed,Unclassified,Solyc09g014280.1,0.771684,3.23371,0.238638,1.28818e-13
21161,Solyc04g078380.2,transposed,Unclassified,Solyc09g065190.2,0.799729,3.53819,0.226028,7.41815e-08
21162,Solyc04g078460.3,transposed,Unmethylated,Solyc06g069400.3,0.305371,4.09274,0.0746129,6.74775e-44
21163,Solyc04g078520.3,transposed,gbM,Solyc05g005810.3,0.363157,3.72083,0.0976009,3.09826e-47
21164,Solyc04g078560.1,transposed,Unclassified,Solyc01g107790.2,0.331501,1.57923,0.209913,5.8686e-30
21165,Solyc04g078610.3,transposed,TE-like,Solyc04g076310.3,0.37243,4.83868,0.0769694,2.69788e-184
21166,Solyc04g078660.1,transposed,Unclassified,Solyc08g005890.3,0.511577,4.01062,0.127556,2.44031e-51
21167,Solyc04g078670.3,transposed,TE-like,Solyc07g063410.3,0.682809,3.71473,0.183811,6.76011e-28
21168,Solyc04g078750.3,transposed,Unmethylated,Solyc03g120710.2,0.473022,4.04719,0.116876,8.65819e-38
21169,Solyc04g078760.3,transposed,TE-like,Solyc03g112860.3,0.745898,3.87124,0.192677,1.43759e-20
21170,Solyc04g078770.3,transposed,Unmethylated,Solyc03g026020.3,0.740819,3.98697,0.18581,2.31362e-24
21171,Solyc04g078780.3,transposed,Unclassified,Solyc02g090150.1,0.908578,4.05868,0.22386,1.46437e-20
21172,Solyc04g078810.3,transposed,Unclassified,Solyc02g090900.3,0.425663,4.1937,0.101501,4.98891e-36
21173,Solyc04g078820.3,transposed,TE-like,Solyc04g008270.3,0.128628,1.21175,0.106151,3.2603e-33
21174,Solyc04g078840.3,transposed,gbM,Solyc10g050210.2,0.365677,4.09978,0.0891944,3.60581e-55
21175,Solyc04g078860.3,transposed,TE-like,Solyc02g077290.2,0.641845,4.77512,0.134414,3.35518e-60
21176,Solyc04g078900.3,transposed,Unclassified,Solyc08g005610.3,0.293572,4.14827,0.0707697,9.04568e-114
21177,Solyc04g078930.3,transposed,Unclassified,Solyc05g007080.3,0.439336,3.96701,0.110747,4.68258e-52
21178,Solyc04g078970.2,transposed,gbM,Solyc12g088830.2,0.443011,1.71441,0.258404,5.03574e-09
21179,Solyc04g079020.3,transposed,gbM,Solyc10g006980.3,0.210264,0.708948,0.296586,5.36595e-07
21180,Solyc04g079150.1,transposed,gbM,Solyc09g082390.2,0.834828,4.3539,0.191743,6.85916e-20
21181,Solyc04g079310.3,transposed,Unclassified,Solyc01g108500.3,0.252249,3.71105,0.0679725,2.38992e-34
21182,Solyc04g079315.1,transposed,gbM,Solyc10g050860.2,0.251621,2.37669,0.10587,1.269e-22
21183,Solyc04g079360.1,transposed,Unmethylated,Solyc04g078420.1,0.386845,3.63199,0.10651,0
21184,Solyc04g079410.3,transposed,Unclassified,Solyc09g065840.3,0.735062,3.8479,0.19103,2.41667e-17
21185,Solyc04g079430.3,transposed,gbM,Solyc02g072500.3,0.333378,4.44982,0.0749195,2.51223e-72
21186,Solyc04g079720.3,transposed,Unclassified,Solyc03g097500.3,0.852971,4.27951,0.199315,1.97326e-24
21187,Solyc04g079810.2,transposed,Unclassified,Solyc04g005890.2,0.599754,3.32504,0.180375,6.25147e-13
21188,Solyc04g079990.3,transposed,TE-like,Solyc12g010050.2,0.504301,4.07715,0.12369,1.34091e-30
21189,Solyc04g080040.3,transposed,TE-like,Solyc06g082840.3,0.987147,4.53461,0.217692,2.28e-25
21190,Solyc04g080050.3,transposed,TE-like,Solyc05g013180.3,0.940522,4.28111,0.219691,1.98946e-14
21191,Solyc04g080330.3,transposed,TE-like,Solyc01g108320.3,0.0989695,0.458476,0.215866,2.06291e-15
21192,Solyc04g080450.1,transposed,gbM,Solyc09g083050.3,0.244888,4.24741,0.0576559,0
21193,Solyc04g080590.3,transposed,Unclassified,Solyc02g070510.3,0.590134,3.7538,0.15721,3.47344e-22
21194,Solyc04g080660.3,transposed,TE-like,Solyc02g084950.3,0.509339,4.00635,0.127133,4.68926e-26
21195,Solyc04g080705.1,transposed,gbM,Solyc12g089220.2,0.166842,0.794104,0.210101,5.82491e-10
21196,Solyc04g080880.3,transposed,gbM,Solyc12g088670.2,0.4664,4.18631,0.111411,2.96187e-59
21197,Solyc04g080910.1,transposed,TE-like,Solyc05g052410.2,0.761029,3.73076,0.203988,2.39493e-15
21198,Solyc04g080940.3,transposed,TE-like,Solyc10g078270.2,0.610364,1.89938,0.32135,2.85077e-15
21199,Solyc04g080980.2,transposed,TE-like,Solyc06g066730.3,0.8745,4.71076,0.185639,1.97441e-35
21200,Solyc04g080990.2,transposed,TE-like,Solyc08g079770.3,0.573489,2.13919,0.268087,1.26484e-20
21201,Solyc04g081050.2,transposed,Unclassified,Solyc05g053835.1,1.00541,4.41513,0.227718,3.78096e-34
21202,Solyc04g081150.3,transposed,TE-like,Solyc04g074580.1,NA,3.50091,1.6094e-11,NA
21203,Solyc04g081200.3,transposed,TE-like,Solyc11g065120.2,0.9492,4.21303,0.225301,5.76756e-25
21204,Solyc04g081210.3,transposed,TE-like,Solyc02g087760.3,0.839478,4.42393,0.189758,3.18846e-37
21205,Solyc04g081235.1,transposed,gbM,Solyc02g037530.3,0.501181,4.66954,0.10733,3.60953e-96
21206,Solyc04g081260.3,transposed,TE-like,Solyc02g093160.3,0.769494,4.81953,0.159661,1.38906e-40
21207,Solyc04g081290.3,transposed,Unmethylated,Solyc10g084150.2,0.148084,3.74907,0.0394987,1.98726e-53
21208,Solyc04g081300.3,transposed,TE-like,Solyc08g082250.3,0.497698,4.26923,0.116578,1.08623e-51
21209,Solyc04g081350.3,transposed,gbM,Solyc11g068800.2,0.531745,4.07942,0.130348,2.26415e-61
21210,Solyc04g081370.2,transposed,TE-like,Solyc07g063970.3,0.546385,4.09082,0.133564,3.16416e-53
21211,Solyc04g081390.3,transposed,gbM,Solyc03g033550.3,0.493073,3.53124,0.139632,1.53308e-22
21212,Solyc04g081400.3,transposed,gbM,Solyc06g066440.3,0.366723,4.43685,0.0826537,7.71297e-68
21213,Solyc04g081410.3,transposed,Unclassified,Solyc01g109640.3,0.570033,2.30631,0.247163,2.54287e-08
21214,Solyc04g081440.3,transposed,TE-like,Solyc11g067050.3,0.39839,4.37914,0.0909746,3.04578e-108
21215,Solyc04g081510.3,transposed,TE-like,Solyc11g017000.2,0.404882,4.49962,0.0899814,1.58511e-71
21216,Solyc04g081520.2,transposed,TE-like,Solyc01g111970.3,0.412824,4.28116,0.0964281,1.37249e-72
21217,Solyc04g081530.1,transposed,Unmethylated,Solyc02g083835.1,0.44271,2.15207,0.205714,2.07091e-12
21218,Solyc04g081550.3,transposed,Unmethylated,Solyc02g083790.3,0.349128,2.39043,0.146053,8.05977e-32
21219,Solyc04g081560.3,transposed,Unclassified,Solyc02g083760.3,0.265948,3.92245,0.0678015,4.38764e-41
21220,Solyc04g081590.3,transposed,gbM,Solyc03g043770.3,0.397056,4.83108,0.0821878,9.79019e-189
21221,Solyc04g081650.3,transposed,Unclassified,Solyc04g082430.3,0.0267253,0.0858377,0.311347,0.0420049
21222,Solyc04g081655.1,transposed,Unclassified,Solyc04g082430.3,0.0291168,0.0561271,0.518765,0.39468
21223,Solyc04g081660.2,transposed,Unclassified,Solyc04g082430.3,0.120202,0.131301,0.91547,0.703367
21224,Solyc04g081670.3,transposed,Unclassified,Solyc12g095910.2,0.28574,1.34232,0.21287,1.14677e-05
21225,Solyc04g081810.3,transposed,gbM,Solyc07g056170.3,0.527021,4.61918,0.114094,1.48441e-79
21226,Solyc04g081840.3,transposed,TE-like,Solyc04g071523.1,0.717702,3.76202,0.190775,2.69529e-07
21227,Solyc04g081880.3,transposed,gbM,Solyc04g071690.3,0.254603,3.76093,0.0676968,1.17263e-39
21228,Solyc04g081890.1,transposed,Unmethylated,NA,NA,NA,NA,NA
21229,Solyc04g082550.2,transposed,TE-like,Solyc04g072920.3,0.397244,3.86435,0.102797,1.50085e-30
21230,Solyc04g082790.3,transposed,gbM,Solyc06g062800.3,0.748829,4.22669,0.177167,1.43248e-27
21231,Solyc04g082810.3,transposed,Unclassified,Solyc08g079720.3,0.338785,3.83294,0.0883876,7.72091e-48
21232,Solyc04g082840.3,transposed,Unclassified,Solyc12g095860.2,0.343128,3.93247,0.0872551,0
21233,Solyc04g082940.3,transposed,TE-like,Solyc01g109230.3,0.73949,3.73383,0.198052,1.48586e-16
21234,Solyc04g082970.3,transposed,gbM,Solyc02g089980.3,0.484463,2.64356,0.183261,1.17601e-29
21235,Solyc04g082980.2,transposed,TE-like,Solyc05g053835.1,1.0629,4.68145,0.227045,3.47173e-28
21236,Solyc04g083010.3,transposed,TE-like,Solyc09g091580.3,0.661029,4.62275,0.142995,1.15533e-49
21237,Solyc04g083160.2,transposed,gbM,Solyc11g007540.2,0.843082,4.39231,0.191945,1.70316e-19
21238,Solyc05g005010.3,transposed,Unmethylated,Solyc03g112620.4,0.128437,3.92787,0.0326988,3.73986e-81
21239,Solyc05g005080.3,transposed,Unclassified,Solyc11g008820.2,0.287534,4.4551,0.0645403,9.29828e-125
21240,Solyc05g005170.3,transposed,Unclassified,Solyc05g005040.3,0.446498,4.2311,0.105528,2.98177e-53
21241,Solyc05g005180.3,transposed,gbM,Solyc01g059830.3,0.754996,3.83915,0.196657,2.49291e-11
21242,Solyc05g005200.3,transposed,gbM,Solyc01g100970.3,0.275123,3.77251,0.0729284,9.43424e-39
21243,Solyc05g005210.3,transposed,gbM,Solyc03g112860.3,0.41088,3.91249,0.105018,1.23992e-31
21244,Solyc05g005230.3,transposed,Unmethylated,Solyc09g005730.3,0.618374,3.07664,0.20099,4.36316e-07
21245,Solyc05g005240.2,transposed,TE-like,Solyc01g091010.3,0.437883,2.85158,0.153558,6.09974e-15
21246,Solyc05g005300.2,transposed,gbM,Solyc03g118310.3,0.921484,2.71958,0.338833,6.82175e-11
21247,Solyc05g005680.3,transposed,Unclassified,Solyc01g005120.3,0.434123,3.78056,0.11483,7.00543e-45
21248,Solyc05g005820.3,transposed,TE-like,Solyc06g071920.3,0.0859247,1.19467,0.0719232,5.79084e-54
21249,Solyc05g005930.2,transposed,Unclassified,Solyc11g007460.1,0.11491,0.310648,0.369903,5.52348e-08
21250,Solyc05g006050.3,transposed,Unclassified,Solyc04g076040.3,0.621018,4.00422,0.155091,5.24478e-38
21251,Solyc05g006170.3,transposed,gbM,Solyc01g079680.3,0.90467,4.25848,0.21244,6.64179e-37
21252,Solyc05g006215.1,transposed,Unclassified,Solyc05g005510.3,0.222258,5.23836,0.042429,5.61491e-22
21253,Solyc05g006240.3,transposed,gbM,Solyc04g007370.3,0.267723,4.14487,0.0645914,4.56026e-100
21254,Solyc05g006250.1,transposed,TE-like,Solyc07g063500.3,0.236981,0.615379,0.385097,0.00238259
21255,Solyc05g006360.1,transposed,TE-like,Solyc08g078550.1,0.594632,4.07634,0.145874,7.08859e-33
21256,Solyc05g006400.2,transposed,gbM,Solyc07g064420.3,0.283351,4.33257,0.0654002,1.47336e-96
21257,Solyc05g006455.1,transposed,Unclassified,Solyc06g074850.3,0.650918,3.37491,0.19287,0
21258,Solyc05g006470.3,transposed,TE-like,Solyc01g097030.3,0.745313,4.09383,0.182058,1.59069e-62
21259,Solyc05g006490.3,transposed,TE-like,Solyc02g093720.3,0.836532,2.15063,0.388971,6.02122e-12
21260,Solyc05g006520.3,transposed,TE-like,Solyc12g009400.2,0.620537,4.1504,0.149513,3.35402e-26
21261,Solyc05g006530.3,transposed,TE-like,Solyc05g047520.3,0.881388,4.77518,0.184577,3.48581e-57
21262,Solyc05g006560.1,transposed,TE-like,Solyc04g082520.2,0.604937,4.21139,0.143643,1.00974e-50
21263,Solyc05g006645.1,transposed,TE-like,Solyc04g006940.3,0.430951,3.51213,0.122704,8.28203e-32
21264,Solyc05g006700.3,transposed,TE-like,Solyc05g012280.3,0.488447,3.68691,0.132481,0
21265,Solyc05g006770.3,transposed,gbM,Solyc12g036325.1,0.650223,4.37217,0.148719,1.20465e-72
21266,Solyc05g007230.3,transposed,gbM,Solyc03g112680.2,0.515328,4.81485,0.107029,6.44514e-152
21267,Solyc05g007290.2,transposed,gbM,Solyc12g099740.2,0.326695,4.81577,0.0678386,5.92698e-141
21268,Solyc05g007470.3,transposed,gbM,Solyc04g080680.3,0.569373,4.26625,0.13346,2.38413e-33
21269,Solyc05g007510.3,transposed,TE-like,Solyc12g008420.2,0.901605,4.69413,0.192071,6.98417e-60
21270,Solyc05g007580.1,transposed,Unmethylated,Solyc02g067320.2,0.41747,3.9938,0.10453,2.87915e-30
21271,Solyc05g007770.3,transposed,Unclassified,Solyc07g063420.3,0.381821,3.59192,0.1063,6.23411e-55
21272,Solyc05g007830.3,transposed,NA,Solyc03g115890.3,0.157537,3.73228,0.0422092,2.86482e-59
21273,Solyc05g007840.3,transposed,Unclassified,Solyc01g007750.3,0.687431,2.53653,0.271013,2.04287e-14
21274,Solyc05g007850.2,transposed,TE-like,Solyc01g008800.2,0.248263,0.853275,0.290953,1.47249e-30
21275,Solyc05g007890.3,transposed,TE-like,Solyc10g083340.2,0.453293,3.86975,0.117138,2.29467e-44
21276,Solyc05g007960.3,transposed,TE-like,Solyc08g078540.3,0.551637,4.23471,0.130266,6.89647e-95
21277,Solyc05g007980.3,transposed,TE-like,Solyc09g065560.3,0.316464,4.51567,0.0700814,9.04582e-103
21278,Solyc05g007990.3,transposed,TE-like,Solyc05g010340.3,0.785773,4.29495,0.182953,7.77418e-39
21279,Solyc05g008000.3,transposed,gbM,NA,NA,NA,NA,NA
21280,Solyc05g008050.2,transposed,TE-like,Solyc08g007270.3,0.324663,3.40769,0.0952735,9.24246e-28
21281,Solyc05g008070.3,transposed,gbM,Solyc11g020100.2,0.294411,0.837049,0.351724,4.07551e-20
21282,Solyc05g008090.3,transposed,gbM,Solyc05g014270.3,0.872731,4.34243,0.200977,1.56522e-35
21283,Solyc05g008120.3,transposed,Unclassified,Solyc01g100230.3,0.484815,3.37324,0.143724,8.45984e-24
21284,Solyc05g008310.3,transposed,TE-like,Solyc03g006770.3,0.474202,4.57398,0.103674,2.02134e-119
21285,Solyc05g008340.3,transposed,gbM,Solyc07g054440.3,0.448875,4.16047,0.10789,8.37382e-65
21286,Solyc05g008350.3,transposed,TE-like,Solyc01g006720.3,0.749072,4.62315,0.162026,5.10002e-45
21287,Solyc05g008370.1,transposed,NA,Solyc01g097460.3,0.306978,3.7993,0.0807986,3.99981e-46
21288,Solyc05g008380.3,transposed,TE-like,Solyc06g065870.3,0.569201,4.40399,0.129246,1.80002e-49
21289,Solyc05g008590.3,transposed,Unclassified,Solyc09g090560.1,0.886876,4.01151,0.221083,2.7334e-10
21290,Solyc05g008600.3,transposed,gbM,Solyc01g110360.3,0.167114,4.27013,0.0391356,4.07582e-92
21291,Solyc05g008633.1,transposed,TE-like,Solyc08g066200.3,0.409591,4.48569,0.0913105,1.72268e-111
21292,Solyc05g008680.1,transposed,TE-like,Solyc01g111830.3,0.153348,1.4909,0.102856,1.01797e-55
21293,Solyc05g008780.3,transposed,TE-like,Solyc07g063100.3,1.00579,2.66826,0.376945,9.60381e-13
21294,Solyc05g008840.2,transposed,TE-like,Solyc03g118840.3,0.559921,2.47812,0.225945,2.51581e-10
21295,Solyc05g008850.3,transposed,TE-like,Solyc09g090910.2,0.644312,3.23846,0.198956,3.61302e-12
21296,Solyc05g008860.3,transposed,TE-like,Solyc02g092940.3,0.576073,4.55631,0.126434,2.034e-68
21297,Solyc05g008900.3,transposed,TE-like,Solyc05g009330.3,0.504501,3.70303,0.13624,2.72453e-19
21298,Solyc05g008920.3,transposed,TE-like,Solyc09g075500.3,0.471611,4.17845,0.112868,5.31141e-48
21299,Solyc05g009080.3,transposed,TE-like,Solyc01g068590.3,0.99435,4.4148,0.225231,1.10385e-25
21300,Solyc05g009220.3,transposed,TE-like,Solyc01g102410.3,0.816617,4.57558,0.178473,1.87764e-33
21301,Solyc05g009250.1,transposed,Unclassified,Solyc05g009450.2,0.725644,3.73231,0.194422,6.19021e-15
21302,Solyc05g009260.1,transposed,Unclassified,Solyc09g074520.3,0.282944,1.16346,0.243193,6.86081e-05
21303,Solyc05g009310.3,transposed,Unclassified,Solyc04g007210.3,0.214494,2.63177,0.0815017,1.69869e-56
21304,Solyc05g009500.3,transposed,gbM,Solyc06g076750.3,0.464229,4.40097,0.105483,3.36542e-69
21305,Solyc05g009530.3,transposed,Unclassified,Solyc11g007720.2,0.817569,3.15838,0.258857,1.22996e-15
21306,Solyc05g009540.3,transposed,TE-like,Solyc06g051500.3,0.853895,4.34022,0.19674,1.34739e-47
21307,Solyc05g009550.3,transposed,gbM,Solyc04g007230.3,0.613649,3.91976,0.156553,7.41173e-24
21308,Solyc05g009610.1,transposed,TE-like,Solyc11g071720.2,0.650552,3.90143,0.166747,6.02472e-38
21309,Solyc05g009620.3,transposed,TE-like,Solyc01g005470.3,0.477339,3.09176,0.154391,4.21346e-21
21310,Solyc05g009640.3,transposed,NA,Solyc01g106460.3,0.542102,1.83671,0.295148,4.43466e-08
21311,Solyc05g009660.3,transposed,gbM,Solyc01g008730.3,0.21287,2.88707,0.0737321,1.51998e-53
21312,Solyc05g009690.3,transposed,gbM,Solyc09g091240.3,0.64201,3.54295,0.181208,4.5229e-13
21313,Solyc05g009700.3,transposed,gbM,Solyc02g093860.3,0.284393,4.26379,0.0666996,6.83025e-68
21314,Solyc05g009720.3,transposed,TE-like,Solyc01g108300.3,0.57405,3.84412,0.149332,9.38261e-39
21315,Solyc05g009770.2,transposed,Unclassified,Solyc11g062060.2,0.276586,3.46793,0.0797554,4.96483e-55
21316,Solyc05g009800.3,transposed,Unclassified,Solyc02g077850.3,0.708717,4.44425,0.159469,8.35809e-52
21317,Solyc05g009820.3,transposed,Unmethylated,Solyc09g074080.2,0.231885,3.80931,0.0608732,0
21318,Solyc05g009840.3,transposed,TE-like,Solyc02g093410.3,0.472219,4.0013,0.118016,5.76069e-60
21319,Solyc05g009875.1,transposed,TE-like,Solyc03g119760.3,0.261852,1.76728,0.148167,3.25736e-15
21320,Solyc05g009890.1,transposed,Unclassified,Solyc01g096040.3,0.689752,4.35523,0.158373,3.57127e-28
21321,Solyc05g009930.3,transposed,TE-like,Solyc02g077090.3,0.543795,4.59611,0.118316,7.75546e-72
21322,Solyc05g009940.3,transposed,gbM,Solyc03g025530.3,0.799852,4.43518,0.180342,7.17241e-37
21323,Solyc05g009950.3,transposed,Unclassified,Solyc03g025840.3,0.531781,3.79608,0.140087,6.69225e-19
21324,Solyc05g009960.3,transposed,TE-like,Solyc03g121040.3,0.53938,3.86188,0.139668,1.03049e-41
21325,Solyc05g010060.3,transposed,gbM,Solyc09g090360.3,0.430269,4.12646,0.104271,5.2527e-66
21326,Solyc05g010070.3,transposed,TE-like,Solyc04g082020.3,0.745032,3.40693,0.218681,5.03756e-16
21327,Solyc05g010150.3,transposed,Unclassified,Solyc07g006200.3,0.27081,3.73128,0.0725784,8.115e-50
21328,Solyc05g010170.1,transposed,TE-like,Solyc12g006230.2,0.717414,3.31418,0.216468,1.81786e-18
21329,Solyc05g010180.3,transposed,TE-like,Solyc10g081650.2,0.80997,4.38925,0.184535,7.86555e-42
21330,Solyc05g010240.3,transposed,Unclassified,Solyc11g069790.2,0.498263,4.48411,0.111118,1.51186e-51
21331,Solyc05g010300.3,transposed,Unclassified,Solyc12g015780.2,0.634473,3.93319,0.161313,2.30606e-32
21332,Solyc05g010530.3,transposed,gbM,Solyc05g008950.3,0.15481,0.658517,0.235088,3.3955e-14
21333,Solyc05g010740.1,transposed,TE-like,Solyc06g069710.3,0.552391,3.49061,0.15825,8.38759e-28
21334,Solyc05g010750.3,transposed,Unclassified,Solyc07g008970.3,0.596186,1.56296,0.381446,1.17619e-05
21335,Solyc05g011880.2,transposed,TE-like,Solyc09g010940.3,0.117096,0.40478,0.289284,1.52047e-08
21336,Solyc05g012130.3,transposed,TE-like,Solyc08g083040.3,0.759673,4.34921,0.174669,1.49977e-46
21337,Solyc05g012257.1,transposed,TE-like,Solyc03g031460.1,0.756887,4.06012,0.18642,1.64091e-24
21338,Solyc05g012430.1,transposed,TE-like,Solyc12g099980.2,0.315404,0.942849,0.334522,1.44894e-11
21339,Solyc05g012460.3,transposed,gbM,Solyc03g117430.3,0.64187,4.02976,0.159283,2.32429e-30
21340,Solyc05g012500.3,transposed,Unclassified,Solyc07g056280.3,0.586197,3.75584,0.156076,2.23759e-22
21341,Solyc05g012660.2,transposed,TE-like,Solyc10g080010.2,0.613864,4.19186,0.146442,1.31686e-47
21342,Solyc05g012670.1,transposed,Unclassified,Solyc04g016190.1,0.468929,3.3635,0.139417,1.02413e-33
21343,Solyc05g012730.1,transposed,gbM,Solyc06g068770.3,0.0855208,1.14096,0.0749549,1.02009e-49
21344,Solyc05g012840.1,transposed,NA,Solyc02g077250.2,0.0164792,0.0249998,0.659171,0.412232
21345,Solyc05g013100.1,transposed,TE-like,Solyc02g011710.1,0.180871,0.278349,0.649799,0.342916
21346,Solyc05g013207.1,transposed,TE-like,Solyc06g053870.3,0.130279,1.16505,0.111823,1.03333e-50
21347,Solyc05g013240.3,transposed,TE-like,Solyc10g006590.2,0.623208,3.3892,0.183881,2.23928e-15
21348,Solyc05g013340.3,transposed,TE-like,Solyc06g061150.3,0.526923,4.20873,0.125198,6.72835e-51
21349,Solyc05g013350.3,transposed,gbM,Solyc01g101050.3,0.56777,3.99901,0.141978,1.68086e-31
21350,Solyc05g013380.3,transposed,TE-like,Solyc03g123610.3,0.444973,4.31447,0.103135,3.63022e-75
21351,Solyc05g013400.3,transposed,TE-like,Solyc12g015730.2,0.84299,4.76255,0.177004,2.90736e-47
21352,Solyc05g013590.1,transposed,Unclassified,Solyc07g056170.3,0.555583,3.23479,0.171752,7.06787e-15
21353,Solyc05g013610.1,transposed,Unclassified,Solyc12g011140.2,0.386611,3.53718,0.109299,1.48631e-06
21354,Solyc05g013750.3,transposed,gbM,Solyc01g080040.3,0.616168,3.53768,0.174173,1.4702e-16
21355,Solyc05g013760.3,transposed,Unclassified,Solyc07g065910.1,0.618393,3.78018,0.163588,1.14074e-18
21356,Solyc05g013777.1,transposed,gbM,Solyc03g112050.3,0.297344,3.20032,0.0929105,5.24591e-16
21357,Solyc05g013780.2,transposed,Unclassified,Solyc03g025460.3,0.817791,4.31851,0.189369,1.78906e-21
21358,Solyc05g013820.3,transposed,gbM,Solyc07g016200.3,0.82317,2.71502,0.303191,1.29867e-05
21359,Solyc05g013940.3,transposed,gbM,Solyc11g065990.2,0.611308,4.0833,0.149709,2.20576e-37
21360,Solyc05g014030.3,transposed,gbM,Solyc07g063300.3,0.781011,4.35074,0.179512,7.48164e-25
21361,Solyc05g014060.1,transposed,TE-like,Solyc02g011930.1,0.47533,0.289668,1.64095,0.0500294
21362,Solyc05g014080.2,transposed,TE-like,Solyc01g010150.3,0.423264,3.43189,0.123333,7.63278e-18
21363,Solyc05g014100.2,transposed,TE-like,Solyc07g039510.3,0.340001,1.71189,0.198611,3.00033e-10
21364,Solyc05g014110.3,transposed,TE-like,Solyc07g039510.3,0.197562,0.270633,0.729999,0.306039
21365,Solyc05g014150.3,transposed,Unclassified,Solyc02g093640.3,0.272232,3.64114,0.0747656,1.86341e-40
21366,Solyc05g014240.3,transposed,TE-like,Solyc03g121230.3,0.653999,4.74109,0.137943,8.75814e-64
21367,Solyc05g014260.3,transposed,gbM,Solyc01g065540.3,0.550034,4.2573,0.129198,3.42322e-91
21368,Solyc05g014390.3,transposed,gbM,Solyc01g080640.3,0.541206,5.01988,0.107813,1.27012e-109
21369,Solyc05g014490.2,transposed,TE-like,Solyc09g082390.2,0.599571,4.27179,0.140356,3.25202e-36
21370,Solyc05g014500.2,transposed,Unclassified,Solyc08g081890.3,0.493076,2.90035,0.170006,0
21371,Solyc05g014560.3,transposed,Unclassified,Solyc06g071910.3,0.158869,2.75419,0.0576826,2.91462e-62
21372,Solyc05g014633.1,transposed,Unclassified,Solyc01g109380.3,0.506938,1.295,0.391457,0.000863343
21373,Solyc05g014640.3,transposed,TE-like,Solyc03g096090.3,0.686752,4.33059,0.158581,9.37663e-25
21374,Solyc05g014690.2,transposed,TE-like,Solyc01g100280.3,0.909666,4.50626,0.201867,4.43201e-45
21375,Solyc05g014760.3,transposed,TE-like,Solyc12g095860.2,0.451889,3.89843,0.115916,1.46305e-51
21376,Solyc05g014790.3,transposed,TE-like,Solyc03g122340.3,0.381497,4.74606,0.0803819,7.75904e-168
21377,Solyc05g015043.1,transposed,TE-like,Solyc03g115390.3,0.490566,2.07275,0.236674,1.53922e-12
21378,Solyc05g015050.3,transposed,TE-like,Solyc03g005060.3,0.487723,4.83626,0.100847,2.83608e-89
21379,Solyc05g015060.3,transposed,TE-like,Solyc02g084900.2,0.328378,4.24328,0.0773877,1.0973e-72
21380,Solyc05g015070.3,transposed,TE-like,Solyc02g085140.3,0.764132,4.60536,0.165923,2.26727e-39
21381,Solyc05g015150.3,transposed,Unclassified,Solyc02g092940.3,0.59749,4.53025,0.131889,8.81847e-81
21382,Solyc05g015510.3,transposed,gbM,Solyc10g078700.2,0.623654,3.92902,0.15873,2.26692e-29
21383,Solyc05g015550.2,transposed,TE-like,Solyc04g015060.2,0.401659,3.7156,0.108101,1.62389e-24
21384,Solyc05g015790.2,transposed,TE-like,Solyc10g005200.3,0.367124,0.264494,1.38803,0.0882671
21385,Solyc05g015850.3,transposed,Unclassified,Solyc01g079260.3,0.554339,3.27906,0.169054,2.40558e-15
21386,Solyc05g015862.1,transposed,TE-like,Solyc09g092480.1,0.228188,1.74366,0.130867,5.24987e-14
21387,Solyc05g015910.1,transposed,Unmethylated,Solyc01g009890.1,0.170669,3.39696,0.0502417,5.89048e-34
21388,Solyc05g015945.1,transposed,Unclassified,Solyc03g097440.3,0.35323,3.12789,0.112929,7.71504e-13
21389,Solyc05g015950.3,transposed,gbM,Solyc01g100960.3,0.475363,4.40093,0.108014,7.70975e-81
21390,Solyc05g016030.3,transposed,TE-like,Solyc04g082650.3,0.36328,4.49821,0.080761,1.11866e-88
21391,Solyc05g016070.2,transposed,Unclassified,Solyc07g008040.3,0.296355,0.302692,0.979067,1
21392,Solyc05g016220.1,transposed,Unclassified,Solyc11g021300.1,0.0579178,0.040754,1.42116,0.766844
21393,Solyc05g016230.3,transposed,TE-like,Solyc08g023280.3,0.56444,4.18673,0.134816,1.72988e-33
21394,Solyc05g016240.3,transposed,TE-like,Solyc12g006420.2,0.10953,0.721301,0.151851,2.44909e-60
21395,Solyc05g016250.3,transposed,TE-like,Solyc11g069810.2,0.401013,3.69574,0.108507,6.75613e-35
21396,Solyc05g016253.1,transposed,TE-like,Solyc09g007390.3,0.126668,0.127468,0.993721,0.999858
21397,Solyc05g016290.1,transposed,TE-like,Solyc11g008320.2,0.257401,1.28271,0.200671,5.63428e-10
21398,Solyc05g016300.1,transposed,TE-like,Solyc11g008320.2,0.31168,0.573583,0.543391,0.0633941
21399,Solyc05g016310.1,transposed,Unclassified,Solyc10g009410.1,0.574815,4.2318,0.135832,8.43796e-63
21400,Solyc05g016320.2,transposed,TE-like,Solyc09g008720.2,0.302713,4.12516,0.0733823,4.16341e-91
21401,Solyc05g016390.3,transposed,TE-like,Solyc09g091920.3,0.437002,3.09715,0.141098,2.15324e-15
21402,Solyc05g016410.3,transposed,TE-like,Solyc07g040720.3,0.0636177,0.81137,0.0784078,1.99233e-53
21403,Solyc05g016420.1,transposed,TE-like,Solyc04g074190.3,0.551269,3.51149,0.15699,1.93667e-22
21404,Solyc05g017760.3,transposed,TE-like,Solyc07g045350.3,0.0501138,0.733194,0.0683499,1.06633e-44
21405,Solyc05g017930.2,transposed,TE-like,Solyc08g016500.3,0.439794,3.36403,0.130734,4.26327e-27
21406,Solyc05g017980.3,transposed,TE-like,Solyc01g005330.3,0.081686,0.644035,0.126835,4.3329e-53
21407,Solyc05g018040.2,transposed,TE-like,Solyc09g074680.3,0.271498,0.367571,0.738626,0.305922
21408,Solyc05g018160.1,transposed,TE-like,Solyc10g079750.2,0.139149,0.230443,0.603833,0.0138411
21409,Solyc05g018180.3,transposed,TE-like,Solyc08g066600.3,0.264065,4.87016,0.054221,5.31074e-137
21410,Solyc05g018210.3,transposed,gbM,Solyc01g090590.3,0.344912,4.28281,0.080534,1.00122e-77
21411,Solyc05g018230.3,transposed,gbM,Solyc12g008320.2,0.0898877,4.31261,0.020843,2.05716e-128
21412,Solyc05g018233.1,transposed,TE-like,Solyc07g064490.3,0.506236,4.16379,0.121581,4.84786e-39
21413,Solyc05g018300.3,transposed,TE-like,Solyc01g080400.3,0.393365,4.10981,0.0957135,7.97205e-83
21414,Solyc05g018310.1,transposed,Unclassified,Solyc12g007320.1,0.309365,3.85482,0.0802541,8.76173e-36
21415,Solyc05g018320.3,transposed,TE-like,Solyc05g012210.3,0.852228,4.10692,0.20751,6.86476e-24
21416,Solyc05g018350.3,transposed,Unclassified,Solyc03g122030.1,0.730311,3.69097,0.197864,4.09342e-17
21417,Solyc05g018410.2,transposed,TE-like,Solyc01g080930.3,0.722238,3.86916,0.186665,9.94751e-32
21418,Solyc05g018500.3,transposed,TE-like,Solyc01g087490.3,0.603082,4.45255,0.135446,8.02982e-66
21419,Solyc05g018600.3,transposed,Unclassified,Solyc05g054480.3,0.665901,4.01787,0.165735,3.85558e-55
21420,Solyc05g018610.2,transposed,gbM,Solyc01g066770.3,0.492429,3.91278,0.125851,1.2066e-58
21421,Solyc05g018750.3,transposed,TE-like,Solyc07g045230.3,0.198787,0.713112,0.27876,1.83695e-32
21422,Solyc05g018760.2,transposed,Unclassified,Solyc07g045190.2,0.11844,0.9461,0.125187,3.39021e-16
21423,Solyc05g018770.2,transposed,TE-like,Solyc07g039510.3,0.215968,0.341715,0.632012,0.0852918
21424,Solyc05g018810.3,transposed,TE-like,Solyc12g008940.2,0.0851606,1.54581,0.0550914,6.22622e-30
21425,Solyc05g018870.2,transposed,TE-like,Solyc03g121570.3,0.145734,4.37947,0.0332767,5.38024e-116
21426,Solyc05g018875.1,transposed,Unclassified,Solyc03g121570.3,0.229583,1.4951,0.153558,3.02209e-12
21427,Solyc05g018880.1,transposed,Unclassified,Solyc07g039310.1,0.171897,1.607,0.106968,3.77929e-49
21428,Solyc05g018910.2,transposed,TE-like,Solyc03g112730.3,0.509811,3.73846,0.136369,1.62043e-24
21429,Solyc05g018920.1,transposed,TE-like,Solyc03g112730.3,0.276866,2.00493,0.138092,8.44898e-13
21430,Solyc05g018930.1,transposed,Unclassified,Solyc03g112730.3,0.608367,3.28103,0.185419,2.56288e-26
21431,Solyc05g019980.2,transposed,TE-like,Solyc09g065030.3,0.0730484,0.273168,0.267412,0.0106614
21432,Solyc05g020010.1,transposed,TE-like,Solyc12g062610.1,0.302537,0.601254,0.503176,0.0401418
21433,Solyc05g020020.3,transposed,TE-like,Solyc07g045180.3,0.204867,1.23211,0.166273,2.80942e-13
21434,Solyc05g020040.1,transposed,TE-like,Solyc09g009690.3,0.135014,0.317619,0.425082,0.000578136
21435,Solyc05g021090.3,transposed,Unclassified,Solyc02g087920.3,0.478793,3.77678,0.126773,6.59563e-30
21436,Solyc05g023735.1,transposed,Unmethylated,NA,NA,NA,NA,NA
21437,Solyc05g023740.3,transposed,gbM,Solyc10g007770.3,0.47064,4.69323,0.100281,1.50012e-96
21438,Solyc05g023750.3,transposed,TE-like,Solyc03g118260.2,0.212298,2.06369,0.102873,4.63684e-109
21439,Solyc05g023760.3,transposed,gbM,Solyc03g111793.1,0.620804,4.07816,0.152226,9.86859e-38
21440,Solyc05g023800.3,transposed,TE-like,Solyc01g103380.3,0.825704,3.7177,0.222101,1.1009e-08
21441,Solyc05g023990.2,transposed,TE-like,Solyc04g076980.3,0.0961476,0.266695,0.360515,0.0405753
21442,Solyc05g024010.3,transposed,Unclassified,Solyc12g006240.2,0.799933,4.06725,0.196677,6.51922e-22
21443,Solyc05g024125.1,transposed,TE-like,Solyc11g008320.2,0.263219,1.61642,0.162841,3.14876e-13
21444,Solyc05g024160.3,transposed,gbM,Solyc06g072580.3,0.135834,4.1747,0.0325374,6.08044e-85
21445,Solyc05g024177.1,transposed,TE-like,Solyc11g008320.2,0.296562,1.85026,0.160281,4.37773e-14
21446,Solyc05g024230.2,transposed,TE-like,Solyc08g081960.2,0.235828,1.05017,0.224562,1.91795e-07
21447,Solyc05g024260.3,transposed,TE-like,Solyc06g072620.3,0.395582,1.56864,0.252181,1.3009e-20
21448,Solyc05g024290.3,transposed,gbM,Solyc09g007170.3,0.234891,4.11662,0.0570593,0
21449,Solyc05g024340.1,transposed,TE-like,Solyc03g111320.1,0.682377,4.4936,0.151855,1.09484e-35
21450,Solyc05g024350.1,transposed,Unclassified,Solyc01g008800.2,0.180078,0.972206,0.185227,7.45535e-06
21451,Solyc05g024370.1,transposed,Unclassified,Solyc01g008800.2,0.264958,0.735681,0.360154,1.70067e-05
21452,Solyc05g024373.1,transposed,Unclassified,Solyc01g008800.2,0.392163,1.03725,0.378079,0.000236848
21453,Solyc05g024415.1,transposed,TE-like,Solyc01g067480.3,0.80471,4.06524,0.197949,5.92191e-14
21454,Solyc05g024440.1,transposed,Unclassified,Solyc01g017180.2,0.176438,0.212013,0.832201,0.643857
21455,Solyc05g025510.3,transposed,TE-like,Solyc07g044850.3,0.144353,0.580419,0.248705,1.26538e-26
21456,Solyc05g025590.3,transposed,Unclassified,Solyc08g075840.3,0.316591,4.51656,0.0700955,3.43109e-128
21457,Solyc05g025620.2,transposed,TE-like,Solyc07g039510.3,0.386667,0.947413,0.40813,0.0012323
21458,Solyc05g025680.2,transposed,Unclassified,Solyc07g042460.2,0.0993076,0.814573,0.121914,1.13677e-24
21459,Solyc05g025683.1,transposed,TE-like,Solyc07g042460.2,0.153516,1.02527,0.149733,1.29233e-25
21460,Solyc05g025687.1,transposed,Unclassified,Solyc07g042460.2,0.200234,2.29562,0.0872243,4.31726e-35
21461,Solyc05g025730.2,transposed,TE-like,Solyc08g082250.3,0.607365,3.53511,0.171809,1.34528e-15
21462,Solyc05g025780.3,transposed,gbM,Solyc12g009190.2,0.229407,1.62715,0.140987,1.43681e-69
21463,Solyc05g025810.3,transposed,Unclassified,Solyc02g082900.3,0.67701,4.10768,0.164816,2.9832e-19
21464,Solyc05g025820.3,transposed,Unclassified,Solyc07g041940.3,0.125159,3.39139,0.036905,1.21586e-45
21465,Solyc05g025900.3,transposed,gbM,Solyc07g041830.3,0.170051,0.767291,0.221625,1.55981e-16
21466,Solyc05g025920.3,transposed,TE-like,Solyc07g042470.3,0.199813,3.22838,0.0618926,0
21467,Solyc05g026050.3,transposed,TE-like,Solyc11g070120.2,0.0718058,1.85428,0.0387243,2.92611e-53
21468,Solyc05g026130.3,transposed,Unclassified,Solyc01g109640.3,0.585073,3.43606,0.170274,5.06239e-17
21469,Solyc05g026150.1,transposed,TE-like,Solyc12g008630.2,0.163014,0.792498,0.205696,2.39469e-11
21470,Solyc05g026157.1,transposed,TE-like,Solyc12g008630.2,0.55776,1.81752,0.30688,1.50704e-08
21471,Solyc05g026180.2,transposed,Unclassified,Solyc07g053590.3,0.281983,3.57493,0.0788779,4.57883e-56
21472,Solyc05g026227.1,transposed,TE-like,Solyc10g083280.3,0.375503,3.17766,0.11817,8.20341e-18
21473,Solyc05g026320.1,transposed,TE-like,Solyc01g017060.2,0.140214,0.19813,0.707686,0.341235
21474,Solyc05g026325.1,transposed,TE-like,Solyc04g077080.2,0.308806,1.58762,0.194509,1.32727e-07
21475,Solyc05g026370.2,transposed,TE-like,Solyc10g008950.3,0.111056,0.252351,0.440087,0.0426682
21476,Solyc05g026377.1,transposed,TE-like,Solyc03g007040.3,0.480803,3.89621,0.123403,2.85396e-32
21477,Solyc05g026380.2,transposed,TE-like,Solyc03g007040.3,0.193852,1.82502,0.106219,1.36803e-41
21478,Solyc05g026470.2,transposed,TE-like,Solyc09g061290.3,0.541183,3.64324,0.148544,3.28093e-34
21479,Solyc05g026480.2,transposed,gbM,Solyc09g061290.3,0.612037,3.27218,0.187043,1.71405e-28
21480,Solyc05g026560.3,transposed,TE-like,Solyc04g007640.3,0.939684,4.07397,0.230655,8.33256e-16
21481,Solyc05g026590.2,transposed,Unclassified,Solyc10g005390.3,0.119495,0.520609,0.229529,3.30574e-11
21482,Solyc05g026600.3,transposed,Unclassified,Solyc10g005390.3,0.142381,0.500038,0.284739,4.87385e-07
21483,Solyc05g031600.2,transposed,Unclassified,Solyc06g071640.3,0.376106,4.06629,0.0924935,1.41448e-73
21484,Solyc05g032660.3,transposed,TE-like,Solyc06g072670.3,0.902659,4.03605,0.223649,6.9823e-11
21485,Solyc05g032680.3,transposed,TE-like,Solyc01g080930.3,0.507477,3.58584,0.141522,5.83795e-21
21486,Solyc05g032710.3,transposed,TE-like,Solyc01g080930.3,0.383764,3.63099,0.105691,9.3715e-27
21487,Solyc05g032740.1,transposed,TE-like,Solyc02g063260.3,0.132144,0.440791,0.299789,0.00672962
21488,Solyc05g032750.3,transposed,TE-like,Solyc07g041180.3,0.182454,0.852511,0.21402,6.79171e-61
21489,Solyc05g032760.3,transposed,Unclassified,Solyc07g041190.3,0.119076,1.77291,0.0671643,4.30953e-13
21490,Solyc05g032770.3,transposed,TE-like,Solyc07g041190.3,0.0644589,0.780873,0.0825472,3.29749e-16
21491,Solyc05g032780.1,transposed,NA,Solyc02g077250.2,0.0358076,0.0621234,0.576394,0.192737
21492,Solyc05g032820.2,transposed,TE-like,Solyc12g098500.2,0.219261,0.517898,0.423368,1.08938e-06
21493,Solyc05g032850.3,transposed,TE-like,Solyc01g103540.3,0.56605,4.25723,0.132962,9.5826e-67
21494,Solyc05g039915.1,transposed,Unmethylated,Solyc07g041340.2,0.25378,2.59066,0.0979595,6.01274e-13
21495,Solyc05g039960.1,transposed,NA,Solyc02g087030.1,0.0202351,0.00704551,2.87206,0.373716
21496,Solyc05g040000.1,transposed,TE-like,Solyc11g008320.2,0.250089,2.55063,0.0980498,2.62502e-16
21497,Solyc05g040010.2,transposed,TE-like,Solyc11g008320.2,0.381994,1.87101,0.204164,2.40776e-11
21498,Solyc05g040050.2,transposed,TE-like,Solyc03g019640.1,0.61295,4.60386,0.133138,3.65214e-63
21499,Solyc05g041110.2,transposed,NA,Solyc10g078390.2,0.124331,0.240886,0.516141,0.0749199
21500,Solyc05g041140.3,transposed,TE-like,Solyc03g079880.3,0.0201542,0.0368011,0.547652,0.319546
21501,Solyc05g041240.1,transposed,TE-like,Solyc08g066600.3,0.308612,0.732044,0.421576,3.89325e-07
21502,Solyc05g041370.1,transposed,NA,Solyc03g098280.3,0.111743,0.221894,0.503587,0.253627
21503,Solyc05g041420.3,transposed,gbM,Solyc07g047990.1,0.0979773,1.81201,0.054071,1.76395e-45
21504,Solyc05g041520.1,transposed,TE-like,Solyc08g008310.3,0.123643,0.301766,0.40973,0.043187
21505,Solyc05g041530.3,transposed,TE-like,Solyc08g068400.3,0.141342,0.69789,0.202527,1.18936e-23
21506,Solyc05g041540.3,transposed,TE-like,Solyc11g066250.2,0.123167,0.619265,0.198892,9.52371e-26
21507,Solyc05g041770.2,transposed,TE-like,Solyc10g008950.3,0.16232,0.363499,0.446548,0.0115653
21508,Solyc05g041980.1,transposed,Unclassified,Solyc09g012000.1,0.341304,3.1933,0.106881,2.87699e-14
21509,Solyc05g042020.1,transposed,TE-like,Solyc01g094430.1,0.0482054,0.0284015,1.69728,0.832017
21510,Solyc05g042030.3,transposed,TE-like,Solyc07g049210.3,0.050635,0.707005,0.0716191,2.30307e-25
21511,Solyc05g042040.3,transposed,Unclassified,Solyc07g049260.3,0.206797,0.764052,0.270658,3.22604e-17
21512,Solyc05g042150.2,transposed,TE-like,Solyc12g088830.2,0.0512051,0.106868,0.479141,0.0391296
21513,Solyc05g043360.2,transposed,TE-like,Solyc06g050530.3,0.377203,4.44205,0.0849166,3.57883e-84
21514,Solyc05g044465.1,transposed,TE-like,Solyc03g110850.1,0.211481,0.287252,0.736219,0.362617
21515,Solyc05g044540.2,transposed,TE-like,Solyc05g012010.3,0.204197,1.71056,0.119374,0.000118219
21516,Solyc05g045650.3,transposed,TE-like,Solyc04g082610.3,0.317541,4.69762,0.0675961,1.89287e-138
21517,Solyc05g045660.3,transposed,TE-like,Solyc12g005840.2,0.144203,1.4737,0.0978511,3.39112e-27
21518,Solyc05g045670.3,transposed,TE-like,Solyc07g064270.3,0.181694,4.22075,0.0430478,1.56057e-79
21519,Solyc05g045705.1,transposed,Unmethylated,Solyc12g005820.2,0.167394,1.27676,0.131108,4.96398e-10
21520,Solyc05g045950.2,transposed,TE-like,Solyc04g007100.3,0.00393068,0.0475193,0.0827174,0.0155603
21521,Solyc05g046040.2,transposed,gbM,Solyc12g006240.2,0.552239,4.02799,0.1371,6.79115e-44
21522,Solyc05g046110.3,transposed,TE-like,Solyc12g005730.2,0.213474,4.14697,0.0514772,1.14538e-77
21523,Solyc05g046120.3,transposed,gbM,Solyc10g006540.3,0.395645,4.72416,0.0837492,3.7825e-124
21524,Solyc05g046130.3,transposed,Unmethylated,Solyc07g052910.3,0.191953,2.8182,0.068112,7.86793e-20
21525,Solyc05g046350.1,transposed,TE-like,Solyc07g064280.3,0.353322,3.28113,0.107683,4.57358e-17
21526,Solyc05g046360.3,transposed,TE-like,Solyc12g014400.2,0.570304,2.39039,0.238582,7.32488e-16
21527,Solyc05g046370.1,transposed,Unclassified,Solyc02g081570.3,0.292131,2.48885,0.117376,7.92786e-09
21528,Solyc05g047440.1,transposed,TE-like,Solyc11g021310.1,0.0939729,0.211417,0.44449,0.0409207
21529,Solyc05g047510.2,transposed,TE-like,Solyc05g011870.1,0.115829,0.583212,0.198606,2.67945e-13
21530,Solyc05g047590.3,transposed,TE-like,Solyc09g075330.3,0.509724,4.3585,0.116949,7.34482e-64
21531,Solyc05g047610.3,transposed,Unclassified,Solyc10g018160.2,0.380887,3.52001,0.108206,7.57928e-27
21532,Solyc05g047640.3,transposed,TE-like,Solyc01g091280.3,0.464186,2.0112,0.230801,1.1282e-14
21533,Solyc05g047680.3,transposed,TE-like,Solyc01g096280.2,0.177886,1.63441,0.108838,6.38809e-65
21534,Solyc05g047710.3,transposed,gbM,Solyc01g094030.3,0.0870963,0.752774,0.115701,1.54001e-51
21535,Solyc05g048740.3,transposed,TE-like,Solyc04g050010.2,0.140673,0.824225,0.170673,1.87491e-11
21536,Solyc05g048770.3,transposed,TE-like,Solyc06g069400.3,0.923464,4.13403,0.223381,1.58964e-12
21537,Solyc05g048790.1,transposed,TE-like,Solyc01g094430.1,0.231141,1.87705,0.123141,2.6199e-23
21538,Solyc05g048860.3,transposed,TE-like,Solyc01g094350.3,0.172854,0.815753,0.211895,1.08983e-08
21539,Solyc05g050490.3,transposed,TE-like,Solyc10g017810.2,0.0952167,0.854271,0.11146,1.43794e-37
21540,Solyc05g050540.3,transposed,TE-like,Solyc09g014240.3,0.435651,4.38563,0.0993362,4.39146e-79
21541,Solyc05g050680.3,transposed,TE-like,Solyc06g061000.3,0.12617,3.87372,0.0325706,3.02893e-69
21542,Solyc05g050700.1,transposed,TE-like,Solyc02g084370.1,0.74114,4.1965,0.176609,1.45888e-45
21543,Solyc05g050730.1,transposed,TE-like,Solyc02g080920.2,0.531564,3.15842,0.168301,1.2247e-12
21544,Solyc05g050750.1,transposed,TE-like,Solyc07g007950.1,0.380772,1.58364,0.240441,1.01751e-10
21545,Solyc05g050790.2,transposed,TE-like,Solyc01g090370.2,0.357531,3.38498,0.105623,2.24265e-31
21546,Solyc05g050820.3,transposed,Unclassified,Solyc01g090550.3,0.174304,0.897673,0.194173,1.02852e-16
21547,Solyc05g050830.2,transposed,Unclassified,Solyc01g090560.3,0.266365,1.26409,0.210717,4.15246e-14
21548,Solyc05g050860.1,transposed,TE-like,Solyc01g090830.2,0.199331,1.91985,0.103827,1.27087e-53
21549,Solyc05g050930.2,transposed,Unclassified,Solyc07g062310.3,0.815544,4.27687,0.190687,1.96837e-19
21550,Solyc05g050960.3,transposed,TE-like,Solyc09g082790.3,0.752394,3.94425,0.190757,4.51309e-26
21551,Solyc05g050990.1,transposed,gbM,Solyc01g091200.3,0.0468384,0.891113,0.0525616,1.03561e-65
21552,Solyc05g051000.3,transposed,Unclassified,Solyc10g018250.2,0.00284259,0.485656,0.00585309,3.2219e-23
21553,Solyc05g051010.3,transposed,TE-like,Solyc02g085020.3,0.521613,3.45541,0.150955,3.10772e-19
21554,Solyc05g051015.1,transposed,Unclassified,Solyc02g085020.3,0.53783,3.10425,0.173256,5.16112e-11
21555,Solyc05g051030.3,transposed,TE-like,Solyc06g060550.3,0.309466,2.0402,0.151684,2.39385e-11
21556,Solyc05g051050.3,transposed,TE-like,Solyc01g101000.3,0.172207,4.21396,0.0408658,4.91237e-98
21557,Solyc05g051060.3,transposed,Unclassified,Solyc08g076400.3,0.384385,3.52916,0.108917,4.34315e-42
21558,Solyc05g051100.2,transposed,TE-like,Solyc11g008320.2,0.29631,3.077,0.0962984,1.3888e-15
21559,Solyc05g051190.1,transposed,Unmethylated,Solyc03g083390.3,0.460257,3.10718,0.148127,2.58355e-14
21560,Solyc05g051210.3,transposed,TE-like,Solyc01g099330.3,0.609532,4.05864,0.150181,4.18701e-61
21561,Solyc05g051240.1,transposed,Unclassified,Solyc09g011040.1,0.558638,4.14026,0.134928,1.33997e-51
21562,Solyc05g051280.3,transposed,TE-like,Solyc03g025510.3,0.314887,4.24042,0.0742583,1.86754e-89
21563,Solyc05g051305.1,transposed,Unmethylated,Solyc09g065030.3,0.174168,1.79947,0.0967884,4.79381e-12
21564,Solyc05g051320.2,transposed,TE-like,Solyc03g026290.3,0.293766,4.06838,0.0722071,3.06915e-45
21565,Solyc05g051490.3,transposed,TE-like,Solyc01g105510.3,0.217063,4.60835,0.0471022,4.23173e-125
21566,Solyc05g051540.2,transposed,Unclassified,Solyc11g009100.2,0.349101,2.87696,0.121344,6.09524e-23
21567,Solyc05g051550.2,transposed,TE-like,Solyc04g056310.3,0.191697,1.71754,0.111611,1.84877e-28
21568,Solyc05g051560.3,transposed,Unclassified,Solyc04g056260.2,0.141127,0.95449,0.147856,2.66302e-40
21569,Solyc05g051580.3,transposed,TE-like,Solyc10g086137.1,0.608271,4.41556,0.137756,1.0866e-37
21570,Solyc05g051610.2,transposed,gbM,Solyc03g093450.3,0.256432,2.9351,0.0873675,7.97894e-62
21571,Solyc05g051615.1,transposed,gbM,Solyc03g093450.3,0.381959,2.19979,0.173635,3.71541e-07
21572,Solyc05g051640.3,transposed,TE-like,Solyc03g093330.3,0.152449,2.32402,0.0655971,1.42959e-129
21573,Solyc05g051650.1,transposed,TE-like,Solyc04g078000.3,0.981425,4.07291,0.240964,7.02992e-15
21574,Solyc05g051690.3,transposed,gbM,Solyc03g093200.3,0.0839009,0.679046,0.123557,5.48809e-21
21575,Solyc05g051780.3,transposed,TE-like,Solyc12g008640.2,0.429126,4.48904,0.0955941,4.91244e-75
21576,Solyc05g052020.3,transposed,gbM,Solyc03g093510.2,0.127395,2.17168,0.0586619,1.06055e-27
21577,Solyc05g052030.1,transposed,Unmethylated,Solyc03g093530.2,0.319897,1.6142,0.198177,1.72974e-10
21578,Solyc05g052050.1,transposed,Unmethylated,Solyc08g078170.1,0.452704,3.73499,0.121206,4.77227e-19
21579,Solyc05g052070.3,transposed,gbM,Solyc08g078070.3,0.0484266,3.54485,0.0136611,1.14432e-73
21580,Solyc05g052100.3,transposed,TE-like,Solyc03g094010.3,0.0498893,1.01862,0.0489774,2.26859e-56
21581,Solyc05g052130.3,transposed,TE-like,Solyc01g088710.3,0.265184,4.07311,0.0651062,9.98179e-54
21582,Solyc05g052160.3,transposed,TE-like,Solyc09g074940.2,0.70599,3.98148,0.177319,1.83746e-19
21583,Solyc05g052195.1,transposed,Unclassified,Solyc03g095720.3,0.168074,1.00005,0.168066,1.51647e-05
21584,Solyc05g052280.3,transposed,TE-like,Solyc06g050440.3,0.0802007,1.76445,0.0454538,2.82423e-61
21585,Solyc05g052330.2,transposed,Unclassified,Solyc10g018500.1,0.358232,3.60295,0.0994275,3.01634e-39
21586,Solyc05g052470.3,transposed,TE-like,Solyc06g050980.3,0.0702993,1.72996,0.0406364,2.0031e-41
21587,Solyc05g052480.3,transposed,TE-like,Solyc06g050990.3,0.109138,0.643455,0.169612,5.09726e-32
21588,Solyc05g052490.3,transposed,TE-like,Solyc05g007675.1,0.913399,4.28114,0.213354,1.78467e-39
21589,Solyc05g052520.3,transposed,gbM,Solyc06g082080.3,0.336383,2.09264,0.160745,3.89758e-38
21590,Solyc05g052530.2,transposed,TE-like,Solyc12g055970.2,0.353198,4.23651,0.0833701,5.21081e-79
21591,Solyc05g052570.3,transposed,Unclassified,Solyc10g079120.2,0.352899,4.00073,0.0882087,1.35793e-60
21592,Solyc05g052580.3,transposed,TE-like,Solyc06g051520.3,0.143112,0.954744,0.149895,8.28904e-26
21593,Solyc05g052590.1,transposed,Unclassified,Solyc06g051540.3,0.153975,1.46291,0.105253,1.17354e-76
21594,Solyc05g052600.3,transposed,gbM,Solyc04g071340.4,0.809094,3.98363,0.203105,2.08442e-19
21595,Solyc05g052760.3,transposed,TE-like,Solyc06g051620.3,0.13482,1.13049,0.119258,7.46663e-52
21596,Solyc05g052780.3,transposed,Unclassified,Solyc05g049870.3,0.206542,3.57556,0.0577651,3.32543e-38
21597,Solyc05g052790.3,transposed,TE-like,Solyc10g079910.2,0.204215,4.03052,0.0506671,3.13097e-61
21598,Solyc05g052850.3,transposed,gbM,Solyc09g011780.3,0.414925,4.13795,0.100273,3.4744e-44
21599,Solyc05g052900.3,transposed,TE-like,Solyc06g076450.3,0.0913558,3.75816,0.0243087,5.81207e-72
21600,Solyc05g052910.3,transposed,TE-like,Solyc03g079910.3,0.0954035,0.523967,0.182079,2.68508e-27
21601,Solyc05g053090.2,transposed,TE-like,Solyc09g010920.1,0.373832,4.5941,0.0813723,2.20064e-103
21602,Solyc05g053100.3,transposed,TE-like,Solyc12g099100.2,0.729675,4.39613,0.165981,1.74977e-36
21603,Solyc05g053110.2,transposed,TE-like,Solyc03g031920.3,0.331383,4.26096,0.0777719,2.14862e-62
21604,Solyc05g053150.2,transposed,TE-like,Solyc09g090790.3,0.207137,1.99299,0.103933,3.56641e-19
21605,Solyc05g053160.3,transposed,TE-like,Solyc09g090800.2,0.124824,1.52909,0.0816332,3.44426e-25
21606,Solyc05g053170.3,transposed,TE-like,Solyc09g091510.3,0.206385,2.46269,0.0838046,2.05617e-63
21607,Solyc05g053190.3,transposed,gbM,Solyc01g103560.3,0.746062,3.91681,0.190477,2.81029e-36
21608,Solyc05g053200.2,transposed,TE-like,Solyc06g072140.3,0.477482,4.60988,0.103578,1.41924e-70
21609,Solyc05g053240.3,transposed,TE-like,Solyc03g114850.3,0.774583,4.1524,0.186539,4.53045e-57
21610,Solyc05g053280.3,transposed,TE-like,Solyc05g007930.3,0.443482,4.45402,0.099569,1.71107e-103
21611,Solyc05g053290.3,transposed,Unclassified,Solyc04g082600.3,0.394462,4.09176,0.096404,2.49278e-60
21612,Solyc05g053460.1,transposed,TE-like,Solyc09g011100.1,0.419883,2.88053,0.145766,0
21613,Solyc05g053530.1,transposed,Unclassified,Solyc01g087250.3,0.573388,4.33957,0.13213,2.87588e-68
21614,Solyc05g053560.3,transposed,gbM,Solyc08g005280.2,0.15314,4.07393,0.0375903,2.96121e-74
21615,Solyc05g053565.1,transposed,TE-like,Solyc03g097050.3,0.255018,4.51702,0.056457,1.21746e-175
21616,Solyc05g053700.2,transposed,Unmethylated,Solyc03g031800.3,0.414161,3.38385,0.122393,1.4719e-40
21617,Solyc05g053720.3,transposed,gbM,Solyc09g011860.3,0.636855,4.19369,0.15186,1.19926e-94
21618,Solyc05g053750.2,transposed,TE-like,Solyc03g005020.3,0.312933,3.94981,0.0792272,5.61495e-70
21619,Solyc05g053870.3,transposed,TE-like,Solyc03g111870.3,0.374399,4.0747,0.0918839,0
21620,Solyc05g053930.3,transposed,gbM,Solyc10g084770.2,0.0290639,0.0346814,0.838026,0.70556
21621,Solyc05g053940.3,transposed,gbM,Solyc08g078070.3,0.0561667,1.8414,0.0305021,1.52157e-53
21622,Solyc05g054030.3,transposed,TE-like,Solyc06g072360.3,0.430121,3.8667,0.111237,3.10254e-65
21623,Solyc05g054180.3,transposed,TE-like,Solyc01g087490.3,0.671868,4.38106,0.153357,1.55995e-38
21624,Solyc05g054230.3,transposed,TE-like,Solyc10g005950.3,0.260807,2.6197,0.0995563,1.32229e-22
21625,Solyc05g054580.3,transposed,gbM,Solyc06g076870.3,0.164331,3.94244,0.0416825,1.27651e-60
21626,Solyc05g054670.3,transposed,gbM,Solyc07g040960.1,0.721153,4.02998,0.178947,2.18497e-32
21627,Solyc05g054680.1,transposed,TE-like,Solyc07g063475.1,0.389278,4.6986,0.0828497,2.5822e-116
21628,Solyc05g054700.3,transposed,TE-like,Solyc01g080040.3,0.668072,3.46579,0.192762,4.59887e-24
21629,Solyc05g054710.3,transposed,TE-like,Solyc11g008810.2,0.425583,4.36324,0.0975385,2.67639e-82
21630,Solyc05g054730.3,transposed,gbM,Solyc01g006150.3,0.410446,4.16818,0.0984713,3.56742e-63
21631,Solyc05g054740.3,transposed,TE-like,Solyc09g065560.3,0.699355,4.62097,0.151344,7.4352e-35
21632,Solyc05g054800.2,transposed,TE-like,Solyc08g023460.3,0.269459,3.84814,0.0700232,0
21633,Solyc05g054860.1,transposed,TE-like,Solyc10g006870.1,0.458281,4.68579,0.0978023,9.66624e-126
21634,Solyc05g054940.3,transposed,TE-like,Solyc08g062190.3,0.876813,2.40227,0.364994,3.30538e-08
21635,Solyc05g054965.1,transposed,Unclassified,Solyc02g079770.3,0.56655,3.61969,0.156519,2.3339e-34
21636,Solyc05g054970.3,transposed,TE-like,Solyc09g091560.3,0.30808,4.45546,0.0691467,4.91764e-149
21637,Solyc05g055030.2,transposed,TE-like,Solyc09g090130.3,0.367932,3.44839,0.106697,0
21638,Solyc05g055060.3,transposed,TE-like,Solyc06g053630.3,0.0821325,3.89609,0.0210808,0
21639,Solyc05g055350.3,transposed,TE-like,Solyc03g113140.3,0.361085,3.98729,0.0905589,3.92213e-47
21640,Solyc05g055415.1,transposed,NA,Solyc09g009010.3,0.24198,1.55345,0.15577,9.90878e-10
21641,Solyc05g055500.1,transposed,TE-like,Solyc11g066400.1,0.559291,3.86783,0.144601,1.15542e-38
21642,Solyc05g055530.3,transposed,TE-like,Solyc10g083920.2,0.198571,4.34709,0.0456792,1.81706e-95
21643,Solyc05g055570.2,transposed,Unclassified,Solyc04g054140.3,0.181993,0.813333,0.223762,6.48609e-08
21644,Solyc05g055610.3,transposed,TE-like,Solyc03g114965.1,0.998137,4.32094,0.231,7.8109e-19
21645,Solyc05g055630.3,transposed,TE-like,Solyc10g086565.1,0.489208,2.7162,0.180108,1.0304e-21
21646,Solyc05g055680.3,transposed,TE-like,Solyc08g014350.1,0.377642,3.40954,0.11076,5.44992e-29
21647,Solyc05g055700.3,transposed,TE-like,Solyc12g096760.2,0.276028,4.04443,0.0682489,5.17692e-65
21648,Solyc05g055710.3,transposed,TE-like,Solyc02g080670.3,0.350045,4.24822,0.082398,7.1377e-80
21649,Solyc05g055740.3,transposed,TE-like,Solyc11g011970.2,0.366681,3.18157,0.115252,7.66673e-13
21650,Solyc05g055750.3,transposed,TE-like,Solyc07g066220.3,0.480964,4.18421,0.114947,4.43287e-60
21651,Solyc05g055780.3,transposed,gbM,Solyc07g066320.3,0.603926,4.14048,0.145859,1.3494e-53
21652,Solyc05g055790.3,transposed,gbM,Solyc07g066260.3,0.422289,4.27114,0.0988704,8.90601e-77
21653,Solyc05g055800.3,transposed,TE-like,Solyc11g066620.2,0.647603,4.28027,0.151299,7.81302e-45
21654,Solyc05g055860.3,transposed,TE-like,Solyc09g061330.2,0.335686,4.17529,0.0803982,8.67593e-61
21655,Solyc05g055870.3,transposed,Unclassified,Solyc12g098190.2,0.460458,3.90409,0.117943,3.57579e-26
21656,Solyc05g055940.3,transposed,TE-like,Solyc09g072830.3,0.419476,4.20905,0.0996605,1.02967e-43
21657,Solyc05g055980.3,transposed,TE-like,Solyc09g007080.3,0.195475,4.20084,0.0465324,2.57032e-70
21658,Solyc05g056000.3,transposed,Unmethylated,Solyc02g069930.1,0.473896,4.08382,0.116042,1.21337e-33
21659,Solyc05g056030.3,transposed,Unclassified,Solyc10g080690.2,0.406931,4.26961,0.0953086,1.18725e-44
21660,Solyc05g056040.3,transposed,TE-like,Solyc08g008380.3,0.668417,2.26391,0.295248,5.01235e-24
21661,Solyc05g056080.3,transposed,gbM,Solyc08g075860.3,0.259534,4.16588,0.0623,5.68607e-54
21662,Solyc05g056160.3,transposed,TE-like,Solyc07g016200.3,0.715253,2.624,0.272581,5.98735e-10
21663,Solyc05g056200.1,transposed,Unmethylated,Solyc03g121050.3,0.76335,4.20229,0.181651,2.94676e-24
21664,Solyc05g056230.3,transposed,TE-like,Solyc06g068700.3,0.635168,4.07177,0.155993,1.65397e-41
21665,Solyc05g056300.3,transposed,Unclassified,Solyc02g084710.3,0.68788,1.93926,0.354712,0.00145707
21666,Solyc05g056310.3,transposed,TE-like,Solyc01g090750.3,0.791322,4.4075,0.17954,3.16047e-28
21667,Solyc05g056330.3,transposed,gbM,Solyc03g034420.1,0.676421,3.33359,0.20291,4.32603e-22
21668,Solyc05g056360.2,transposed,Unclassified,Solyc05g013930.2,0.684566,3.82668,0.178893,2.35589e-29
21669,Solyc05g056370.3,transposed,gbM,Solyc04g072570.3,0.388692,4.45535,0.0872416,1.70403e-89
21670,Solyc05g056420.3,transposed,gbM,Solyc03g115370.3,0.362586,4.59431,0.0789208,1.6013e-88
21671,Solyc05g056425.1,transposed,Unclassified,Solyc02g073570.1,0.685812,3.67438,0.186647,7.36051e-28
21672,Solyc05g056450.3,transposed,TE-like,Solyc01g096040.3,0.621418,4.24102,0.146526,1.02703e-43
21673,Solyc05g056470.1,transposed,Unclassified,Solyc07g062630.1,0.423985,4.46799,0.0948939,9.60053e-76
21674,Solyc05g056490.3,transposed,gbM,Solyc02g078860.3,0.584674,4.20595,0.139011,1.34927e-35
21675,Solyc05g056500.1,transposed,Unclassified,Solyc11g005700.1,0.739373,4.09192,0.180691,5.78525e-20
21676,Solyc05g056510.3,transposed,TE-like,Solyc01g010570.3,0.678869,3.87896,0.175013,1.48691e-22
21677,Solyc05g056545.1,transposed,TE-like,Solyc04g064710.3,0.834313,2.56417,0.325373,4.01777e-07
21678,Solyc05g056550.3,transposed,Unclassified,Solyc01g108280.3,0.227851,3.99085,0.0570935,5.53785e-85
21679,Solyc05g056570.3,transposed,TE-like,Solyc06g065380.3,0.145555,4.23369,0.03438,1.50698e-126
21680,Solyc05g056595.1,transposed,TE-like,Solyc11g065120.2,0.731125,3.87241,0.188804,8.11434e-19
21681,Solyc06g005000.3,transposed,Unclassified,Solyc02g069230.3,0.817405,4.21187,0.194072,7.90046e-19
21682,Solyc06g005060.3,transposed,gbM,Solyc03g119290.3,0.652482,4.2441,0.153739,3.04148e-53
21683,Solyc06g005070.2,transposed,gbM,Solyc06g076750.3,0.555263,4.47242,0.124153,9.00371e-52
21684,Solyc06g005090.3,transposed,TE-like,Solyc11g072470.2,0.0723046,1.36989,0.0527812,3.33653e-28
21685,Solyc06g005110.3,transposed,Unclassified,Solyc09g007350.3,0.0482887,1.57308,0.030697,3.10351e-17
21686,Solyc06g005130.3,transposed,TE-like,Solyc06g075370.3,0.280768,1.52872,0.183663,1.58085e-14
21687,Solyc06g005140.3,transposed,TE-like,Solyc01g089870.3,0.659726,4.34217,0.151935,1.11495e-32
21688,Solyc06g005170.3,transposed,gbM,Solyc12g019460.2,0.176139,4.08646,0.0431031,9.72316e-96
21689,Solyc06g005180.1,transposed,TE-like,Solyc01g090830.2,0.489852,3.87885,0.126288,5.73137e-53
21690,Solyc06g005190.3,transposed,TE-like,Solyc11g072590.2,0.205039,0.634438,0.323182,8.48732e-29
21691,Solyc06g005230.2,transposed,TE-like,Solyc07g063475.1,0.373497,4.61283,0.0809692,2.54413e-167
21692,Solyc06g005250.3,transposed,TE-like,Solyc06g071540.3,0.361149,3.25772,0.110859,1.24808e-33
21693,Solyc06g005260.3,transposed,Unclassified,Solyc03g112770.3,0.262801,3.32363,0.0790704,1.44746e-19
21694,Solyc06g005290.3,transposed,gbM,Solyc01g010650.3,0.829334,4.06276,0.204131,1.21552e-13
21695,Solyc06g005340.3,transposed,Unclassified,Solyc09g010370.3,0.203118,2.16685,0.0937387,6.81362e-08
21696,Solyc06g005360.3,transposed,Unclassified,Solyc10g084660.2,0.084329,3.27557,0.0257449,4.90849e-44
21697,Solyc06g005380.3,transposed,gbM,Solyc04g008980.3,0.816639,3.98249,0.205057,2.86656e-23
21698,Solyc06g005630.2,transposed,TE-like,Solyc05g053040.3,0.532979,2.23695,0.238262,1.14892e-10
21699,Solyc06g005720.3,transposed,TE-like,Solyc09g011130.1,0.354723,3.84247,0.0923165,6.32484e-38
21700,Solyc06g005950.3,transposed,TE-like,Solyc04g082250.3,0.589422,4.62085,0.127557,4.70915e-75
21701,Solyc06g005960.3,transposed,gbM,Solyc10g077000.2,0.941807,4.65396,0.202367,9.76176e-45
21702,Solyc06g005990.3,transposed,TE-like,Solyc05g047520.3,0.662023,4.8397,0.13679,6.91826e-87
21703,Solyc06g006110.3,transposed,TE-like,Solyc03g123790.3,0.44453,4.2228,0.105269,1.26334e-53
21704,Solyc06g007110.3,transposed,TE-like,Solyc07g063240.3,0.764697,4.13967,0.184724,2.64986e-34
21705,Solyc06g007150.3,transposed,TE-like,Solyc08g068200.3,0.871533,3.96083,0.220038,4.51634e-19
21706,Solyc06g007160.3,transposed,Unclassified,Solyc02g078900.3,0.32534,3.59378,0.0905286,2.3798e-31
21707,Solyc06g007165.1,transposed,gbM,Solyc02g078900.3,0.245721,3.99647,0.0614844,5.05622e-94
21708,Solyc06g007230.1,transposed,gbM,Solyc10g008080.2,0.359331,3.0453,0.117995,3.40928e-22
21709,Solyc06g007240.3,transposed,TE-like,Solyc03g026220.3,0.60032,3.7068,0.161951,1.02406e-19
21710,Solyc06g007250.3,transposed,gbM,Solyc03g115410.3,0.619687,3.88601,0.159466,9.30876e-24
21711,Solyc06g007320.3,transposed,TE-like,Solyc01g079840.3,0.776585,4.18398,0.185609,1.73054e-39
21712,Solyc06g007350.3,transposed,TE-like,Solyc12g005190.2,0.703864,2.5411,0.276992,5.05391e-12
21713,Solyc06g007370.1,transposed,Unmethylated,Solyc02g076800.1,0.399546,3.35465,0.119102,0
21714,Solyc06g007380.1,transposed,TE-like,Solyc09g015040.1,0.329956,4.28579,0.0769885,1.57091e-78
21715,Solyc06g007430.2,transposed,TE-like,Solyc03g006110.3,0.282148,4.28037,0.0659167,1.80809e-84
21716,Solyc06g007460.3,transposed,gbM,Solyc06g053970.3,0.355652,3.16597,0.112336,1.07093e-16
21717,Solyc06g007500.2,transposed,TE-like,Solyc04g079970.3,0.210319,3.40844,0.0617052,0
21718,Solyc06g007570.3,transposed,gbM,Solyc07g065170.3,0.0975789,3.57606,0.0272867,0
21719,Solyc06g007620.3,transposed,Unclassified,Solyc02g079790.3,0.600933,3.30139,0.182024,2.4272e-16
21720,Solyc06g007640.3,transposed,gbM,Solyc09g076050.3,0.749072,4.3401,0.172593,5.54709e-29
21721,Solyc06g007660.2,transposed,TE-like,Solyc09g020010.2,0.118372,0.394562,0.300008,2.62734e-07
21722,Solyc06g007680.1,transposed,TE-like,Solyc04g008980.3,0.778664,4.02171,0.193615,6.10608e-42
21723,Solyc06g007855.1,transposed,Unclassified,Solyc09g074520.3,0.249945,1.29906,0.192404,2.26344e-07
21724,Solyc06g007880.1,transposed,Unclassified,Solyc03g031830.1,0.590613,3.51764,0.1679,4.25302e-14
21725,Solyc06g007940.2,transposed,TE-like,Solyc09g074630.3,0.422918,4.4466,0.0951104,6.43726e-95
21726,Solyc06g008180.2,transposed,TE-like,Solyc07g066390.1,0.569303,4.34135,0.131135,9.15146e-61
21727,Solyc06g008210.3,transposed,gbM,Solyc08g023280.3,0.579282,4.47053,0.129578,4.08455e-69
21728,Solyc06g008220.3,transposed,TE-like,Solyc10g007180.2,0.550626,3.79672,0.145027,3.75681e-20
21729,Solyc06g008290.3,transposed,TE-like,Solyc02g069680.3,0.182883,3.76164,0.048618,2.71149e-43
21730,Solyc06g008440.1,transposed,TE-like,Solyc06g008780.2,0.0582278,0.0729284,0.798424,0.964363
21731,Solyc06g008445.1,transposed,TE-like,Solyc06g008780.2,0.203967,0.335168,0.608551,0.0869706
21732,Solyc06g008460.2,transposed,TE-like,Solyc06g008780.2,0.0223057,0.0230894,0.966059,0.899096
21733,Solyc06g008470.2,transposed,TE-like,Solyc06g008780.2,0.106835,0.117807,0.906866,0.817431
21734,Solyc06g008510.3,transposed,Unclassified,Solyc03g019960.3,0.837255,4.31263,0.19414,1.8428e-17
21735,Solyc06g008560.2,transposed,TE-like,Solyc04g079340.3,0.601695,4.29607,0.140057,9.24956e-45
21736,Solyc06g008580.3,transposed,TE-like,Solyc09g083280.3,0.270803,3.42196,0.0791368,9.14905e-30
21737,Solyc06g008590.3,transposed,TE-like,Solyc09g083290.3,0.15229,3.16338,0.0481414,7.44814e-36
21738,Solyc06g008610.3,transposed,TE-like,Solyc09g066010.3,0.107612,1.31536,0.081812,3.17433e-52
21739,Solyc06g008690.1,transposed,TE-like,Solyc09g065400.2,0.100163,0.808642,0.123866,6.77529e-33
21740,Solyc06g008730.3,transposed,TE-like,Solyc06g074980.3,0.660371,4.59424,0.143739,9.59182e-64
21741,Solyc06g008807.1,transposed,TE-like,Solyc09g074520.3,0.328647,3.48628,0.0942688,1.21325e-21
21742,Solyc06g008820.3,transposed,TE-like,Solyc01g067710.3,0.197131,4.47527,0.0440491,1.76652e-101
21743,Solyc06g008830.1,transposed,TE-like,Solyc10g078390.2,0.00874994,0.0419964,0.20835,0.0134122
21744,Solyc06g008840.3,transposed,gbM,Solyc01g067790.3,0.64928,4.68673,0.138536,6.62313e-59
21745,Solyc06g008860.3,transposed,TE-like,Solyc01g067830.3,0.374866,1.36882,0.273861,6.20514e-11
21746,Solyc06g008890.3,transposed,TE-like,Solyc08g059730.1,0.598828,4.22596,0.141702,1.12289e-48
21747,Solyc06g008920.3,transposed,TE-like,Solyc03g032210.3,0.241179,4.40407,0.0547627,3.8693e-98
21748,Solyc06g008960.3,transposed,TE-like,Solyc09g064780.3,0.140161,0.823224,0.170259,2.5661e-86
21749,Solyc06g008980.3,transposed,TE-like,Solyc10g074800.2,0.58343,3.58831,0.162592,0
21750,Solyc06g008990.1,transposed,TE-like,Solyc09g065140.1,0.364519,1.13496,0.321172,1.20092e-06
21751,Solyc06g009000.1,transposed,TE-like,Solyc09g065390.1,0.378233,2.86486,0.132025,3.16309e-13
21752,Solyc06g009050.3,transposed,Unclassified,Solyc05g054270.2,0.244566,2.41851,0.101123,6.54551e-17
21753,Solyc06g009070.3,transposed,TE-like,Solyc04g014210.3,0.908624,4.77932,0.190116,6.89292e-40
21754,Solyc06g009160.3,transposed,TE-like,Solyc12g099440.2,0.303878,2.53361,0.119939,1.04749e-81
21755,Solyc06g009270.3,transposed,TE-like,Solyc07g006580.3,0.0989666,1.09527,0.0903578,5.74966e-48
21756,Solyc06g009330.3,transposed,Unclassified,Solyc02g071140.3,0.290832,4.06488,0.0715474,1.08936e-82
21757,Solyc06g009380.3,transposed,Unclassified,Solyc06g071540.3,0.499022,4.2617,0.117095,2.88243e-21
21758,Solyc06g009390.3,transposed,TE-like,Solyc04g082600.3,0.399314,4.06375,0.0982626,2.09375e-48
21759,Solyc06g009415.1,transposed,TE-like,Solyc05g053330.3,0.437709,3.08088,0.142073,7.94054e-14
21760,Solyc06g009520.3,transposed,TE-like,Solyc03g113630.3,0.875644,4.60729,0.190056,1.03062e-30
21761,Solyc06g009580.1,transposed,TE-like,Solyc01g017180.2,0.0844302,0.172015,0.49083,0.292238
21762,Solyc06g009780.3,transposed,gbM,Solyc09g075480.3,0.119229,0.671818,0.177472,1.27026e-35
21763,Solyc06g009783.1,transposed,gbM,Solyc09g075480.3,0.126744,0.616958,0.205433,8.74776e-25
21764,Solyc06g009790.3,transposed,gbM,Solyc08g081480.3,0.505598,3.94617,0.128124,4.18884e-31
21765,Solyc06g009795.1,transposed,TE-like,Solyc05g049980.3,0.408685,3.51671,0.116212,8.07243e-19
21766,Solyc06g009800.2,transposed,TE-like,Solyc12g062720.2,0.119568,0.156986,0.761645,0.134107
21767,Solyc06g009900.2,transposed,TE-like,Solyc01g073960.3,0.194595,0.688358,0.282695,2.01137e-15
21768,Solyc06g010030.3,transposed,Unclassified,Solyc08g015870.3,0.446701,2.30698,0.193631,3.02072e-11
21769,Solyc06g010160.2,transposed,TE-like,Solyc11g069540.2,0.163855,1.57911,0.103764,4.72649e-05
21770,Solyc06g010165.1,transposed,Unclassified,Solyc11g069540.2,0.0667051,1.03958,0.0641651,2.19825e-12
21771,Solyc06g010170.3,transposed,gbM,Solyc11g069550.1,0.0836444,0.751875,0.111248,3.49365e-36
21772,Solyc06g010180.1,transposed,TE-like,Solyc11g069580.2,0.05712,1.06374,0.0536973,1.4604e-19
21773,Solyc06g010190.2,transposed,TE-like,Solyc11g069580.2,0.205635,1.07441,0.191394,2.87526e-19
21774,Solyc06g010200.3,transposed,TE-like,Solyc11g069610.2,0.413536,0.812454,0.508996,1.20413e-14
21775,Solyc06g010260.3,transposed,TE-like,Solyc05g054220.3,0.38866,3.36376,0.115543,3.00436e-17
21776,Solyc06g011350.3,transposed,Unclassified,Solyc11g069430.2,0.047181,1.78616,0.0264148,8.06858e-77
21777,Solyc06g011370.3,transposed,TE-like,Solyc02g088610.3,0.231772,4.84142,0.0478726,2.11167e-214
21778,Solyc06g011480.2,transposed,TE-like,Solyc01g088505.1,0.473357,1.90023,0.249105,2.13908e-08
21779,Solyc06g011510.1,transposed,TE-like,Solyc10g086020.2,0.232262,0.60975,0.380914,0.00836199
21780,Solyc06g011520.3,transposed,Unclassified,Solyc02g094300.3,0.435377,4.22034,0.103161,1.24324e-70
21781,Solyc06g011560.3,transposed,Unclassified,Solyc03g112840.2,0.490548,4.03991,0.121426,5.52793e-32
21782,Solyc06g011570.3,transposed,Unclassified,Solyc08g066180.3,0.258699,0.216995,1.19219,0.466393
21783,Solyc06g011590.2,transposed,gbM,Solyc11g066330.1,0.134708,1.81309,0.0742978,5.64118e-97
21784,Solyc06g011620.1,transposed,TE-like,Solyc01g080640.3,0.0371779,0.0267155,1.39163,0.704276
21785,Solyc06g016770.3,transposed,TE-like,Solyc11g069350.2,0.17951,0.91233,0.19676,6.45631e-33
21786,Solyc06g016800.2,transposed,TE-like,Solyc01g079650.3,0.527153,3.88993,0.135517,2.33255e-26
21787,Solyc06g017860.2,transposed,TE-like,Solyc06g074850.3,0.0917412,0.771868,0.118856,2.93855e-39
21788,Solyc06g017863.1,transposed,TE-like,Solyc08g077940.2,0.540721,3.83021,0.141173,7.23207e-18
21789,Solyc06g017910.1,transposed,TE-like,Solyc01g096020.3,0.257778,0.186786,1.38007,0.440052
21790,Solyc06g017970.3,transposed,TE-like,Solyc11g071700.2,0.935839,4.77443,0.19601,1.31235e-50
21791,Solyc06g018110.3,transposed,TE-like,Solyc09g007850.3,0.960191,3.73954,0.256767,3.07054e-15
21792,Solyc06g019200.3,transposed,Unclassified,Solyc10g081470.2,0.784946,4.35035,0.180433,1.78169e-32
21793,Solyc06g024325.1,transposed,TE-like,Solyc03g083410.3,0.153561,0.302603,0.507466,0.470762
21794,Solyc06g030470.3,transposed,Unclassified,Solyc11g066380.2,0.278587,1.36833,0.203596,6.96577e-25
21795,Solyc06g030490.3,transposed,Unclassified,Solyc06g053630.3,0.0821934,3.87463,0.0212132,1.44961e-112
21796,Solyc06g030520.1,transposed,TE-like,Solyc01g094970.3,0.341704,0.885078,0.386071,0.00183045
21797,Solyc06g030570.3,transposed,TE-like,Solyc05g005590.3,0.724075,4.18154,0.17316,3.06193e-40
21798,Solyc06g030590.2,transposed,TE-like,Solyc03g098220.3,0.142512,1.04974,0.135759,1.19944e-43
21799,Solyc06g031660.2,transposed,TE-like,Solyc02g091870.3,0.147568,3.0383,0.0485693,5.50824e-24
21800,Solyc06g031665.1,transposed,TE-like,Solyc02g087880.3,0.181069,0.269642,0.671517,0.314608
21801,Solyc06g034030.3,transposed,TE-like,Solyc12g044610.2,0.6356,3.96184,0.160431,8.4924e-40
21802,Solyc06g034040.1,transposed,Unclassified,Solyc08g078160.3,0.414195,3.53847,0.117055,2.21498e-15
21803,Solyc06g034050.1,transposed,NA,Solyc02g071060.3,0.147848,0.409787,0.360793,0.0464984
21804,Solyc06g034120.3,transposed,gbM,Solyc02g078940.3,0.810525,2.25763,0.359015,1.26356e-07
21805,Solyc06g034150.3,transposed,TE-like,Solyc03g098220.3,0.89384,4.27031,0.209315,1.06697e-15
21806,Solyc06g034200.1,transposed,Unclassified,Solyc09g066410.2,0.0409637,0.340327,0.120366,1.43916e-32
21807,Solyc06g034330.4,transposed,TE-like,Solyc06g072790.3,0.881169,4.34248,0.202918,4.49335e-31
21808,Solyc06g034380.1,transposed,TE-like,Solyc12g096700.2,0.143594,0.248946,0.576809,0.0850252
21809,Solyc06g035610.3,transposed,TE-like,Solyc07g063900.3,0.339019,1.16775,0.290317,4.83894e-08
21810,Solyc06g035620.3,transposed,TE-like,Solyc07g063940.2,0.132205,0.740267,0.178592,1.14007e-23
21811,Solyc06g035960.3,transposed,Unclassified,Solyc03g025720.3,0.10136,1.57971,0.0641637,4.48204e-84
21812,Solyc06g036030.2,transposed,TE-like,Solyc03g025530.3,0.274652,0.719947,0.381489,0.000444584
21813,Solyc06g036040.1,transposed,Unclassified,Solyc03g025530.3,0.237195,0.479081,0.495106,0.000111547
21814,Solyc06g036220.2,transposed,gbM,Solyc01g094890.3,0.362803,2.26513,0.160168,2.26082e-24
21815,Solyc06g036230.3,transposed,TE-like,Solyc03g079880.3,0.322022,2.69164,0.119638,1.79969e-11
21816,Solyc06g036238.1,transposed,Unclassified,Solyc09g091660.3,0.382899,3.61803,0.105831,1.07402e-25
21817,Solyc06g036305.1,transposed,TE-like,Solyc01g095030.3,0.360884,2.76313,0.130607,4.4369e-20
21818,Solyc06g036450.1,transposed,TE-like,Solyc05g055070.3,0.0789216,0.200929,0.392784,0.015464
21819,Solyc06g036463.1,transposed,TE-like,Solyc01g105980.3,0.579238,1.92202,0.301369,0.0202254
21820,Solyc06g036467.1,transposed,Unclassified,Solyc02g071800.3,0.397372,0.593496,0.669546,0.250761
21821,Solyc06g036485.1,transposed,TE-like,Solyc03g007790.3,0.0823139,0.827223,0.0995062,1.43603e-29
21822,Solyc06g036490.2,transposed,TE-like,Solyc03g007530.3,0.0949228,0.65174,0.145645,3.19318e-56
21823,Solyc06g036600.2,transposed,TE-like,Solyc06g053320.3,0.223977,1.01612,0.220423,2.20862e-15
21824,Solyc06g036630.2,transposed,TE-like,Solyc09g091560.3,0.398768,3.32499,0.119931,3.37644e-15
21825,Solyc06g036700.2,transposed,TE-like,Solyc05g013150.3,0.83566,3.70594,0.225492,7.32286e-11
21826,Solyc06g036720.3,transposed,TE-like,Solyc04g082160.3,0.770199,4.62203,0.166636,4.68099e-46
21827,Solyc06g043030.3,transposed,TE-like,Solyc08g068210.3,0.962498,4.66818,0.206183,2.71231e-44
21828,Solyc06g043110.1,transposed,TE-like,Solyc12g097095.1,0.162752,0.26793,0.607444,0.253486
21829,Solyc06g043120.1,transposed,TE-like,Solyc09g091510.3,0.201831,1.35762,0.148665,1.26483e-16
21830,Solyc06g043130.1,transposed,TE-like,Solyc12g098090.1,0.240823,1.01377,0.237551,1.10967e-11
21831,Solyc06g043150.3,transposed,Unclassified,Solyc08g080080.3,0.311969,4.32657,0.0721053,6.64524e-80
21832,Solyc06g043175.1,transposed,TE-like,Solyc11g065990.2,0.766224,4.09375,0.187169,1.35884e-15
21833,Solyc06g043250.3,transposed,Unclassified,Solyc05g047550.3,0.324076,4.56396,0.0710077,1.47753e-131
21834,Solyc06g043270.1,transposed,TE-like,Solyc10g055570.2,0.183908,0.339465,0.54176,0.126627
21835,Solyc06g048670.3,transposed,Unclassified,Solyc12g089350.2,0.231147,1.18873,0.194448,2.16554e-22
21836,Solyc06g048710.2,transposed,TE-like,Solyc10g009620.2,0.0810119,0.156583,0.517373,0.000441773
21837,Solyc06g048720.1,transposed,TE-like,Solyc05g005760.3,0.0820611,0.195244,0.420299,0.0266642
21838,Solyc06g048820.1,transposed,Unmethylated,Solyc06g050760.1,0.167344,1.95047,0.0857967,6.20138e-19
21839,Solyc06g048860.2,transposed,gbM,Solyc06g050530.3,0.0908417,1.05201,0.0863504,3.29493e-65
21840,Solyc06g048893.1,transposed,TE-like,Solyc05g052200.3,0.101838,0.574693,0.177204,7.31235e-31
21841,Solyc06g048940.3,transposed,TE-like,Solyc04g014570.3,0.24775,1.54371,0.16049,3.89375e-64
21842,Solyc06g049010.2,transposed,TE-like,Solyc08g060810.3,0.28251,1.37185,0.205934,9.5216e-50
21843,Solyc06g050110.2,transposed,TE-like,Solyc03g006880.3,0.129436,0.52982,0.244303,7.63319e-16
21844,Solyc06g050160.3,transposed,TE-like,Solyc03g031760.3,0.61524,4.31027,0.142738,3.84724e-37
21845,Solyc06g050220.3,transposed,Unclassified,Solyc06g050770.3,0.170322,0.180694,0.942595,0.997507
21846,Solyc06g050570.2,transposed,Unmethylated,Solyc09g015155.1,0.270684,3.69497,0.0732574,6.12859e-45
21847,Solyc06g050610.2,transposed,TE-like,Solyc09g015120.3,0.697319,4.23107,0.164809,2.83302e-32
21848,Solyc06g050900.3,transposed,Unclassified,Solyc09g072780.2,0.384481,2.12107,0.181268,6.54192e-48
21849,Solyc06g050920.3,transposed,Unclassified,Solyc05g052440.2,0.173336,1.44411,0.12003,1.44051e-49
21850,Solyc06g051030.3,transposed,gbM,Solyc03g006130.3,0.50315,4.55999,0.11034,5.11973e-78
21851,Solyc06g051040.3,transposed,gbM,Solyc04g082900.3,0.77007,3.95755,0.194583,2.14364e-22
21852,Solyc06g051060.3,transposed,TE-like,Solyc02g076670.3,0.798049,3.85012,0.207279,8.48926e-29
21853,Solyc06g051090.2,transposed,gbM,Solyc11g066040.2,0.67825,4.53706,0.149491,7.39643e-46
21854,Solyc06g051120.3,transposed,Unclassified,Solyc03g122030.1,0.465401,3.83104,0.121482,3.32417e-32
21855,Solyc06g051130.1,transposed,Unclassified,Solyc03g097500.3,0.799381,4.25783,0.187744,2.0354e-30
21856,Solyc06g051140.3,transposed,TE-like,Solyc02g078210.3,0.494211,3.09395,0.159735,8.59171e-20
21857,Solyc06g051190.2,transposed,TE-like,Solyc12g008420.2,0.380703,4.84056,0.0786484,2.73081e-99
21858,Solyc06g051210.3,transposed,gbM,Solyc04g082530.3,0.26489,0.943762,0.280675,4.06982e-23
21859,Solyc06g051260.3,transposed,Unmethylated,Solyc07g053290.3,0.510302,3.57354,0.1428,1.71053e-21
21860,Solyc06g051270.3,transposed,gbM,Solyc09g011220.3,0.0705321,4.16906,0.016918,3.12975e-125
21861,Solyc06g051310.3,transposed,TE-like,Solyc03g096000.3,0.0169829,0.769962,0.0220568,9.39671e-275
21862,Solyc06g051390.3,transposed,TE-like,Solyc02g082690.3,0.935115,2.77953,0.336429,1.56385e-16
21863,Solyc06g051550.3,transposed,gbM,Solyc08g005050.3,0.770477,3.85994,0.199608,3.8418e-11
21864,Solyc06g051560.3,transposed,TE-like,Solyc02g079750.3,0.291025,1.7369,0.167555,0.000198402
21865,Solyc06g051610.1,transposed,TE-like,Solyc05g055070.3,0.0458903,0.167145,0.274554,0.000285498
21866,Solyc06g051800.3,transposed,Unclassified,Solyc06g005560.3,0.101167,3.73598,0.027079,3.03113e-94
21867,Solyc06g051810.3,transposed,TE-like,Solyc05g054420.3,0.194593,0.916536,0.212314,1.42834e-34
21868,Solyc06g051830.2,transposed,Unclassified,Solyc05g005720.3,0.547721,4.10243,0.133511,6.79639e-28
21869,Solyc06g051840.1,transposed,Unmethylated,Solyc03g007460.2,0.22744,3.49439,0.0650871,2.80967e-48
21870,Solyc06g051900.3,transposed,TE-like,Solyc05g052920.3,0.827265,4.31741,0.191612,6.10081e-21
21871,Solyc06g051910.2,transposed,Unclassified,Solyc03g007320.3,0.190704,0.716798,0.266049,2.42597e-06
21872,Solyc06g051920.3,transposed,TE-like,Solyc01g095770.3,0.25953,5.61583,0.046214,9.13733e-100
21873,Solyc06g051930.3,transposed,gbM,Solyc08g077180.3,0.955767,4.28937,0.222822,1.45393e-18
21874,Solyc06g051940.3,transposed,Unmethylated,Solyc03g007230.3,0.283686,1.80555,0.157119,1.39722e-26
21875,Solyc06g052055.1,transposed,Unmethylated,Solyc08g082820.3,0.0951673,2.99529,0.0317723,2.28402e-23
21876,Solyc06g053240.3,transposed,Unclassified,Solyc06g065820.3,0.567873,3.53962,0.160434,1.00318e-18
21877,Solyc06g053390.3,transposed,TE-like,Solyc03g118710.3,0.320651,4.41981,0.0725486,6.59792e-16
21878,Solyc06g053420.3,transposed,TE-like,Solyc08g014150.3,0.152828,0.847804,0.180263,1.27418e-32
21879,Solyc06g053450.3,transposed,TE-like,Solyc08g014280.3,0.228268,0.94907,0.240518,5.89748e-12
21880,Solyc06g053455.1,transposed,TE-like,Solyc08g014280.3,0.205179,1.61604,0.126964,1.71479e-24
21881,Solyc06g053490.3,transposed,Unclassified,Solyc08g014300.3,0.16845,0.723883,0.232704,2.32861e-08
21882,Solyc06g053530.3,transposed,TE-like,Solyc06g008230.3,0.283188,4.70627,0.0601726,3.88723e-106
21883,Solyc06g053550.3,transposed,TE-like,Solyc03g031600.3,0.229595,3.60786,0.0636374,1.06182e-36
21884,Solyc06g053585.1,transposed,TE-like,Solyc09g082720.3,0.794421,3.84204,0.20677,2.18336e-14
21885,Solyc06g053625.1,transposed,Unmethylated,Solyc09g090090.2,0.224302,2.09473,0.107079,8.21374e-15
21886,Solyc06g053730.1,transposed,TE-like,Solyc02g086790.3,0.554158,4.18709,0.132349,1.26394e-85
21887,Solyc06g053760.3,transposed,Unclassified,Solyc01g006950.3,0.391191,3.94362,0.099196,3.42857e-35
21888,Solyc06g053790.3,transposed,TE-like,Solyc03g124060.3,0.754727,4.10011,0.184075,1.59476e-21
21889,Solyc06g053860.3,transposed,TE-like,Solyc06g063260.3,0.829109,4.29673,0.192963,6.88423e-38
21890,Solyc06g053920.3,transposed,gbM,Solyc04g082290.3,0.677972,2.61443,0.259319,4.77014e-18
21891,Solyc06g054070.3,transposed,Unclassified,Solyc09g082270.3,0.279919,0.718406,0.389639,0.000190295
21892,Solyc06g054145.1,transposed,gbM,Solyc09g082160.3,0.290887,0.689959,0.421601,0.00244301
21893,Solyc06g054320.1,transposed,Unclassified,Solyc10g055190.1,0.473911,3.50554,0.135189,1.31459e-32
21894,Solyc06g054330.3,transposed,TE-like,Solyc03g097440.3,0.88458,4.11326,0.215055,8.94591e-12
21895,Solyc06g054400.3,transposed,TE-like,Solyc08g081900.3,1.04555,4.89373,0.213651,4.98694e-28
21896,Solyc06g054420.3,transposed,gbM,Solyc03g117770.3,0.25984,4.28591,0.0606266,4.94272e-80
21897,Solyc06g054500.1,transposed,TE-like,Solyc01g067850.2,0.336836,3.89557,0.0864663,7.29352e-65
21898,Solyc06g054510.3,transposed,gbM,Solyc01g067730.3,0.157635,0.510414,0.308838,5.4393e-06
21899,Solyc06g054540.3,transposed,gbM,Solyc01g067360.3,0.0590554,0.642902,0.0918574,6.67498e-27
21900,Solyc06g054560.3,transposed,TE-like,Solyc01g067390.3,0.0651835,0.831205,0.0784205,1.79228e-116
21901,Solyc06g054570.1,transposed,Unclassified,Solyc01g067440.3,0.357604,3.18347,0.112332,2.22795e-13
21902,Solyc06g054625.1,transposed,TE-like,Solyc09g074640.3,0.496885,3.57697,0.138912,1.48293e-15
21903,Solyc06g054630.2,transposed,TE-like,Solyc12g009240.1,0.477698,3.49945,0.136507,2.33576e-21
21904,Solyc06g054640.2,transposed,NA,Solyc09g065760.3,0.547088,3.57004,0.153244,1.88279e-24
21905,Solyc06g059730.2,transposed,TE-like,Solyc10g080880.2,0.330151,4.37488,0.0754651,8.88155e-105
21906,Solyc06g059740.3,transposed,Unmethylated,Solyc04g064710.3,0.0912418,1.99725,0.0456836,1.57631e-86
21907,Solyc06g059800.3,transposed,TE-like,Solyc01g010150.3,0.356869,4.21636,0.0846392,1.09598e-78
21908,Solyc06g059970.3,transposed,Unclassified,Solyc02g084630.3,0.528284,2.69888,0.195742,1.21887e-07
21909,Solyc06g059980.3,transposed,TE-like,Solyc10g085050.2,0.690431,4.24694,0.162571,1.30293e-47
21910,Solyc06g059990.3,transposed,TE-like,Solyc06g076920.3,0.366364,3.81459,0.0960429,1.16554e-47
21911,Solyc06g060070.3,transposed,TE-like,Solyc02g036350.3,0.38835,3.8769,0.10017,1.60517e-35
21912,Solyc06g060090.3,transposed,TE-like,Solyc09g018955.1,0.545333,4.23406,0.128797,1.06033e-47
21913,Solyc06g060100.3,transposed,TE-like,Solyc02g063220.3,0.173728,1.05692,0.164371,3.31871e-25
21914,Solyc06g060110.3,transposed,Unclassified,Solyc04g077050.3,0.264986,4.34628,0.0609684,3.89661e-77
21915,Solyc06g060120.3,transposed,TE-like,Solyc01g109510.3,0.743022,4.61356,0.161052,1.01326e-40
21916,Solyc06g060140.3,transposed,TE-like,Solyc01g110190.3,0.367023,4.83279,0.0759443,3.47976e-189
21917,Solyc06g060160.2,transposed,gbM,Solyc04g054480.3,0.43847,5.36592,0.081714,1.26074e-196
21918,Solyc06g060170.3,transposed,Unclassified,Solyc01g094970.3,0.47334,4.26681,0.110935,3.44276e-46
21919,Solyc06g060200.2,transposed,TE-like,Solyc06g083445.1,0.375454,1.83672,0.204415,1.17204e-10
21920,Solyc06g060210.1,transposed,Unclassified,NA,NA,NA,NA,NA
21921,Solyc06g060220.1,transposed,Unmethylated,Solyc06g083445.1,0.511179,3.02576,0.168942,3.46755e-11
21922,Solyc06g060230.3,transposed,Unmethylated,Solyc07g063420.3,0.474291,3.74906,0.126509,0
21923,Solyc06g060240.1,transposed,gbM,Solyc02g077670.3,0.756205,3.98359,0.18983,2.19754e-28
21924,Solyc06g060260.3,transposed,TE-like,Solyc02g083620.3,0.389126,3.81122,0.1021,5.48079e-44
21925,Solyc06g060270.3,transposed,TE-like,Solyc01g112050.3,0.601814,4.68741,0.128389,2.04333e-85
21926,Solyc06g060320.3,transposed,gbM,Solyc02g093160.3,0.648632,4.50596,0.14395,9.43716e-42
21927,Solyc06g060360.3,transposed,Unmethylated,Solyc03g114820.3,0.761982,2.58173,0.295144,1.01873e-07
21928,Solyc06g060370.3,transposed,TE-like,Solyc08g079790.1,0.816226,1.99664,0.408801,3.16989e-08
21929,Solyc06g060380.3,transposed,TE-like,Solyc06g065710.3,0.923115,4.76121,0.193882,1.50673e-72
21930,Solyc06g060410.3,transposed,TE-like,Solyc08g077730.3,0.451164,4.21482,0.107042,3.07583e-52
21931,Solyc06g060480.1,transposed,Unmethylated,Solyc07g066160.1,0.693553,3.5881,0.193292,0
21932,Solyc06g060490.3,transposed,Unclassified,Solyc04g071160.3,0.134895,1.19914,0.112493,1.75938e-30
21933,Solyc06g060530.1,transposed,Unclassified,Solyc08g079730.1,0.131454,2.42141,0.0542881,3.54431e-64
21934,Solyc06g060560.3,transposed,Unclassified,Solyc08g079600.3,0.285839,1.69382,0.168754,8.27312e-13
21935,Solyc06g060570.3,transposed,Unclassified,Solyc04g074950.3,0.46882,3.59999,0.130228,1.06187e-26
21936,Solyc06g060630.1,transposed,gbM,Solyc12g056160.2,0.427246,2.71393,0.157427,1.54317e-68
21937,Solyc06g060760.3,transposed,TE-like,Solyc12g044330.2,0.152621,3.91705,0.0389632,1.65139e-59
21938,Solyc06g060820.2,transposed,Unclassified,Solyc08g078290.1,0.362883,1.96851,0.184344,1.96665e-26
21939,Solyc06g060925.1,transposed,Unmethylated,Solyc06g050630.3,0.6474,3.30722,0.195753,4.55653e-17
21940,Solyc06g061170.3,transposed,gbM,Solyc06g066680.3,0.71943,2.2535,0.31925,1.00063e-11
21941,Solyc06g061210.3,transposed,Unclassified,Solyc03g115830.2,0.204954,1.4841,0.138099,1.91082e-42
21942,Solyc06g062300.2,transposed,Unmethylated,Solyc06g066840.3,0.178477,0.538959,0.331152,0.00485443
21943,Solyc06g062350.3,transposed,TE-like,Solyc11g069370.2,0.0186951,0.21747,0.085966,3.17131e-11
21944,Solyc06g062480.3,transposed,gbM,Solyc08g065870.3,0.614633,4.48066,0.137175,7.75126e-47
21945,Solyc06g062680.2,transposed,Unclassified,Solyc10g085750.2,0.559047,1.90983,0.292721,9.95392e-07
21946,Solyc06g062820.3,transposed,gbM,Solyc08g069180.3,0.410566,4.53348,0.0905632,8.096e-90
21947,Solyc06g062900.3,transposed,Unclassified,Solyc03g122020.3,0.291113,0.50017,0.582028,0.0992722
21948,Solyc06g062950.1,transposed,Unmethylated,Solyc02g092670.1,0.381594,4.70988,0.0810198,3.51345e-98
21949,Solyc06g063040.1,transposed,gbM,Solyc12g096760.2,0.13262,2.26478,0.0585576,3.86365e-47
21950,Solyc06g063240.3,transposed,TE-like,Solyc08g078540.3,0.85175,4.07242,0.209151,2.80812e-36
21951,Solyc06g063280.1,transposed,Unmethylated,Solyc02g079430.3,0.729892,3.21217,0.227227,2.0346e-23
21952,Solyc06g063360.4,transposed,TE-like,Solyc12g055720.2,0.39877,4.55724,0.0875026,7.3957e-89
21953,Solyc06g063370.3,transposed,Unclassified,Solyc02g071030.2,0.491562,3.93717,0.124852,4.90817e-23
21954,Solyc06g063410.3,transposed,gbM,Solyc01g102990.3,0.283656,4.50629,0.0629466,2.89516e-84
21955,Solyc06g064430.1,transposed,Unclassified,Solyc01g066940.3,0.795301,4.60161,0.172831,1.29673e-08
21956,Solyc06g064440.3,transposed,gbM,Solyc06g049030.3,0.82842,3.49478,0.237045,2.27465e-19
21957,Solyc06g064480.3,transposed,gbM,Solyc12g008340.2,0.450298,2.16479,0.20801,2.56994e-38
21958,Solyc06g064520.3,transposed,TE-like,Solyc02g084990.3,0.388102,4.07535,0.0952315,6.90795e-67
21959,Solyc06g064570.3,transposed,TE-like,Solyc01g080110.3,0.628156,4.05461,0.154924,5.02017e-14
21960,Solyc06g064620.3,transposed,gbM,Solyc10g083290.4,0.362995,4.35832,0.0832877,1.07552e-72
21961,Solyc06g064650.3,transposed,gbM,Solyc03g097440.3,0.596809,4.18573,0.142582,3.003e-25
21962,Solyc06g064660.3,transposed,TE-like,Solyc01g103350.3,0.317604,4.48374,0.0708345,1.35263e-82
21963,Solyc06g064800.1,transposed,Unclassified,Solyc01g103360.3,0.329458,2.03636,0.161788,1.26948e-24
21964,Solyc06g064820.3,transposed,Unmethylated,Solyc02g071610.3,0.401488,3.9066,0.102772,6.96651e-51
21965,Solyc06g064840.3,transposed,Unclassified,Solyc04g076700.3,0.541828,3.72646,0.1454,1.89941e-18
21966,Solyc06g064870.3,transposed,gbM,Solyc02g089060.3,0.429134,4.05751,0.105763,1.09278e-56
21967,Solyc06g064880.3,transposed,gbM,Solyc08g062190.3,0.307864,4.04139,0.0761778,5.63538e-49
21968,Solyc06g064895.1,transposed,TE-like,Solyc05g005700.3,0.292664,1.1628,0.25169,5.07679e-06
21969,Solyc06g064940.3,transposed,Unclassified,Solyc09g015080.3,0.474664,4.15927,0.114122,1.21669e-39
21970,Solyc06g065020.3,transposed,gbM,Solyc06g076750.3,0.519813,4.38765,0.118472,7.83654e-54
21971,Solyc06g065030.3,transposed,TE-like,Solyc11g011910.2,0.553218,4.45718,0.124118,2.47538e-52
21972,Solyc06g065040.3,transposed,Unclassified,Solyc10g079050.2,0.536505,3.80424,0.141028,1.46706e-48
21973,Solyc06g065100.3,transposed,TE-like,Solyc01g111500.3,0.333698,3.66828,0.0909685,9.81951e-47
21974,Solyc06g065190.1,transposed,Unmethylated,Solyc06g070900.3,0.605047,3.99805,0.151336,6.50902e-29
21975,Solyc06g065210.4,transposed,TE-like,Solyc11g067050.3,0.387564,4.38256,0.0884331,2.0754e-95
21976,Solyc06g065220.1,transposed,Unclassified,Solyc01g110560.3,0.681749,3.1317,0.217693,7.42348e-15
21977,Solyc06g065250.1,transposed,TE-like,Solyc01g097030.3,0.317915,4.52358,0.0702795,5.20043e-102
21978,Solyc06g065260.3,transposed,gbM,Solyc01g106500.3,0.543867,4.69692,0.115792,5.49965e-149
21979,Solyc06g065330.3,transposed,TE-like,Solyc02g086950.1,0.779775,3.47702,0.224265,1.57242e-15
21980,Solyc06g065490.3,transposed,TE-like,Solyc04g064670.3,0.766768,3.77923,0.20289,1.40621e-16
21981,Solyc06g065500.3,transposed,TE-like,Solyc07g019650.3,0.508212,4.21762,0.120498,3.60302e-68
21982,Solyc06g065520.3,transposed,TE-like,Solyc01g090750.3,0.661049,4.39265,0.15049,6.13689e-34
21983,Solyc06g065560.2,transposed,TE-like,Solyc09g083050.3,0.13529,4.32972,0.0312469,1.13995e-193
21984,Solyc06g065580.3,transposed,TE-like,Solyc07g065890.3,0.143201,4.21887,0.0339429,1.14066e-170
21985,Solyc06g065590.3,transposed,gbM,Solyc08g016180.3,0.00694279,1.54727,0.00448711,5.07777e-54
21986,Solyc06g065610.3,transposed,gbM,Solyc07g007220.3,0.400308,4.13227,0.0968737,5.20748e-51
21987,Solyc06g065630.3,transposed,Unmethylated,Solyc09g091090.2,0.301111,4.07182,0.07395,3.88757e-88
21988,Solyc06g065640.3,transposed,TE-like,Solyc09g061290.3,0.333614,4.61765,0.0722477,2.07052e-142
21989,Solyc06g065655.1,transposed,Unclassified,Solyc12g098210.2,0.342024,3.6086,0.0947802,1.32191e-25
21990,Solyc06g065680.3,transposed,gbM,Solyc04g078310.3,0.469476,4.12377,0.113846,5.89286e-46
21991,Solyc06g065690.3,transposed,gbM,Solyc02g067980.3,0.346616,4.34765,0.0797249,3.51249e-103
21992,Solyc06g065720.1,transposed,TE-like,Solyc10g009480.3,0.83274,5.01089,0.166186,6.56209e-14
21993,Solyc06g065830.2,transposed,TE-like,Solyc12g010390.2,0.141914,4.55418,0.0311614,4.92699e-156
21994,Solyc06g065910.3,transposed,gbM,Solyc02g081200.1,0.509283,4.54775,0.111986,3.89888e-62
21995,Solyc06g065920.3,transposed,TE-like,Solyc01g111730.3,0.313532,4.08642,0.0767255,1.1415e-83
21996,Solyc06g065950.3,transposed,Unclassified,Solyc12g098180.2,0.612027,3.61086,0.169496,1.71433e-16
21997,Solyc06g065970.1,transposed,NA,Solyc08g005960.2,0.307424,3.20708,0.0958582,3.35346e-21
21998,Solyc06g065980.3,transposed,Unclassified,Solyc06g066100.3,0.0035701,0.10795,0.0330717,1.1507e-05
21999,Solyc06g066020.3,transposed,Unclassified,Solyc06g084070.3,0.63822,3.27345,0.194969,2.4019e-11
22000,Solyc06g066030.3,transposed,TE-like,Solyc08g059800.3,0.250896,0.524835,0.478047,5.94497e-08
22001,Solyc06g066050.3,transposed,gbM,Solyc08g060860.3,0.143163,0.74023,0.193403,6.07808e-12
22002,Solyc06g066060.3,transposed,TE-like,Solyc01g094350.3,0.631878,4.13922,0.152656,7.6454e-38
22003,Solyc06g066070.1,transposed,Unmethylated,Solyc02g066910.3,0.517129,4.10513,0.125972,1.19415e-28
22004,Solyc06g066110.1,transposed,Unmethylated,Solyc03g122300.2,0.335587,1.68606,0.199037,1.12342e-12
22005,Solyc06g066120.3,transposed,Unclassified,Solyc12g055970.2,0.436686,4.1953,0.104089,1.31021e-69
22006,Solyc06g066180.3,transposed,Unclassified,Solyc09g091880.3,0.453704,3.74433,0.121171,4.29266e-27
22007,Solyc06g066290.3,transposed,Unclassified,Solyc08g076180.3,0.161811,0.683651,0.236686,1.26127e-08
22008,Solyc06g066330.3,transposed,gbM,Solyc08g076420.3,0.29346,2.00523,0.146347,1.26113e-33
22009,Solyc06g066340.3,transposed,Unclassified,Solyc08g076400.3,0.23674,1.64328,0.144066,1.11664e-25
22010,Solyc06g066370.3,transposed,gbM,Solyc09g014990.3,0.330099,4.14133,0.0797083,3.45248e-50
22011,Solyc06g066390.2,transposed,gbM,Solyc03g117720.3,0.452891,3.96954,0.114092,6.09394e-63
22012,Solyc06g066470.3,transposed,Unclassified,Solyc08g066200.3,0.0960293,2.23271,0.0430102,4.77082e-16
22013,Solyc06g066473.1,transposed,TE-like,Solyc08g066200.3,0.157693,3.1472,0.0501057,2.08202e-28
22014,Solyc06g066600.3,transposed,gbM,Solyc07g020790.3,0.245524,2.16282,0.11352,2.78771e-49
22015,Solyc06g066620.3,transposed,gbM,Solyc01g095430.3,0.826716,1.90677,0.433568,6.864e-05
22016,Solyc06g066630.1,transposed,Unmethylated,Solyc11g012200.2,0.495567,2.77145,0.178812,4.97496e-26
22017,Solyc06g066760.3,transposed,gbM,Solyc12g008620.2,0.341626,3.94389,0.0866216,1.15837e-54
22018,Solyc06g067900.2,transposed,TE-like,Solyc01g079150.3,0.413259,3.99369,0.103478,5.80674e-33
22019,Solyc06g067930.2,transposed,TE-like,Solyc04g080100.3,0.54401,4.35173,0.12501,1.09425e-41
22020,Solyc06g067960.3,transposed,gbM,Solyc02g078360.3,0.641008,3.4538,0.185595,6.65734e-21
22021,Solyc06g068010.3,transposed,gbM,Solyc06g050590.3,0.66072,3.95031,0.167258,8.63694e-19
22022,Solyc06g068060.3,transposed,TE-like,Solyc06g068430.3,0.050738,0.0961046,0.527945,0.0331108
22023,Solyc06g068190.2,transposed,Unclassified,Solyc03g116780.3,0.314296,1.90082,0.165348,1.78327e-08
22024,Solyc06g068230.3,transposed,TE-like,Solyc07g006035.1,0.371308,5.24808,0.0707512,8.39983e-222
22025,Solyc06g068420.1,transposed,Unclassified,Solyc10g055560.2,0.122813,0.216318,0.567743,0.222747
22026,Solyc06g068435.1,transposed,gbM,Solyc03g116920.2,0.666824,2.93003,0.227582,4.97968e-14
22027,Solyc06g068450.2,transposed,Unmethylated,Solyc07g005440.1,0.338888,4.17846,0.0811035,2.64268e-67
22028,Solyc06g068490.3,transposed,gbM,Solyc05g012220.3,0.31962,4.22074,0.0757262,1.23022e-67
22029,Solyc06g068560.3,transposed,gbM,Solyc08g006680.3,0.268174,4.37809,0.0612537,1.57868e-76
22030,Solyc06g068580.1,transposed,Unclassified,Solyc07g063410.3,0.754244,3.85167,0.195823,2.5721e-64
22031,Solyc06g068820.3,transposed,Unclassified,Solyc08g006120.3,0.142017,1.87485,0.0757484,6.73176e-21
22032,Solyc06g068980.3,transposed,TE-like,Solyc09g009090.3,0.56277,4.38448,0.128355,6.84281e-58
22033,Solyc06g068985.1,transposed,TE-like,Solyc09g009090.3,0.776939,4.15925,0.186798,7.19539e-33
22034,Solyc06g068990.4,transposed,TE-like,Solyc01g080240.3,0.195005,4.32599,0.0450775,0
22035,Solyc06g069045.1,transposed,TE-like,Solyc10g084960.2,0.471255,3.79807,0.124078,5.59813e-22
22036,Solyc06g069080.3,transposed,TE-like,Solyc06g008230.3,0.468956,4.58986,0.102172,3.28799e-87
22037,Solyc06g069100.2,transposed,TE-like,Solyc06g069710.3,0.38543,3.74566,0.102901,4.88381e-39
22038,Solyc06g069110.3,transposed,Unclassified,Solyc05g015490.3,0.738263,3.59464,0.205379,2.25187e-12
22039,Solyc06g069130.3,transposed,gbM,Solyc01g100120.3,0.578987,4.73596,0.122254,9.69076e-89
22040,Solyc06g069190.3,transposed,TE-like,Solyc09g008600.3,0.858291,4.23585,0.202626,5.83465e-23
22041,Solyc06g069230.3,transposed,TE-like,Solyc03g025890.2,0.894862,4.73735,0.188895,2.25033e-36
22042,Solyc06g069360.3,transposed,gbM,Solyc01g100130.3,0.734372,4.15467,0.176758,1.34026e-41
22043,Solyc06g069375.1,transposed,gbM,Solyc03g114720.3,0.323553,0.733842,0.440903,0.000569666
22044,Solyc06g069385.1,transposed,Unmethylated,Solyc11g010940.2,0.755472,3.90677,0.193375,3.45553e-22
22045,Solyc06g069395.1,transposed,Unclassified,Solyc04g005500.3,0.252697,0.6033,0.418858,0.00815661
22046,Solyc06g069440.3,transposed,TE-like,Solyc04g064763.1,0.913638,4.37879,0.208651,4.34858e-61
22047,Solyc06g069470.3,transposed,gbM,Solyc12g014570.2,0.695964,3.92287,0.177412,9.03054e-39
22048,Solyc06g069590.3,transposed,Unclassified,Solyc05g012550.3,0.62201,3.53012,0.176201,5.88338e-15
22049,Solyc06g069610.1,transposed,TE-like,Solyc03g121050.3,0.609267,4.44204,0.137159,4.1152e-62
22050,Solyc06g069630.3,transposed,TE-like,Solyc02g088590.3,0.84859,4.34884,0.19513,4.05438e-17
22051,Solyc06g069640.3,transposed,NA,Solyc09g090300.3,0.260342,2.99022,0.0870643,0
22052,Solyc06g069693.1,transposed,Unclassified,Solyc03g115770.3,0.34072,0.844281,0.403562,0.000586887
22053,Solyc06g069697.1,transposed,TE-like,Solyc03g115770.3,0.122386,0.437623,0.279661,6.16172e-09
22054,Solyc06g069727.1,transposed,Unclassified,Solyc03g115870.3,0.125827,2.00474,0.0627647,5.37805e-13
22055,Solyc06g071090.2,transposed,Unclassified,Solyc03g113420.3,0.374429,3.51567,0.106503,1.83926e-21
22056,Solyc06g071130.3,transposed,gbM,Solyc05g009150.3,0.518825,4.80454,0.107986,3.49767e-108
22057,Solyc06g071210.3,transposed,gbM,Solyc10g074930.1,0.311153,4.23642,0.0734471,8.11029e-87
22058,Solyc06g071400.3,transposed,Unclassified,Solyc03g114200.3,0.22702,1.30479,0.17399,8.42464e-21
22059,Solyc06g071430.3,transposed,TE-like,Solyc01g105990.3,0.535271,4.49403,0.119107,1.50489e-60
22060,Solyc06g071490.2,transposed,TE-like,Solyc02g086750.2,0.835478,4.71921,0.177038,1.00135e-59
22061,Solyc06g071500.3,transposed,TE-like,Solyc01g079150.3,0.150301,4.69345,0.0320235,1.55982e-178
22062,Solyc06g071510.3,transposed,gbM,Solyc02g077220.3,0.446256,3.7991,0.117464,1.64457e-32
22063,Solyc06g071560.3,transposed,TE-like,Solyc03g121410.3,0.319759,4.28693,0.0745893,6.13979e-86
22064,Solyc06g071570.3,transposed,gbM,Solyc03g113420.3,0.261657,3.877,0.0674895,4.47439e-83
22065,Solyc06g071580.3,transposed,TE-like,Solyc03g097520.3,0.635327,4.44539,0.142918,8.38635e-61
22066,Solyc06g071650.2,transposed,gbM,Solyc06g061150.3,0.528428,4.18072,0.126396,3.92585e-83
22067,Solyc06g071805.1,transposed,TE-like,Solyc03g112140.3,0.0519077,0.769294,0.0674744,6.92108e-32
22068,Solyc06g071810.1,transposed,Unclassified,Solyc03g111793.1,0.148185,0.994229,0.149045,1.23841e-56
22069,Solyc06g071840.2,transposed,Unclassified,Solyc03g111690.3,0.0873223,1.25323,0.069678,2.78228e-23
22070,Solyc06g071860.3,transposed,Unclassified,Solyc09g074640.3,0.661405,4.12618,0.160295,5.21018e-38
22071,Solyc06g071890.3,transposed,TE-like,Solyc08g082760.3,0.16341,1.00274,0.162963,4.01218e-09
22072,Solyc06g071900.3,transposed,TE-like,Solyc01g089870.3,0.955985,4.33696,0.220427,1.49288e-20
22073,Solyc06g072240.1,transposed,Unclassified,Solyc06g075930.1,0.00890713,2.10992,0.00422154,1.77359e-40
22074,Solyc06g072310.3,transposed,gbM,Solyc10g005330.3,0.377105,4.53235,0.0832028,5.54158e-103
22075,Solyc06g072330.3,transposed,Unclassified,Solyc10g086040.2,0.241704,3.43615,0.0703415,5.69536e-20
22076,Solyc06g072403.1,transposed,Unclassified,Solyc03g098030.3,0.281046,1.46157,0.19229,6.1781e-10
22077,Solyc06g072407.1,transposed,Unclassified,Solyc03g098030.3,0.443776,2.15861,0.205584,5.7854e-08
22078,Solyc06g072660.3,transposed,Unclassified,Solyc07g065490.3,0.608348,4.33815,0.140232,2.90421e-34
22079,Solyc06g072720.3,transposed,gbM,Solyc10g080480.2,0.703422,4.52387,0.155491,7.60301e-09
22080,Solyc06g072760.3,transposed,gbM,Solyc08g076540.3,0.316941,3.16418,0.100165,1.78678e-32
22081,Solyc06g072890.2,transposed,Unclassified,Solyc02g077390.2,0.449792,3.44437,0.130588,0
22082,Solyc06g072900.3,transposed,gbM,Solyc08g075700.3,0.375366,3.43756,0.109196,6.61005e-20
22083,Solyc06g072940.2,transposed,gbM,Solyc07g006320.3,0.907305,1.95266,0.46465,9.16914e-07
22084,Solyc06g072950.2,transposed,TE-like,Solyc02g087870.3,0.575833,5.11229,0.112637,2.21587e-98
22085,Solyc06g073033.1,transposed,Unclassified,Solyc03g080050.3,0.230021,1.65543,0.138949,3.08261e-16
22086,Solyc06g073100.3,transposed,gbM,Solyc05g013680.3,0.444831,4.00006,0.111206,1.13302e-70
22087,Solyc06g073110.3,transposed,TE-like,Solyc12g049500.2,0.636338,4.40412,0.144487,2.73116e-41
22088,Solyc06g073165.1,transposed,gbM,Solyc03g114240.3,0.748706,4.22929,0.177029,1.05979e-19
22089,Solyc06g073180.3,transposed,Unclassified,Solyc04g081020.3,0.546191,3.62181,0.150806,1.55501e-32
22090,Solyc06g073220.1,transposed,TE-like,Solyc02g080920.2,0.553501,3.14245,0.176137,2.84368e-24
22091,Solyc06g073240.3,transposed,gbM,Solyc12g057020.2,0.36432,3.7702,0.0966313,2.50773e-35
22092,Solyc06g073245.1,transposed,Unmethylated,Solyc07g007950.1,0.455977,3.64945,0.124944,7.28388e-21
22093,Solyc06g073260.3,transposed,gbM,Solyc09g065180.3,0.735217,4.10432,0.179133,1.56024e-25
22094,Solyc06g073280.3,transposed,gbM,Solyc03g123600.3,0.886538,4.1248,0.214929,3.37755e-19
22095,Solyc06g073310.3,transposed,Unclassified,Solyc08g014550.3,0.0298271,1.91409,0.0155829,1.06264e-46
22096,Solyc06g073340.3,transposed,TE-like,Solyc01g109280.3,0.769889,4.29536,0.179237,1.4055e-28
22097,Solyc06g073390.3,transposed,Unclassified,Solyc04g076430.3,0.927051,3.93377,0.235665,1.60955e-20
22098,Solyc06g073480.3,transposed,gbM,Solyc10g086137.1,0.709095,4.43448,0.159905,1.04459e-30
22099,Solyc06g073500.3,transposed,TE-like,Solyc06g036340.3,0.744605,1.89486,0.392961,3.69045e-12
22100,Solyc06g073550.3,transposed,TE-like,Solyc02g070550.3,0.866618,4.07022,0.212917,2.17965e-21
22101,Solyc06g073560.3,transposed,TE-like,Solyc10g076600.2,0.817705,4.09986,0.199447,4.69255e-39
22102,Solyc06g073570.3,transposed,TE-like,Solyc12g088970.1,0.436455,4.30073,0.101484,1.01335e-55
22103,Solyc06g073630.3,transposed,gbM,Solyc01g103350.3,0.545102,4.25093,0.128231,5.26072e-70
22104,Solyc06g073700.3,transposed,Unclassified,Solyc06g062980.3,0.727751,3.16286,0.230092,3.15552e-06
22105,Solyc06g073780.3,transposed,TE-like,Solyc02g087980.3,0.954037,4.7572,0.200546,1.27246e-43
22106,Solyc06g073870.3,transposed,TE-like,Solyc04g015180.3,0.592839,1.87139,0.316791,9.99546e-07
22107,Solyc06g074000.1,transposed,Unclassified,Solyc02g069360.1,0.723799,4.24157,0.170644,1.12067e-26
22108,Solyc06g074010.3,transposed,gbM,Solyc11g068800.2,0.150217,0.611376,0.245703,6.23285e-21
22109,Solyc06g074020.2,transposed,Unclassified,Solyc11g006670.1,0.761511,3.21579,0.236804,1.6654e-12
22110,Solyc06g074050.2,transposed,Unmethylated,Solyc11g068895.1,0.465255,3.5395,0.131447,8.08837e-15
22111,Solyc06g074360.3,transposed,TE-like,Solyc01g087050.3,0.301208,3.58149,0.0841013,0
22112,Solyc06g074400.3,transposed,gbM,Solyc07g019650.3,0.536923,4.38566,0.122427,2.33784e-47
22113,Solyc06g074450.2,transposed,Unclassified,Solyc12g042440.2,0.611445,1.87145,0.326722,1.30289e-06
22114,Solyc06g074463.1,transposed,Unclassified,Solyc01g091900.3,0.224865,2.81672,0.0798319,3.15162e-14
22115,Solyc06g074467.1,transposed,gbM,Solyc01g091900.3,0.242121,1.29623,0.186789,2.30565e-22
22116,Solyc06g074730.3,transposed,gbM,Solyc03g098280.3,0.386237,4.91192,0.0786325,1.01686e-154
22117,Solyc06g074750.1,transposed,Unclassified,Solyc06g005390.1,0.520335,1.9633,0.265031,2.15138e-09
22118,Solyc06g074770.3,transposed,gbM,Solyc02g088550.3,0.0707555,0.19828,0.356846,2.5295e-14
22119,Solyc06g074960.3,transposed,TE-like,Solyc11g009100.2,0.562629,4.40393,0.127756,5.53024e-76
22120,Solyc06g075010.3,transposed,gbM,Solyc11g069790.2,0.0966382,0.770177,0.125475,3.014e-54
22121,Solyc06g075030.1,transposed,Unmethylated,Solyc03g121050.3,0.785414,4.23207,0.185586,8.01686e-24
22122,Solyc06g075640.2,transposed,gbM,Solyc02g083640.3,0.575166,4.20561,0.136762,7.21224e-68
22123,Solyc06g075650.3,transposed,TE-like,Solyc10g083880.2,0.135223,3.96203,0.0341297,1.50524e-60
22124,Solyc06g076120.2,transposed,Unmethylated,Solyc07g045440.1,0.70085,3.58195,0.195662,3.17443e-17
22125,Solyc06g076250.3,transposed,TE-like,Solyc08g007770.3,0.83305,3.99983,0.208271,1.29517e-12
22126,Solyc06g076400.3,transposed,Unmethylated,Solyc05g052980.3,0.264363,4.14618,0.0637606,4.5036e-60
22127,Solyc06g076590.3,transposed,TE-like,Solyc09g011720.3,0.661012,4.54471,0.145446,5.49105e-45
22128,Solyc06g076630.3,transposed,TE-like,Solyc01g101050.3,0.492805,3.97726,0.123906,5.55936e-37
22129,Solyc06g076655.1,transposed,gbM,Solyc03g114500.3,0.430643,3.85032,0.111846,1.99944e-60
22130,Solyc06g076665.1,transposed,Unclassified,Solyc09g009020.3,0.38052,3.41767,0.111339,7.08491e-19
22131,Solyc06g076840.2,transposed,TE-like,Solyc06g071520.1,0.549087,3.77925,0.14529,3.3448e-39
22132,Solyc06g076880.3,transposed,Unclassified,Solyc10g006650.3,0.195239,3.73059,0.0523347,4.47218e-51
22133,Solyc06g082010.3,transposed,Unclassified,Solyc01g087170.3,0.483161,4.53189,0.106614,5.06842e-96
22134,Solyc06g082030.3,transposed,Unclassified,Solyc02g080120.2,0.657107,3.88061,0.169331,3.85402e-28
22135,Solyc06g082050.2,transposed,TE-like,Solyc09g076010.3,0.777011,3.88505,0.200001,4.67057e-23
22136,Solyc06g082190.3,transposed,Unclassified,Solyc02g083290.3,0.829957,4.32209,0.192027,4.53441e-23
22137,Solyc06g082210.1,transposed,TE-like,Solyc09g090180.1,0.299393,3.67914,0.0813757,2.1314e-30
22138,Solyc06g082260.3,transposed,TE-like,Solyc06g050530.3,0.242681,4.44485,0.0545984,1.97364e-102
22139,Solyc06g082280.3,transposed,TE-like,Solyc08g014290.1,0.690796,4.05144,0.170506,2.3346e-33
22140,Solyc06g082290.3,transposed,Unclassified,Solyc02g089110.3,0.845754,4.01061,0.210879,1.22495e-14
22141,Solyc06g082410.1,transposed,Unmethylated,Solyc01g081410.3,0.495619,3.28039,0.151086,2.8588e-12
22142,Solyc06g082500.3,transposed,gbM,Solyc06g049070.3,0.146547,2.91073,0.050347,9.95872e-71
22143,Solyc06g082520.3,transposed,gbM,Solyc02g079020.3,0.505983,4.34038,0.116576,1.59341e-64
22144,Solyc06g082560.2,transposed,gbM,Solyc03g115230.3,0.0331721,0.228035,0.145469,7.19901e-34
22145,Solyc06g082590.1,transposed,Unmethylated,Solyc03g007460.2,0.521011,3.86918,0.134657,9.92728e-28
22146,Solyc06g082610.3,transposed,TE-like,Solyc03g095490.3,0.271332,4.58588,0.0591669,1.53834e-95
22147,Solyc06g082640.3,transposed,TE-like,Solyc02g072300.3,0.0668134,0.208096,0.32107,0.000101582
22148,Solyc06g082700.1,transposed,Unmethylated,Solyc09g065650.3,0.343941,3.27972,0.104869,2.51882e-22
22149,Solyc06g082710.3,transposed,gbM,Solyc07g066070.3,0.453436,3.77136,0.120231,1.1238e-29
22150,Solyc06g082740.3,transposed,gbM,Solyc08g081730.3,0.474212,3.85943,0.122871,6.36198e-21
22151,Solyc06g082780.3,transposed,TE-like,Solyc04g079910.3,0.674428,3.9121,0.172395,7.24956e-18
22152,Solyc06g082790.1,transposed,Unclassified,Solyc02g079820.3,0.276816,0.492329,0.562258,0.0804071
22153,Solyc06g082880.2,transposed,Unclassified,Solyc02g079260.2,0.64679,4.69488,0.137765,2.42156e-52
22154,Solyc06g082890.3,transposed,Unclassified,Solyc04g005640.3,0.667467,3.14873,0.21198,0
22155,Solyc06g082910.3,transposed,Unclassified,Solyc03g044060.3,0.512484,4.74267,0.108058,5.76906e-78
22156,Solyc06g082920.3,transposed,gbM,Solyc02g067560.1,0.473932,4.39137,0.107923,4.0435e-84
22157,Solyc06g082930.3,transposed,gbM,Solyc09g076050.3,0.696365,4.31928,0.161223,5.98797e-27
22158,Solyc06g083000.1,transposed,Unclassified,Solyc07g007950.1,0.344164,3.27965,0.104939,6.8225e-20
22159,Solyc06g083060.3,transposed,TE-like,Solyc08g076120.3,0.0872996,0.254551,0.342956,0.000194422
22160,Solyc06g083070.3,transposed,Unclassified,Solyc12g005920.2,0.228714,4.54087,0.050368,5.34312e-120
22161,Solyc06g083110.2,transposed,Unmethylated,Solyc08g061630.3,0.856521,3.25782,0.262912,1.17877e-07
22162,Solyc06g083130.3,transposed,Unclassified,Solyc09g090300.3,0.254147,3.05217,0.0832675,7.38947e-20
22163,Solyc06g083170.3,transposed,Unclassified,Solyc05g010610.3,0.574367,4.05977,0.141478,6.25956e-68
22164,Solyc06g083180.3,transposed,gbM,Solyc07g065170.3,0.168968,3.68754,0.0458214,0
22165,Solyc06g083190.3,transposed,Unclassified,Solyc04g077615.1,0.398031,4.45813,0.089282,9.09045e-60
22166,Solyc06g083310.3,transposed,TE-like,Solyc01g093970.4,0.429519,4.36264,0.0984537,8.90914e-102
22167,Solyc06g083390.3,transposed,gbM,Solyc11g012010.2,0.67028,3.57692,0.18739,3.5076e-19
22168,Solyc06g083400.2,transposed,TE-like,Solyc05g046290.3,0.536465,3.49522,0.153485,2.10045e-18
22169,Solyc06g083430.1,transposed,Unclassified,Solyc08g007170.1,0.659662,3.91889,0.168329,1.03919e-15
22170,Solyc06g083465.1,transposed,TE-like,Solyc09g061290.3,0.0666619,0.768428,0.086751,1.41871e-48
22171,Solyc06g083690.3,transposed,Unclassified,Solyc03g112770.3,0.705024,3.43552,0.205216,8.24463e-09
22172,Solyc06g083710.2,transposed,TE-like,Solyc07g041660.3,0.599266,4.58988,0.130563,1.69104e-85
22173,Solyc06g083720.2,transposed,gbM,Solyc07g041970.3,0.473471,4.63894,0.102065,9.89773e-84
22174,Solyc06g083730.3,transposed,TE-like,Solyc09g090940.3,0.386244,2.71123,0.14246,5.7625e-39
22175,Solyc06g083750.3,transposed,Unclassified,Solyc09g090680.3,0.333126,3.90381,0.0853336,5.70819e-39
22176,Solyc06g083870.3,transposed,TE-like,Solyc02g087980.3,0.81876,4.90189,0.167029,3.24566e-55
22177,Solyc06g083900.3,transposed,Unclassified,Solyc06g053610.3,0.382455,3.65998,0.104496,1.83247e-26
22178,Solyc06g083980.2,transposed,TE-like,Solyc01g096050.3,0.523244,4.37637,0.119561,3.22455e-45
22179,Solyc06g084005.1,transposed,Unclassified,Solyc09g066120.3,0.394545,1.68961,0.233513,6.50678e-07
22180,Solyc06g084080.3,transposed,gbM,Solyc09g065810.3,0.0934539,0.856765,0.109078,2.04699e-52
22181,Solyc06g084150.3,transposed,Unclassified,Solyc07g040960.1,0.803172,4.06679,0.197496,2.95605e-35
22182,Solyc06g084155.1,transposed,gbM,Solyc09g065560.3,0.0800157,1.23629,0.0647222,1.57528e-31
22183,Solyc06g084260.3,transposed,Unclassified,Solyc08g061480.3,0.716953,3.83491,0.186954,1.33779e-40
22184,Solyc06g084270.3,transposed,TE-like,Solyc10g080070.2,0.797319,3.87257,0.205889,3.28829e-23
22185,Solyc06g084380.3,transposed,Unclassified,Solyc04g008240.3,0.648854,4.37564,0.148288,2.14107e-41
22186,Solyc06g084400.3,transposed,Unmethylated,Solyc05g047450.2,0.549869,3.42124,0.160722,2.21368e-19
22187,Solyc06g084410.3,transposed,Unclassified,Solyc03g116720.2,0.497711,3.39759,0.146489,1.17354e-20
22188,Solyc06g084420.1,transposed,Unmethylated,Solyc08g061560.3,0.780829,4.11466,0.189768,1.23155e-29
22189,Solyc06g084450.3,transposed,Unclassified,Solyc09g074340.3,0.119259,0.956977,0.124621,1.85285e-35
22190,Solyc06g084460.3,transposed,Unclassified,Solyc01g067750.3,0.474682,4.40315,0.107805,2.69132e-51
22191,Solyc06g084480.3,transposed,TE-like,Solyc09g074420.3,0.0951048,0.587915,0.161766,5.67135e-43
22192,Solyc06g084487.1,transposed,gbM,Solyc06g008780.2,0.536437,1.37544,0.390013,2.99089e-05
22193,Solyc06g084510.3,transposed,TE-like,Solyc01g067360.3,0.228608,3.87505,0.0589949,5.0779e-41
22194,Solyc06g084520.3,transposed,TE-like,Solyc09g074680.3,0.0458471,0.648652,0.0706806,3.37483e-85
22195,Solyc06g084530.3,transposed,TE-like,Solyc03g110900.3,0.364141,4.89282,0.0744236,6.97709e-143
22196,Solyc06g084540.3,transposed,Unclassified,Solyc05g054270.2,0.276943,2.60546,0.106294,5.28986e-21
22197,Solyc06g084580.1,transposed,TE-like,Solyc02g079260.2,0.631586,4.56037,0.138495,4.4586e-83
22198,Solyc06g084590.3,transposed,TE-like,Solyc01g099745.1,0.557127,4.27468,0.130332,2.27131e-38
22199,Solyc06g084620.1,transposed,Unclassified,Solyc03g123620.4,0.614324,4.45714,0.137829,3.43756e-38
22200,Solyc07g005000.3,transposed,TE-like,Solyc08g005410.3,0.738188,4.51028,0.163668,1.26618e-54
22201,Solyc07g005010.3,transposed,TE-like,Solyc03g093330.3,0.550303,4.79318,0.11481,6.25138e-94
22202,Solyc07g005020.3,transposed,gbM,Solyc01g079507.1,0.777231,4.56402,0.170295,8.34398e-35
22203,Solyc07g005130.3,transposed,gbM,Solyc02g086220.3,0.289236,3.84839,0.0751577,0
22204,Solyc07g005180.3,transposed,gbM,Solyc01g098600.3,0.619301,2.72504,0.227263,1.01434e-09
22205,Solyc07g005330.3,transposed,TE-like,Solyc05g054440.3,0.21759,4.28583,0.0507697,1.54502e-115
22206,Solyc07g005500.2,transposed,TE-like,Solyc12g010110.2,0.195811,0.801983,0.244158,2.49314e-24
22207,Solyc07g005600.3,transposed,TE-like,Solyc03g121570.3,0.153875,4.54568,0.0338509,1.43456e-157
22208,Solyc07g005650.3,transposed,gbM,Solyc12g014610.2,0.752057,4.33525,0.173475,4.09286e-38
22209,Solyc07g005660.3,transposed,TE-like,Solyc12g087870.2,0.674664,4.08116,0.165312,8.0293e-23
22210,Solyc07g005670.2,transposed,Unclassified,Solyc06g083630.3,0.470412,3.95086,0.119066,7.29115e-30
22211,Solyc07g005680.3,transposed,TE-like,Solyc02g088820.3,0.400238,3.09,0.129527,1.18761e-12
22212,Solyc07g005685.1,transposed,NA,Solyc02g088820.3,0.203086,1.97499,0.102829,4.01412e-16
22213,Solyc07g005760.3,transposed,TE-like,Solyc03g097500.3,0.619335,4.1629,0.148775,5.12871e-41
22214,Solyc07g005820.3,transposed,TE-like,Solyc04g011440.4,0.0982263,4.45565,0.0220453,0
22215,Solyc07g005890.3,transposed,TE-like,Solyc12g006320.2,0.832908,4.2571,0.195651,1.64381e-24
22216,Solyc07g005900.3,transposed,Unclassified,Solyc03g117470.3,0.185632,3.59558,0.0516279,2.31182e-35
22217,Solyc07g005920.2,transposed,TE-like,Solyc06g076910.2,0.620521,4.78824,0.129593,1.90113e-91
22218,Solyc07g005930.3,transposed,TE-like,Solyc05g010660.3,0.23271,4.79057,0.0485767,1.15156e-149
22219,Solyc07g006070.1,transposed,Unclassified,Solyc01g097340.3,0.862744,3.97298,0.217153,2.15556e-11
22220,Solyc07g006110.3,transposed,TE-like,Solyc02g089550.3,0.24333,4.49077,0.0541845,5.37123e-130
22221,Solyc07g006120.3,transposed,TE-like,Solyc01g099400.3,0.782242,4.11265,0.190204,1.96041e-23
22222,Solyc07g006170.3,transposed,gbM,Solyc08g007310.3,0.720608,4.10537,0.175528,2.66757e-41
22223,Solyc07g006180.3,transposed,Unclassified,Solyc06g073840.3,0.764188,3.82863,0.199598,2.24421e-16
22224,Solyc07g006370.1,transposed,NA,Solyc07g042000.3,0.543545,4.3968,0.123623,1.29806e-50
22225,Solyc07g006400.2,transposed,Unmethylated,Solyc03g114190.1,0.616736,3.2382,0.190456,0
22226,Solyc07g006480.3,transposed,TE-like,Solyc02g067560.1,0.575278,4.26358,0.134928,1.61661e-69
22227,Solyc07g006500.3,transposed,gbM,Solyc05g005750.3,0.256401,4.6793,0.0547948,1.16632e-228
22228,Solyc07g006510.3,transposed,TE-like,Solyc02g086990.3,0.27242,4.56266,0.0597065,2.83975e-141
22229,Solyc07g006540.3,transposed,gbM,Solyc11g006650.2,0.644448,4.60463,0.139957,3.2664e-88
22230,Solyc07g006620.3,transposed,TE-like,Solyc09g074250.3,0.515977,4.06134,0.127046,0
22231,Solyc07g006660.1,transposed,TE-like,Solyc12g089250.1,0.385964,4.40205,0.0876782,2.35844e-92
22232,Solyc07g006720.3,transposed,Unclassified,Solyc12g057060.2,0.693429,4.10517,0.168916,2.27095e-31
22233,Solyc07g006755.1,transposed,Unclassified,Solyc03g097530.3,0.546637,3.04534,0.179499,0
22234,Solyc07g006790.3,transposed,TE-like,Solyc11g007720.2,0.641299,4.39729,0.14584,1.77148e-49
22235,Solyc07g006800.1,transposed,TE-like,Solyc04g016190.1,0.343016,2.77836,0.12346,1.65997e-45
22236,Solyc07g006840.1,transposed,TE-like,Solyc07g063420.3,0.701715,3.8508,0.182226,4.34988e-30
22237,Solyc07g006900.2,transposed,TE-like,Solyc05g008060.3,0.2738,4.45217,0.0614982,1.76832e-114
22238,Solyc07g006910.3,transposed,gbM,Solyc06g049070.3,0.859939,2.9491,0.291593,9.13377e-11
22239,Solyc07g006940.2,transposed,TE-like,Solyc07g066550.3,0.486933,4.20264,0.115864,4.73264e-44
22240,Solyc07g006990.2,transposed,TE-like,Solyc02g079260.2,0.605114,4.57697,0.132208,1.68204e-56
22241,Solyc07g007200.3,transposed,TE-like,Solyc08g075080.3,0.805075,4.11066,0.195851,1.49024e-45
22242,Solyc07g007210.3,transposed,TE-like,Solyc11g071770.1,0.717983,4.71632,0.152234,8.51191e-60
22243,Solyc07g007230.3,transposed,TE-like,Solyc01g105780.3,0.258568,4.10491,0.06299,1.18366e-57
22244,Solyc07g007290.1,transposed,TE-like,Solyc01g112100.3,0.339316,4.32989,0.0783659,3.45403e-68
22245,Solyc07g007390.3,transposed,TE-like,Solyc02g081200.1,0.52213,4.57359,0.114162,6.08209e-83
22246,Solyc07g007410.3,transposed,gbM,Solyc12g009870.2,0.215316,1.54325,0.139521,2.40288e-23
22247,Solyc07g007420.3,transposed,gbM,Solyc12g009870.2,0.256634,1.43267,0.17913,5.10566e-14
22248,Solyc07g007440.1,transposed,Unclassified,Solyc12g007320.1,0.6744,4.02013,0.167756,1.85554e-46
22249,Solyc07g007590.1,transposed,Unclassified,Solyc06g050630.3,0.422565,3.80229,0.111134,6.24087e-35
22250,Solyc07g007640.2,transposed,Unclassified,Solyc07g005530.3,0.741406,4.05933,0.182643,3.35399e-34
22251,Solyc07g007650.2,transposed,TE-like,Solyc01g111240.3,0.522293,4.71569,0.110757,7.52184e-94
22252,Solyc07g007780.3,transposed,TE-like,Solyc10g012170.3,0.513859,4.21184,0.122003,5.98115e-61
22253,Solyc07g007790.3,transposed,TE-like,Solyc03g098290.3,0.895759,4.59702,0.194857,4.49428e-31
22254,Solyc07g007830.3,transposed,TE-like,Solyc02g092160.3,0.451877,3.35377,0.134737,2.16692e-15
22255,Solyc07g007870.3,transposed,TE-like,Solyc01g103390.3,0.443865,4.05683,0.109412,4.08989e-48
22256,Solyc07g007880.1,transposed,NA,Solyc11g067100.2,0.310488,3.13355,0.0990852,3.16151e-30
22257,Solyc07g007980.3,transposed,TE-like,Solyc05g007050.3,0.264803,4.24549,0.0623728,3.21474e-99
22258,Solyc07g008010.3,transposed,TE-like,Solyc08g008485.1,0.409459,3.30206,0.124001,7.89238e-25
22259,Solyc07g008020.3,transposed,Unmethylated,Solyc12g007230.2,0.594793,3.48075,0.170881,3.94195e-27
22260,Solyc07g008030.2,transposed,TE-like,Solyc05g013580.3,0.373783,4.11918,0.0907421,3.70212e-87
22261,Solyc07g008190.3,transposed,gbM,Solyc11g006390.2,0.853494,3.6053,0.236733,3.17465e-22
22262,Solyc07g008230.1,transposed,TE-like,Solyc09g092480.1,0.163867,1.7571,0.0932599,3.87301e-44
22263,Solyc07g008290.3,transposed,NA,Solyc05g013730.3,0.825435,4.12486,0.200112,6.97847e-18
22264,Solyc07g008320.3,transposed,TE-like,Solyc04g077870.3,0.433087,4.89421,0.0884895,9.71759e-122
22265,Solyc07g008350.3,transposed,TE-like,Solyc02g092440.3,0.43299,3.98994,0.10852,8.68369e-28
22266,Solyc07g008360.2,transposed,TE-like,Solyc06g068650.3,0.170414,4.42227,0.0385354,1.92987e-125
22267,Solyc07g008370.3,transposed,gbM,Solyc08g075090.3,0.0420055,0.629724,0.0667045,5.56052e-34
22268,Solyc07g008410.3,transposed,Unclassified,Solyc05g013450.3,0.226368,1.99505,0.113465,4.59384e-58
22269,Solyc07g008420.3,transposed,TE-like,Solyc12g013900.2,0.66644,3.04912,0.218568,0
22270,Solyc07g008440.3,transposed,Unmethylated,Solyc12g087870.2,0.258808,2.52374,0.102549,1.56684e-43
22271,Solyc07g008490.3,transposed,TE-like,Solyc06g084000.3,0.56249,3.66659,0.153409,7.69566e-31
22272,Solyc07g008495.1,transposed,Unclassified,Solyc09g066120.3,0.392008,3.17101,0.123622,1.59279e-16
22273,Solyc07g008520.3,transposed,gbM,Solyc06g076750.3,0.194054,2.51647,0.0771137,4.00514e-95
22274,Solyc07g008670.3,transposed,TE-like,Solyc03g115000.3,0.777432,4.63301,0.167803,3.39447e-70
22275,Solyc07g008820.3,transposed,gbM,Solyc07g042020.3,0.324377,4.21346,0.0769859,2.17594e-76
22276,Solyc07g008950.3,transposed,TE-like,Solyc06g048610.3,0.630245,4.03136,0.156335,8.68621e-29
22277,Solyc07g009150.3,transposed,TE-like,Solyc04g054190.3,0.843931,4.26336,0.19795,6.745e-21
22278,Solyc07g009160.3,transposed,Unclassified,Solyc10g005770.3,0.12862,0.744542,0.17275,2.09733e-17
22279,Solyc07g009210.2,transposed,TE-like,Solyc08g079840.2,0.280247,3.79932,0.0737624,3.46806e-37
22280,Solyc07g009415.1,transposed,gbM,Solyc07g053220.2,0.636854,3.56207,0.178787,6.90731e-11
22281,Solyc07g009420.1,transposed,gbM,Solyc07g053130.3,0.276104,1.33043,0.207531,1.3828e-24
22282,Solyc07g009445.1,transposed,TE-like,Solyc07g005520.1,0.389222,3.26908,0.119061,6.24096e-13
22283,Solyc07g009460.3,transposed,TE-like,Solyc04g016490.3,0.783531,3.03977,0.25776,1.34358e-12
22284,Solyc07g009470.2,transposed,TE-like,Solyc11g065990.2,0.450763,2.86798,0.157171,6.59047e-12
22285,Solyc07g009520.2,transposed,TE-like,Solyc11g010210.1,0.285571,0.988189,0.288984,2.60735e-16
22286,Solyc07g014590.3,transposed,TE-like,Solyc04g082400.3,0.914226,4.45439,0.205242,7.90033e-35
22287,Solyc07g014600.2,transposed,Unclassified,Solyc03g120490.3,0.0880337,0.620828,0.1418,2.56816e-06
22288,Solyc07g014640.3,transposed,TE-like,Solyc01g058390.3,0.83568,4.12712,0.202485,4.92916e-29
22289,Solyc07g014670.3,transposed,TE-like,Solyc04g078370.3,0.201333,2.22461,0.0905025,6.084e-53
22290,Solyc07g014703.1,transposed,TE-like,Solyc05g046330.3,0.293724,1.006,0.291974,9.86209e-05
22291,Solyc07g015870.3,transposed,TE-like,Solyc05g005040.3,0.405157,4.00598,0.101138,2.29296e-40
22292,Solyc07g015910.3,transposed,TE-like,Solyc10g078270.2,0.564951,4.14672,0.13624,9.2016e-23
22293,Solyc07g015920.2,transposed,Unclassified,Solyc01g103360.3,0.452877,3.60569,0.125601,3.90667e-26
22294,Solyc07g015960.1,transposed,TE-like,Solyc03g097500.3,0.679563,4.15293,0.163634,6.23238e-30
22295,Solyc07g017343.1,transposed,TE-like,Solyc04g054517.1,0.170335,0.335934,0.507049,0.0392273
22296,Solyc07g017430.3,transposed,TE-like,Solyc00g007010.3,0.793703,4.36151,0.181979,2.51203e-76
22297,Solyc07g017500.3,transposed,TE-like,Solyc12g049590.2,0.763297,4.00456,0.190607,6.45049e-20
22298,Solyc07g017510.3,transposed,TE-like,Solyc03g123570.3,0.321062,5.27878,0.0608214,2.73664e-252
22299,Solyc07g017540.3,transposed,gbM,Solyc09g082790.3,0.456631,4.01134,0.113835,4.57765e-40
22300,Solyc07g017560.3,transposed,TE-like,Solyc02g080200.3,0.657093,2.73791,0.239998,2.57953e-26
22301,Solyc07g017600.3,transposed,Unclassified,Solyc06g051960.3,0.484642,4.42502,0.109523,1.9389e-71
22302,Solyc07g017750.3,transposed,gbM,Solyc06g063295.1,0.84875,4.26144,0.19917,4.17908e-25
22303,Solyc07g017760.1,transposed,TE-like,Solyc01g107320.3,0.532388,4.5689,0.116524,4.2344e-85
22304,Solyc07g017860.3,transposed,TE-like,Solyc03g025720.3,0.897337,3.14725,0.285118,1.35931e-14
22305,Solyc07g017950.3,transposed,Unclassified,Solyc03g034220.3,0.402861,3.50515,0.114934,2.8864e-20
22306,Solyc07g017970.2,transposed,Unmethylated,Solyc03g033490.2,0.43386,3.69004,0.117576,0
22307,Solyc07g018010.3,transposed,Unclassified,Solyc01g096050.3,0.79816,3.66864,0.217563,9.77576e-16
22308,Solyc07g018070.3,transposed,gbM,Solyc11g006650.2,0.626906,4.54084,0.138059,1.73422e-84
22309,Solyc07g018140.3,transposed,Unclassified,Solyc09g074250.3,0.455525,4.01853,0.113356,1.54536e-55
22310,Solyc07g018180.2,transposed,TE-like,Solyc06g076910.2,0.454344,4.72554,0.0961465,8.11492e-99
22311,Solyc07g018190.3,transposed,gbM,Solyc10g085120.2,0.257778,1.81913,0.141704,6.90521e-51
22312,Solyc07g018290.3,transposed,Unclassified,Solyc11g010710.2,0.439641,4.11979,0.106714,6.56151e-66
22313,Solyc07g018350.2,transposed,TE-like,Solyc03g025890.2,0.841071,4.68835,0.179396,4.37997e-36
22314,Solyc07g018383.1,transposed,TE-like,Solyc01g006720.3,0.274526,3.00214,0.0914435,0
22315,Solyc07g018435.1,transposed,TE-like,Solyc01g094350.3,0.349907,0.994162,0.351962,0.000804157
22316,Solyc07g019440.3,transposed,gbM,Solyc01g079790.3,0.241225,4.29273,0.0561939,1.33083e-98
22317,Solyc07g020900.1,transposed,TE-like,Solyc03g032150.3,0.361157,1.0021,0.3604,0.00998342
22318,Solyc07g020910.2,transposed,TE-like,Solyc03g117010.3,0.237932,0.321801,0.739378,0.367008
22319,Solyc07g020990.1,transposed,TE-like,Solyc05g055567.1,0.267131,0.978819,0.272912,0.000238335
22320,Solyc07g021000.1,transposed,TE-like,Solyc11g008320.2,0.303194,1.60555,0.188842,0.00010693
22321,Solyc07g021360.1,transposed,TE-like,Solyc12g062700.1,0.294166,0.421134,0.698509,0.403334
22322,Solyc07g021540.3,transposed,TE-like,Solyc04g014250.3,0.262653,2.88804,0.090945,6.96574e-35
22323,Solyc07g021630.3,transposed,gbM,Solyc12g088220.2,0.182468,2.04891,0.0890562,1.74694e-52
22324,Solyc07g021660.2,transposed,Unclassified,Solyc12g088680.2,0.264389,0.879825,0.300502,0.000206337
22325,Solyc07g021670.2,transposed,TE-like,Solyc02g093110.3,0.218243,2.7857,0.0783441,4.77791e-12
22326,Solyc07g021710.3,transposed,Unmethylated,Solyc06g062540.3,0.31284,3.77182,0.0829414,2.17265e-40
22327,Solyc07g022790.3,transposed,TE-like,Solyc01g096190.3,0.471347,4.88558,0.096477,8.81235e-117
22328,Solyc07g022830.3,transposed,TE-like,Solyc05g013180.3,0.991076,2.1778,0.455081,9.75169e-08
22329,Solyc07g022840.1,transposed,TE-like,Solyc04g080220.3,0.173875,2.59975,0.0668816,8.50482e-45
22330,Solyc07g022860.3,transposed,TE-like,Solyc12g043150.2,0.618614,4.23249,0.146158,9.8774e-44
22331,Solyc07g022880.3,transposed,TE-like,Solyc01g080930.3,0.659886,3.35834,0.196491,3.30268e-20
22332,Solyc07g022900.3,transposed,Unclassified,Solyc03g115900.3,0.508256,3.81615,0.133185,5.71269e-35
22333,Solyc07g022910.3,transposed,gbM,Solyc12g088830.2,0.242292,0.801224,0.302402,2.42915e-31
22334,Solyc07g022920.3,transposed,TE-like,Solyc04g077600.3,0.249109,1.25001,0.199286,2.67332e-19
22335,Solyc07g023990.2,transposed,Unclassified,Solyc12g007100.2,0.0576158,0.884788,0.0651182,3.06646e-34
22336,Solyc07g023995.1,transposed,Unclassified,Solyc12g007100.2,0.210334,1.01985,0.20624,3.95745e-14
22337,Solyc07g024000.3,transposed,gbM,Solyc06g071910.3,0.901772,4.09058,0.220451,1.76486e-11
22338,Solyc07g024010.2,transposed,Unclassified,Solyc04g079120.3,0.0928251,1.92995,0.0480971,1.16825e-19
22339,Solyc07g024020.2,transposed,TE-like,Solyc04g079120.3,0.0956956,0.818388,0.116932,7.18637e-30
22340,Solyc07g024030.3,transposed,TE-like,Solyc01g109460.3,0.399398,4.45378,0.0896764,4.73782e-54
22341,Solyc07g024070.2,transposed,gbM,Solyc02g083570.3,0.517499,3.36231,0.153912,7.13145e-32
22342,Solyc07g024080.2,transposed,TE-like,Solyc11g067260.2,0.131657,0.276146,0.476768,0.0575103
22343,Solyc07g024090.1,transposed,TE-like,Solyc11g067260.2,0.184833,0.340456,0.5429,0.031073
22344,Solyc07g025140.3,transposed,Unclassified,Solyc04g079700.3,0.18012,4.15889,0.0433096,4.69938e-89
22345,Solyc07g025370.3,transposed,gbM,Solyc04g080100.3,0.268591,3.11987,0.0860904,1.55301e-68
22346,Solyc07g025510.3,transposed,Unmethylated,Solyc11g072480.2,0.565118,3.78962,0.149122,4.8246e-36
22347,Solyc07g026650.3,transposed,Unclassified,Solyc02g081190.3,0.386164,3.90093,0.0989929,8.67628e-33
22348,Solyc07g026670.3,transposed,TE-like,Solyc03g007040.3,0.243926,4.53398,0.0537995,3.06796e-89
22349,Solyc07g026700.1,transposed,TE-like,NA,NA,NA,NA,NA
22350,Solyc07g026730.1,transposed,Unclassified,Solyc10g079300.2,0.0826108,0.118346,0.698046,0.372489
22351,Solyc07g026800.1,transposed,TE-like,Solyc10g084860.1,0.0932103,0.200407,0.465106,0.00155992
22352,Solyc07g026880.2,transposed,TE-like,Solyc12g088830.2,0.0841716,0.0788528,1.06745,0.999978
22353,Solyc07g026900.1,transposed,TE-like,Solyc02g091990.3,0.293994,4.16846,0.0705283,9.69489e-84
22354,Solyc07g026930.2,transposed,TE-like,Solyc10g055770.2,0.291869,1.73984,0.167756,3.94895e-31
22355,Solyc07g027000.1,transposed,TE-like,Solyc02g077040.4,0.100881,1.0544,0.0956764,0.00124568
22356,Solyc07g027005.1,transposed,TE-like,Solyc02g077040.4,0.184982,0.273787,0.675642,0.325522
22357,Solyc07g027020.3,transposed,TE-like,Solyc03g121440.3,0.421027,2.23759,0.188161,3.20235e-25
22358,Solyc07g027025.1,transposed,TE-like,Solyc03g121440.3,0.111993,3.86498,0.0289763,5.6994e-83
22359,Solyc07g032080.3,transposed,TE-like,Solyc11g072530.2,0.262713,4.73892,0.0554373,6.41179e-133
22360,Solyc07g032100.3,transposed,TE-like,Solyc06g066730.3,0.943866,4.74324,0.198992,1.23067e-28
22361,Solyc07g032230.3,transposed,TE-like,Solyc04g072560.3,0.631704,4.23858,0.149037,1.45169e-31
22362,Solyc07g032240.3,transposed,TE-like,Solyc04g008860.3,0.611751,4.07338,0.150183,3.25796e-32
22363,Solyc07g032320.1,transposed,TE-like,Solyc09g089550.3,0.97278,4.12186,0.236005,5.84276e-32
22364,Solyc07g032490.3,transposed,Unclassified,Solyc08g078950.3,0.344892,4.50763,0.0765128,4.83337e-95
22365,Solyc07g032730.3,transposed,TE-like,Solyc12g007150.2,0.153713,0.893811,0.171975,7.66442e-32
22366,Solyc07g032740.3,transposed,gbM,Solyc08g068330.3,0.0840074,4.17411,0.0201258,7.13286e-117
22367,Solyc07g032783.1,transposed,TE-like,Solyc12g014360.2,0.471195,3.55583,0.132513,1.00227e-15
22368,Solyc07g038110.2,transposed,TE-like,Solyc03g121540.3,0.367651,2.10117,0.174975,1.26878e-22
22369,Solyc07g038130.2,transposed,Unclassified,Solyc12g008840.2,0.174741,1.66574,0.104903,9.01495e-31
22370,Solyc07g039220.1,transposed,TE-like,Solyc01g067780.1,0.225017,0.445367,0.50524,0.000146211
22371,Solyc07g039260.2,transposed,TE-like,Solyc02g088000.3,0.224653,0.612002,0.367078,0.00178662
22372,Solyc07g039500.3,transposed,TE-like,Solyc09g083350.3,0.496624,4.64143,0.106998,1.63158e-72
22373,Solyc07g039550.3,transposed,TE-like,Solyc03g115390.3,0.45753,4.68491,0.0976604,3.75833e-136
22374,Solyc07g040690.3,transposed,TE-like,Solyc02g069310.3,0.476632,4.38676,0.108652,4.67946e-70
22375,Solyc07g040785.1,transposed,TE-like,Solyc07g005520.1,0.512501,3.35297,0.15285,2.02576e-13
22376,Solyc07g041000.3,transposed,Unclassified,Solyc03g025880.3,0.370177,3.6435,0.101599,3.20993e-28
22377,Solyc07g041155.1,transposed,TE-like,Solyc06g008530.2,0.206672,4.60098,0.0449192,9.95546e-156
22378,Solyc07g041170.2,transposed,TE-like,Solyc01g111340.3,0.116273,0.260397,0.446524,0.0467075
22379,Solyc07g041320.2,transposed,TE-like,Solyc02g087360.3,0.374115,0.774272,0.483183,0.000877404
22380,Solyc07g041350.1,transposed,TE-like,Solyc01g106750.2,0.163753,0.27485,0.59579,0.223683
22381,Solyc07g041627.1,transposed,TE-like,Solyc09g092480.1,0.319437,0.89024,0.358821,0.000237319
22382,Solyc07g041640.3,transposed,Unmethylated,Solyc08g005430.3,0.556768,3.94538,0.141119,1.62886e-29
22383,Solyc07g041850.2,transposed,TE-like,Solyc02g080260.3,0.369394,4.47647,0.0825189,8.58063e-67
22384,Solyc07g042010.3,transposed,TE-like,Solyc01g100280.3,0.537504,3.27177,0.164285,2.13103e-24
22385,Solyc07g042015.1,transposed,TE-like,Solyc01g100280.3,0.601015,3.89282,0.154391,4.87059e-43
22386,Solyc07g042090.3,transposed,gbM,Solyc12g005590.2,0.476258,4.20655,0.113218,2.40048e-43
22387,Solyc07g042100.3,transposed,Unclassified,Solyc12g049380.2,0.481534,3.60419,0.133604,7.27573e-36
22388,Solyc07g042300.1,transposed,Unmethylated,Solyc10g055190.1,0.409651,3.68249,0.111243,4.01084e-21
22389,Solyc07g042430.1,transposed,TE-like,Solyc01g112100.3,0.521442,4.3111,0.120953,9.672e-48
22390,Solyc07g042510.3,transposed,Unclassified,Solyc06g084130.3,0.413893,3.87364,0.106849,5.54546e-33
22391,Solyc07g042560.3,transposed,gbM,Solyc03g119220.3,0.262729,4.87607,0.0538812,6.25542e-160
22392,Solyc07g042580.3,transposed,TE-like,Solyc10g006350.3,0.763694,4.64725,0.164332,3.58041e-39
22393,Solyc07g042593.1,transposed,Unclassified,Solyc12g009310.2,0.191599,0.884237,0.216683,3.53607e-11
22394,Solyc07g042630.3,transposed,Unclassified,Solyc05g047580.3,0.296886,4.45183,0.0666886,3.96386e-137
22395,Solyc07g042710.3,transposed,TE-like,Solyc07g045260.2,0.00571881,0.019808,0.288712,0.35512
22396,Solyc07g042830.3,transposed,TE-like,Solyc02g080570.3,0.54621,3.98499,0.137067,2.96112e-44
22397,Solyc07g042840.1,transposed,NA,Solyc09g066430.3,0.056426,0.0299411,1.88456,0.506438
22398,Solyc07g042890.3,transposed,TE-like,Solyc07g042680.3,0.0140642,0.220149,0.0638847,6.56388e-24
22399,Solyc07g042910.3,transposed,TE-like,Solyc02g087720.1,1.04282,4.58518,0.227433,7.96832e-23
22400,Solyc07g042923.1,transposed,TE-like,Solyc12g009400.2,0.0605432,0.720352,0.0840466,1.29954e-11
22401,Solyc07g042927.1,transposed,TE-like,Solyc12g009400.2,0.367646,0.693827,0.529882,0.032334
22402,Solyc07g042960.2,transposed,TE-like,Solyc09g065400.2,0.65944,3.57748,0.184331,1.76297e-25
22403,Solyc07g042980.3,transposed,TE-like,Solyc12g099740.2,0.657617,3.73762,0.175945,1.30713e-14
22404,Solyc07g043000.3,transposed,Unclassified,Solyc07g007860.1,0.351677,3.11424,0.112926,1.44602e-12
22405,Solyc07g043130.3,transposed,Unclassified,Solyc02g092560.3,0.479998,4.43005,0.10835,6.84371e-59
22406,Solyc07g043330.2,transposed,Unmethylated,Solyc10g074680.2,0.304068,4.18231,0.0727033,1.79761e-63
22407,Solyc07g043390.3,transposed,Unmethylated,Solyc08g082670.3,0.650253,4.22457,0.153922,1.17261e-33
22408,Solyc07g043395.1,transposed,Unclassified,Solyc08g082670.3,0.76402,9.23647,0.0827178,8.13334e-08
22409,Solyc07g043420.3,transposed,Unmethylated,Solyc06g083910.3,0.433334,3.8885,0.11144,2.65774e-39
22410,Solyc07g043500.1,transposed,Unclassified,Solyc05g055343.1,0.245289,0.841653,0.291437,3.02678e-16
22411,Solyc07g043510.3,transposed,gbM,Solyc11g069810.2,0.427825,3.73115,0.114663,5.01126e-27
22412,Solyc07g043560.3,transposed,TE-like,Solyc02g080470.3,0.804158,4.59937,0.174841,1.43177e-47
22413,Solyc07g043570.3,transposed,gbM,Solyc03g082560.3,0.582519,4.05946,0.143497,5.03781e-44
22414,Solyc07g043580.3,transposed,gbM,Solyc01g102300.3,0.674691,4.26941,0.158029,1.91452e-34
22415,Solyc07g043600.3,transposed,TE-like,Solyc01g107320.3,0.844723,4.33214,0.19499,3.39743e-36
22416,Solyc07g043610.3,transposed,TE-like,Solyc03g031970.3,0.61727,3.98853,0.154761,3.92618e-24
22417,Solyc07g044780.3,transposed,gbM,Solyc09g007680.3,0.453442,4.32554,0.104829,3.8887e-46
22418,Solyc07g044830.3,transposed,TE-like,Solyc06g035870.3,0.819526,2.93341,0.279376,3.09496e-07
22419,Solyc07g044960.1,transposed,Unmethylated,Solyc08g080930.1,0.680076,4.2478,0.160101,3.88585e-37
22420,Solyc07g044980.3,transposed,TE-like,Solyc02g069310.3,0.360468,4.50371,0.080038,4.36425e-66
22421,Solyc07g044990.3,transposed,TE-like,Solyc02g069340.3,0.340494,2.0268,0.167996,2.18211e-24
22422,Solyc07g045030.3,transposed,TE-like,Solyc05g007550.2,0.47137,3.77582,0.124839,1.03073e-24
22423,Solyc07g045040.3,transposed,TE-like,Solyc01g067620.3,0.585352,3.9875,0.146797,2.07069e-32
22424,Solyc07g045070.3,transposed,TE-like,Solyc12g015710.2,0.805045,4.21072,0.191189,9.36639e-25
22425,Solyc07g045100.1,transposed,gbM,Solyc01g096040.3,0.649968,4.31258,0.150715,7.06364e-41
22426,Solyc07g045120.2,transposed,gbM,Solyc09g008720.2,0.280366,4.13933,0.0677323,7.59716e-95
22427,Solyc07g045160.3,transposed,gbM,Solyc12g095880.2,0.130327,2.00032,0.0651533,1.59035e-91
22428,Solyc07g045185.1,transposed,gbM,Solyc12g006240.2,0.232576,0.943339,0.246545,5.69126e-06
22429,Solyc07g045380.3,transposed,TE-like,Solyc09g010450.1,0.900465,4.35799,0.206624,3.71247e-27
22430,Solyc07g045410.2,transposed,gbM,Solyc09g010450.1,0.76676,4.07673,0.188082,5.64314e-17
22431,Solyc07g045420.3,transposed,gbM,Solyc04g054190.3,0.472245,4.56105,0.103539,8.98287e-89
22432,Solyc07g045430.3,transposed,TE-like,Solyc10g005950.3,0.272424,3.4873,0.0781189,6.43879e-34
22433,Solyc07g045460.3,transposed,gbM,Solyc11g012710.2,0.382269,3.92271,0.0974503,6.32248e-30
22434,Solyc07g045480.3,transposed,TE-like,Solyc01g059870.4,0.351909,4.95992,0.0709506,4.81839e-167
22435,Solyc07g045490.2,transposed,NA,Solyc06g082860.3,0.915573,1.72922,0.529473,0.0472546
22436,Solyc07g045540.3,transposed,TE-like,Solyc01g100960.3,0.415325,4.3647,0.0951555,9.57328e-75
22437,Solyc07g045610.1,transposed,TE-like,Solyc06g076520.1,0.173325,0.427094,0.405823,0.00669571
22438,Solyc07g047610.3,transposed,TE-like,Solyc01g109510.3,0.915902,4.2112,0.217492,1.22352e-25
22439,Solyc07g047770.3,transposed,TE-like,Solyc05g015610.3,0.327902,4.86895,0.0673455,9.03182e-146
22440,Solyc07g047780.3,transposed,TE-like,Solyc01g087490.3,0.663792,4.33107,0.153263,5.14063e-47
22441,Solyc07g047790.3,transposed,TE-like,Solyc05g010670.3,0.189497,4.23433,0.0447526,5.60181e-122
22442,Solyc07g047800.3,transposed,TE-like,Solyc10g080890.2,0.831534,1.76975,0.469859,0.000793346
22443,Solyc07g047830.3,transposed,TE-like,Solyc10g074470.2,0.721582,4.57301,0.157792,4.47278e-40
22444,Solyc07g047910.1,transposed,TE-like,Solyc02g090970.1,0.618868,4.02635,0.153705,1.09286e-31
22445,Solyc07g047920.2,transposed,gbM,Solyc03g115830.2,0.212265,1.39839,0.151792,4.91016e-39
22446,Solyc07g048000.3,transposed,TE-like,Solyc10g086137.1,0.737883,4.41727,0.167045,2.93283e-38
22447,Solyc07g048020.2,transposed,TE-like,Solyc06g062510.3,0.10747,0.307072,0.349982,0.0011544
22448,Solyc07g048040.1,transposed,Unclassified,Solyc07g065220.2,0.260797,3.82614,0.0681619,1.25799e-65
22449,Solyc07g048080.3,transposed,TE-like,Solyc05g005800.3,0.627208,4.49458,0.139548,5.62295e-64
22450,Solyc07g048120.3,transposed,gbM,Solyc04g076670.3,0.677248,3.36971,0.200981,1.65157e-14
22451,Solyc07g049220.3,transposed,TE-like,Solyc02g067980.3,0.232859,4.43555,0.0524983,1.93682e-124
22452,Solyc07g049270.3,transposed,Unclassified,Solyc02g088790.3,0.53686,3.41602,0.157159,2.60305e-15
22453,Solyc07g049300.3,transposed,Unclassified,Solyc08g082250.3,0.319589,4.28218,0.0746324,1.32781e-103
22454,Solyc07g049310.3,transposed,gbM,Solyc02g086145.1,0.525534,4.42955,0.118643,2.1825e-43
22455,Solyc07g049320.3,transposed,TE-like,Solyc02g072500.3,0.182673,4.4211,0.0413183,2.4543e-115
22456,Solyc07g049325.1,transposed,TE-like,Solyc12g011310.2,0.275388,2.20859,0.12469,1.89357e-09
22457,Solyc07g049370.2,transposed,Unmethylated,Solyc12g008580.2,0.540328,4.28016,0.12624,1.43237e-60
22458,Solyc07g049390.2,transposed,Unclassified,Solyc01g091740.3,0.786595,4.41441,0.178188,3.60297e-21
22459,Solyc07g049450.3,transposed,TE-like,Solyc01g100320.3,0.704466,4.03012,0.1748,1.0101e-25
22460,Solyc07g049460.3,transposed,TE-like,Solyc06g050530.3,0.36228,4.46627,0.0811145,1.7844e-71
22461,Solyc07g049480.3,transposed,TE-like,Solyc03g025540.3,0.885624,4.52813,0.195583,7.81229e-32
22462,Solyc07g049500.3,transposed,TE-like,Solyc01g008960.3,0.31366,4.81507,0.0651412,2.37489e-141
22463,Solyc07g049540.2,transposed,Unclassified,Solyc10g018500.1,0.364022,3.66277,0.0993842,1.0273e-37
22464,Solyc07g049560.3,transposed,Unclassified,Solyc11g011970.2,0.19125,3.55487,0.0537994,6.72517e-39
22465,Solyc07g049570.3,transposed,TE-like,Solyc12g009260.2,0.603069,4.24407,0.142097,8.47026e-54
22466,Solyc07g049610.1,transposed,Unmethylated,Solyc08g080930.1,0.633557,4.12828,0.153468,1.95443e-56
22467,Solyc07g049640.3,transposed,TE-like,Solyc09g072830.3,0.467272,3.01706,0.154877,0
22468,Solyc07g049690.3,transposed,Unclassified,Solyc04g079730.1,0.560593,4.32628,0.129579,2.78548e-47
22469,Solyc07g049710.3,transposed,Unclassified,Solyc12g098720.2,0.0142103,0.554739,0.0256162,2.55995e-11
22470,Solyc07g049730.3,transposed,TE-like,Solyc01g098600.3,0.545385,2.34655,0.23242,1.54393e-10
22471,Solyc07g051820.3,transposed,Unclassified,Solyc07g005840.2,0.616655,4.59056,0.134331,7.4791e-87
22472,Solyc07g051840.3,transposed,Unclassified,Solyc02g080890.3,0.514789,3.92323,0.131216,8.5102e-33
22473,Solyc07g051850.3,transposed,gbM,Solyc02g080880.3,0.168755,5.05475,0.0333854,5.05325e-99
22474,Solyc07g051950.3,transposed,TE-like,Solyc08g079770.3,0.563754,2.90301,0.194196,2.50407e-22
22475,Solyc07g052170.1,transposed,Unclassified,Solyc10g055190.1,0.645396,5.23232,0.123348,6.72331e-10
22476,Solyc07g052270.3,transposed,TE-like,Solyc03g097440.3,0.377731,1.84914,0.204274,6.8175e-30
22477,Solyc07g052330.2,transposed,gbM,Solyc10g077050.2,0.449503,3.50579,0.128217,2.09085e-31
22478,Solyc07g052360.2,transposed,gbM,Solyc02g080500.3,0.413377,4.29017,0.0963543,2.1109e-65
22479,Solyc07g052457.1,transposed,gbM,Solyc10g074730.3,0.835215,3.12769,0.267039,9.25453e-07
22480,Solyc07g052565.1,transposed,Unclassified,Solyc12g005780.2,0.318618,1.49078,0.213726,7.31931e-11
22481,Solyc07g052590.1,transposed,gbM,Solyc09g065710.1,0.686616,4.43967,0.154655,1.8728e-42
22482,Solyc07g052610.3,transposed,Unclassified,Solyc01g089850.3,0.474049,3.57665,0.13254,2.57712e-27
22483,Solyc07g052690.3,transposed,TE-like,Solyc01g094580.3,0.480657,3.77794,0.127227,4.13264e-27
22484,Solyc07g052695.1,transposed,gbM,Solyc08g007130.3,0.438155,3.9697,0.110375,2.26603e-47
22485,Solyc07g052960.2,transposed,Unclassified,Solyc02g092570.1,0.420989,4.12736,0.102,9.88334e-79
22486,Solyc07g053040.2,transposed,TE-like,Solyc09g009920.1,0.92748,4.24865,0.2183,8.69564e-17
22487,Solyc07g053060.3,transposed,gbM,Solyc01g107320.3,1.10835,2.16172,0.512718,2.06877e-06
22488,Solyc07g053070.2,transposed,Unclassified,Solyc01g110050.1,0.218493,4.14137,0.0527585,3.54714e-99
22489,Solyc07g053160.3,transposed,gbM,Solyc06g067970.2,0.609131,3.91847,0.155451,2.79799e-22
22490,Solyc07g053165.1,transposed,TE-like,Solyc03g025360.3,0.669756,3.84142,0.174351,9.80713e-22
22491,Solyc07g053190.3,transposed,gbM,Solyc08g067920.3,0.739979,4.60774,0.160595,1.14867e-53
22492,Solyc07g053260.3,transposed,gbM,Solyc05g012420.3,0.154001,3.79494,0.0405806,8.16434e-76
22493,Solyc07g053570.3,transposed,TE-like,Solyc09g065670.3,0.424718,4.1187,0.103119,4.56658e-58
22494,Solyc07g053660.3,transposed,TE-like,Solyc06g069010.3,0.824252,3.78201,0.21794,2.71937e-18
22495,Solyc07g053750.1,transposed,Unclassified,Solyc01g087170.3,0.725461,4.16768,0.174068,3.77112e-39
22496,Solyc07g053760.3,transposed,Unclassified,Solyc04g074190.3,0.326656,3.90358,0.0836812,3.43434e-47
22497,Solyc07g053820.3,transposed,gbM,Solyc04g082900.3,0.850076,4.00975,0.212002,1.46015e-21
22498,Solyc07g053870.3,transposed,TE-like,Solyc09g066500.3,0.712221,4.46374,0.159557,6.61082e-58
22499,Solyc07g053890.3,transposed,TE-like,Solyc01g095930.3,0.796716,4.20092,0.189653,3.68202e-16
22500,Solyc07g054230.3,transposed,TE-like,Solyc04g007230.3,0.76612,3.95439,0.193739,1.69101e-16
22501,Solyc07g054380.2,transposed,gbM,Solyc02g091930.3,0.424212,3.62453,0.117039,1.15819e-35
22502,Solyc07g054390.1,transposed,TE-like,Solyc04g078000.3,0.842138,4.28542,0.196512,1.85078e-31
22503,Solyc07g054650.1,transposed,TE-like,Solyc08g005820.1,0.742732,4.06846,0.182559,1.67851e-37
22504,Solyc07g054740.3,transposed,gbM,Solyc02g079230.3,0.229874,3.91882,0.058659,3.11604e-51
22505,Solyc07g054950.2,transposed,TE-like,Solyc02g079370.3,0.459183,3.91426,0.11731,2.16954e-40
22506,Solyc07g055010.3,transposed,TE-like,Solyc04g054500.3,0.552498,3.35241,0.164806,8.17224e-14
22507,Solyc07g055060.3,transposed,gbM,Solyc12g014250.2,0.0684219,4.86704,0.0140582,3.39677e-302
22508,Solyc07g055080.3,transposed,Unclassified,Solyc08g016510.3,0.76075,1.79083,0.424802,2.16545e-06
22509,Solyc07g055090.1,transposed,Unmethylated,Solyc09g009590.1,0.462996,3.12811,0.148012,2.57709e-25
22510,Solyc07g055100.3,transposed,Unmethylated,Solyc03g122030.1,0.752355,3.96143,0.18992,1.24449e-21
22511,Solyc07g055130.3,transposed,TE-like,Solyc02g076780.3,0.285072,3.13194,0.0910209,8.87648e-93
22512,Solyc07g055140.3,transposed,TE-like,Solyc02g076680.3,0.594825,4.04195,0.147163,1.21015e-22
22513,Solyc07g055170.1,transposed,Unclassified,Solyc09g082790.3,0.880158,3.83318,0.229616,1.64479e-19
22514,Solyc07g055180.3,transposed,gbM,Solyc01g098740.3,0.365923,4.21045,0.0869082,8.39205e-62
22515,Solyc07g055190.3,transposed,TE-like,Solyc06g050440.3,0.318591,3.96629,0.0803246,2.36403e-61
22516,Solyc07g055210.3,transposed,TE-like,Solyc08g068330.3,0.480114,4.20353,0.114217,5.6809e-56
22517,Solyc07g055320.3,transposed,gbM,Solyc04g082250.3,0.453608,4.56066,0.0994611,3.41392e-56
22518,Solyc07g055330.3,transposed,TE-like,Solyc04g009170.2,0.940837,3.7577,0.250376,7.373e-29
22519,Solyc07g055340.3,transposed,gbM,Solyc01g107240.3,0.935618,4.36078,0.214553,6.25819e-07
22520,Solyc07g055710.3,transposed,Unclassified,Solyc03g006000.3,0.527861,4.10389,0.128625,6.05612e-29
22521,Solyc07g055810.3,transposed,TE-like,Solyc02g071880.3,0.400778,4.84094,0.0827893,8.74547e-115
22522,Solyc07g055860.3,transposed,TE-like,Solyc06g053630.3,0.568594,3.88898,0.146206,2.65375e-33
22523,Solyc07g055870.3,transposed,gbM,Solyc02g071740.3,0.22397,4.27616,0.0523765,1.03805e-74
22524,Solyc07g055930.3,transposed,gbM,Solyc02g088630.3,0.460483,4.40461,0.104546,3.59073e-57
22525,Solyc07g056020.3,transposed,TE-like,Solyc08g081900.3,0.775547,4.85003,0.159906,2.30912e-56
22526,Solyc07g056260.3,transposed,TE-like,Solyc07g053980.3,0.467886,5.23387,0.0893959,3.09396e-213
22527,Solyc07g056270.3,transposed,gbM,Solyc01g101100.3,0.211935,4.34441,0.0487834,4.22512e-105
22528,Solyc07g056300.1,transposed,Unclassified,Solyc01g091470.3,0.363028,3.91051,0.0928339,1.60996e-42
22529,Solyc07g056310.3,transposed,gbM,Solyc01g101120.3,0.563837,3.95608,0.142524,1.33596e-18
22530,Solyc07g056320.3,transposed,Unclassified,Solyc02g087500.2,0.420368,4.25203,0.0988629,2.5028e-90
22531,Solyc07g056350.3,transposed,TE-like,Solyc07g062080.3,0.214688,4.47507,0.0479742,2.85657e-138
22532,Solyc07g056400.1,transposed,Unmethylated,Solyc07g065710.3,0.465415,4.26432,0.109142,7.99164e-94
22533,Solyc07g056410.3,transposed,gbM,Solyc12g098100.2,0.39311,4.92863,0.0797606,2.51348e-193
22534,Solyc07g056520.3,transposed,TE-like,Solyc07g005530.3,0.857277,4.40548,0.194593,3.76385e-68
22535,Solyc07g056570.1,transposed,Unmethylated,Solyc01g087250.3,0.614857,4.3594,0.141042,1.13433e-68
22536,Solyc07g056615.1,transposed,Unclassified,Solyc07g056340.3,0.0811453,0.0916318,0.885559,0.788118
22537,Solyc07g061780.3,transposed,TE-like,Solyc04g076210.2,0.680739,4.73156,0.143872,1.3779e-69
22538,Solyc07g061910.1,transposed,TE-like,Solyc08g007060.3,0.239578,2.22798,0.107532,5.4083e-09
22539,Solyc07g061920.3,transposed,TE-like,Solyc02g078230.2,0.498874,5.26706,0.0947158,5.71654e-200
22540,Solyc07g061950.3,transposed,TE-like,Solyc03g119440.3,0.9661,4.56431,0.211664,5.35208e-31
22541,Solyc07g061970.3,transposed,Unclassified,Solyc08g016190.3,0.300711,2.6654,0.11282,1.80621e-17
22542,Solyc07g061990.3,transposed,TE-like,Solyc08g023470.3,0.587386,4.1603,0.141188,5.82561e-40
22543,Solyc07g062000.1,transposed,TE-like,Solyc07g021180.2,0.359965,0.283775,1.26849,0.483338
22544,Solyc07g062030.3,transposed,gbM,Solyc05g052240.3,0.9056,3.6344,0.249174,3.72872e-16
22545,Solyc07g062060.3,transposed,gbM,Solyc01g080410.3,0.515869,3.24839,0.158808,0
22546,Solyc07g062090.2,transposed,gbM,Solyc02g072040.3,0.165168,3.93928,0.0419285,3.77661e-97
22547,Solyc07g062100.3,transposed,Unclassified,Solyc01g095890.3,0.655224,3.66823,0.178621,2.92481e-31
22548,Solyc07g062120.3,transposed,gbM,Solyc03g005880.3,0.321701,2.21334,0.145347,6.22796e-27
22549,Solyc07g062140.3,transposed,TE-like,Solyc08g076650.3,0.638484,4.65669,0.137111,1.26612e-75
22550,Solyc07g062160.3,transposed,gbM,Solyc04g081020.3,0.656172,3.69908,0.177388,0
22551,Solyc07g062170.2,transposed,Unmethylated,Solyc04g082510.3,0.692316,4.00118,0.173028,3.95898e-39
22552,Solyc07g062200.2,transposed,Unclassified,Solyc03g006910.3,0.685076,2.0526,0.33376,9.68319e-09
22553,Solyc07g062230.3,transposed,TE-like,Solyc02g071900.3,0.558699,4.22106,0.13236,3.99211e-41
22554,Solyc07g062260.3,transposed,gbM,Solyc03g005990.3,0.173344,4.12128,0.0420608,1.45459e-66
22555,Solyc07g062290.3,transposed,Unclassified,Solyc03g006020.3,0.1803,3.25999,0.055307,2.75614e-33
22556,Solyc07g062300.3,transposed,gbM,Solyc02g087010.2,0.622698,4.22277,0.147462,1.83159e-42
22557,Solyc07g062320.2,transposed,TE-like,Solyc10g009590.3,0.626381,3.9369,0.159105,2.19618e-20
22558,Solyc07g062390.3,transposed,Unclassified,Solyc01g067680.3,0.386052,4.1726,0.0925207,8.2345e-44
22559,Solyc07g062420.1,transposed,TE-like,Solyc02g087450.3,0.165384,0.185144,0.893274,0.678631
22560,Solyc07g062600.3,transposed,Unclassified,Solyc09g065340.3,0.731035,3.54859,0.206007,6.67024e-17
22561,Solyc07g062605.1,transposed,TE-like,Solyc09g076010.3,0.949594,4.47486,0.212206,5.83058e-28
22562,Solyc07g062620.3,transposed,TE-like,Solyc10g005640.3,0.25923,3.1492,0.0823162,3.70056e-57
22563,Solyc07g062710.3,transposed,Unmethylated,Solyc07g053450.3,0.293456,3.75623,0.0781253,1.42876e-50
22564,Solyc07g062760.2,transposed,TE-like,Solyc06g074980.3,0.846809,4.59568,0.184262,6.66153e-72
22565,Solyc07g062810.3,transposed,TE-like,Solyc01g098700.3,0.902063,4.0469,0.222902,1.21056e-16
22566,Solyc07g062840.3,transposed,Unclassified,Solyc02g088180.3,0.393404,3.91703,0.100434,1.41952e-54
22567,Solyc07g062940.3,transposed,TE-like,Solyc08g081210.3,0.739286,4.1977,0.176117,7.76205e-38
22568,Solyc07g062950.3,transposed,TE-like,Solyc05g005810.3,0.646059,3.9283,0.164463,7.64053e-23
22569,Solyc07g062970.3,transposed,gbM,Solyc01g105280.3,0.301829,3.79881,0.0794535,0
22570,Solyc07g062980.3,transposed,Unclassified,Solyc10g078700.2,0.528029,3.23953,0.162996,3.80139e-15
22571,Solyc07g063010.3,transposed,Unclassified,Solyc08g068390.3,0.721486,3.91694,0.184196,1.02104e-15
22572,Solyc07g063070.1,transposed,Unmethylated,Solyc03g117500.1,0.580937,2.69707,0.215395,4.17823e-09
22573,Solyc07g063150.3,transposed,TE-like,Solyc03g006430.3,0.286395,4.40382,0.0650334,4.81945e-90
22574,Solyc07g063180.3,transposed,Unmethylated,Solyc03g113540.3,0.607346,3.38053,0.17966,3.25341e-12
22575,Solyc07g063210.3,transposed,TE-like,Solyc04g081870.3,0.418174,3.73511,0.111957,1.038e-24
22576,Solyc07g063950.3,transposed,gbM,Solyc02g089290.3,0.391225,4.21031,0.0929209,5.56615e-71
22577,Solyc07g064240.3,transposed,TE-like,Solyc10g007070.3,0.621489,3.40771,0.182378,6.72851e-17
22578,Solyc07g064250.3,transposed,TE-like,Solyc04g072910.3,0.703771,4.01337,0.175357,1.11211e-30
22579,Solyc07g064260.2,transposed,gbM,Solyc09g009920.1,0.733062,4.02261,0.182235,1.36569e-31
22580,Solyc07g064390.1,transposed,TE-like,Solyc12g005190.2,0.525054,3.88945,0.134995,1.49934e-29
22581,Solyc07g064540.2,transposed,TE-like,Solyc03g095680.2,0.0261373,0.0404639,0.645941,0.197049
22582,Solyc07g064550.3,transposed,TE-like,Solyc03g121950.3,0.999471,4.26453,0.234368,1.56195e-21
22583,Solyc07g064660.1,transposed,TE-like,Solyc04g079960.1,0.713787,3.92567,0.181826,4.25287e-16
22584,Solyc07g064670.3,transposed,TE-like,Solyc07g052320.3,0.129623,2.85382,0.0454208,1.55508e-84
22585,Solyc07g064700.3,transposed,TE-like,Solyc04g082530.3,0.645337,4.28887,0.150468,2.13613e-40
22586,Solyc07g064750.1,transposed,gbM,Solyc05g005800.3,0.471321,1.63556,0.288172,1.92848e-12
22587,Solyc07g064800.3,transposed,gbM,Solyc11g007720.2,0.713389,4.23426,0.16848,2.47058e-34
22588,Solyc07g064830.3,transposed,TE-like,Solyc04g082400.3,0.576096,4.57413,0.125946,7.67632e-106
22589,Solyc07g064870.3,transposed,TE-like,Solyc08g082250.3,0.35036,4.32747,0.0809617,2.31453e-97
22590,Solyc07g064880.3,transposed,Unclassified,Solyc12g006010.2,0.125066,3.10125,0.0403275,6.3923e-26
22591,Solyc07g064920.3,transposed,Unclassified,Solyc08g005590.3,0.636016,1.34357,0.473379,0.0235259
22592,Solyc07g064960.2,transposed,TE-like,Solyc03g005410.3,0.157541,1.61069,0.0978094,9.09105e-58
22593,Solyc07g065080.4,transposed,TE-like,Solyc12g005920.2,0.143118,2.40473,0.0595153,1.02448e-125
22594,Solyc07g065090.2,transposed,Unmethylated,Solyc01g086920.3,0.719713,4.04965,0.177722,1.28556e-24
22595,Solyc07g065240.2,transposed,gbM,Solyc05g009100.3,0.655769,4.41072,0.148676,5.26991e-42
22596,Solyc07g065250.3,transposed,Unclassified,Solyc07g047990.1,0.199235,2.89607,0.0687947,5.56535e-48
22597,Solyc07g065290.3,transposed,gbM,Solyc07g047940.3,0.455681,4.27142,0.106681,1.61276e-89
22598,Solyc07g065300.2,transposed,TE-like,Solyc10g079300.2,0.794477,4.78245,0.166124,2.73457e-40
22599,Solyc07g065320.3,transposed,TE-like,Solyc03g007530.3,0.526767,5.12072,0.10287,7.48035e-159
22600,Solyc07g065380.4,transposed,Unclassified,Solyc06g005620.3,0.265711,3.95687,0.0671518,3.65705e-79
22601,Solyc07g065410.1,transposed,TE-like,Solyc05g050250.1,0.507168,2.91565,0.173947,7.56196e-11
22602,Solyc07g065420.1,transposed,gbM,Solyc05g051760.2,0.331373,3.75066,0.0883505,1.79692e-57
22603,Solyc07g065440.3,transposed,TE-like,Solyc06g008940.3,0.449499,3.25134,0.138251,3.22752e-14
22604,Solyc07g065500.2,transposed,Unclassified,Solyc09g007290.3,0.339437,3.37322,0.100627,3.99088e-39
22605,Solyc07g065560.2,transposed,Unclassified,Solyc06g005390.1,0.482794,1.52398,0.316799,1.31301e-05
22606,Solyc07g065630.3,transposed,TE-like,Solyc04g076620.3,0.50509,5.78194,0.0873566,0
22607,Solyc07g065780.2,transposed,gbM,Solyc01g006720.3,0.579605,2.37466,0.244078,3.32096e-24
22608,Solyc07g065860.3,transposed,gbM,Solyc04g064940.3,0.463815,4.86493,0.0953386,1.15383e-165
22609,Solyc07g066050.3,transposed,TE-like,Solyc07g066540.1,0.631339,1.65253,0.382043,2.69134e-07
22610,Solyc07g066080.3,transposed,Unclassified,Solyc10g011740.3,0.0466658,3.36599,0.0138639,0
22611,Solyc07g066230.3,transposed,gbM,Solyc04g051510.1,0.470029,4.94315,0.095087,7.90878e-154
22612,Solyc07g066240.3,transposed,gbM,Solyc07g008250.3,0.972582,4.41805,0.220138,1.231e-22
22613,Solyc07g066270.3,transposed,Unclassified,Solyc03g082580.3,0.0357247,0.144519,0.247197,6.91969e-06
22614,Solyc07g066430.3,transposed,TE-like,Solyc04g080900.3,0.826849,2.58609,0.319729,3.78942e-09
22615,Solyc07g066560.1,transposed,Unmethylated,Solyc01g110560.3,0.754913,3.30149,0.228658,3.70774e-12
22616,Solyc07g066630.3,transposed,Unclassified,Solyc01g098850.3,0.775779,2.6337,0.294558,7.15334e-10
22617,Solyc07g066660.3,transposed,TE-like,Solyc12g094600.2,0.631999,4.21489,0.149944,1.43171e-48
22618,Solyc07g066675.1,transposed,TE-like,Solyc06g084240.2,0.714651,4.27753,0.167071,1.82145e-24
22619,Solyc08g005000.3,transposed,gbM,Solyc12g008580.2,0.555656,4.32765,0.128397,3.05429e-47
22620,Solyc08g005260.2,transposed,TE-like,Solyc08g076400.3,0.246189,2.49873,0.0985253,1.50161e-26
22621,Solyc08g005290.3,transposed,TE-like,Solyc08g076100.3,0.094639,0.546513,0.173169,9.40851e-26
22622,Solyc08g005400.3,transposed,TE-like,Solyc01g006100.3,0.625206,4.16031,0.150279,1.71414e-35
22623,Solyc08g005405.1,transposed,TE-like,Solyc01g006100.3,0.317846,4.28632,0.0741535,4.80161e-99
22624,Solyc08g005510.2,transposed,gbM,Solyc01g008800.2,0.216408,0.485483,0.445757,2.36565e-18
22625,Solyc08g005620.3,transposed,Unmethylated,Solyc01g107370.3,0.251277,1.66486,0.15093,6.32457e-11
22626,Solyc08g005800.3,transposed,TE-like,Solyc08g075020.3,0.184497,0.882627,0.209032,4.24444e-23
22627,Solyc08g005880.3,transposed,TE-like,Solyc04g074840.3,0.449245,4.37761,0.102623,2.44003e-47
22628,Solyc08g006025.1,transposed,TE-like,Solyc08g074300.3,0.0882627,1.23186,0.0716502,3.79025e-08
22629,Solyc08g006080.1,transposed,Unmethylated,Solyc05g055420.3,0.970732,3.90891,0.248339,2.4786e-29
22630,Solyc08g006090.3,transposed,Unclassified,Solyc02g092380.3,0.45934,3.51565,0.130656,1.52686e-25
22631,Solyc08g006145.1,transposed,TE-like,Solyc08g069180.3,0.099461,1.0957,0.0907737,1.37244e-46
22632,Solyc08g006170.1,transposed,TE-like,Solyc09g010450.1,0.847623,4.16225,0.203646,3.4813e-39
22633,Solyc08g006180.3,transposed,gbM,Solyc04g082060.3,0.685017,3.72269,0.184012,1.34565e-19
22634,Solyc08g006310.3,transposed,TE-like,Solyc12g088240.2,0.233462,4.56246,0.0511703,3.22442e-145
22635,Solyc08g006430.3,transposed,TE-like,Solyc01g099810.3,0.627889,3.56481,0.176135,4.79623e-17
22636,Solyc08g006510.3,transposed,TE-like,Solyc08g076450.3,0.58971,3.92638,0.150192,3.32326e-40
22637,Solyc08g006540.3,transposed,TE-like,Solyc04g054510.3,0.49977,3.61424,0.138278,1.10259e-24
22638,Solyc08g006550.3,transposed,TE-like,Solyc10g086660.2,0.254709,4.34706,0.0585933,1.01463e-92
22639,Solyc08g006590.2,transposed,Unclassified,Solyc06g053360.3,0.49936,3.73413,0.133729,5.29246e-36
22640,Solyc08g006605.1,transposed,TE-like,Solyc01g106050.3,0.193333,4.24941,0.0454965,5.00757e-143
22641,Solyc08g006690.1,transposed,Unclassified,Solyc03g083720.1,0.716745,3.53418,0.202803,3.84523e-09
22642,Solyc08g006720.3,transposed,TE-like,Solyc08g080940.3,0.348243,3.70515,0.093989,5.97813e-47
22643,Solyc08g006820.3,transposed,gbM,Solyc03g121570.3,0.186879,4.58801,0.0407321,5.41439e-140
22644,Solyc08g006830.3,transposed,TE-like,Solyc10g050160.2,0.559734,3.78208,0.147996,3.35815e-20
22645,Solyc08g006870.3,transposed,TE-like,Solyc01g107180.3,0.444476,4.4676,0.0994886,1.8595e-82
22646,Solyc08g006880.3,transposed,TE-like,Solyc09g075020.3,0.740789,5.17967,0.143019,2.32078e-84
22647,Solyc08g006890.3,transposed,gbM,Solyc04g077020.3,0.0087653,0.716628,0.0122313,4.69621e-84
22648,Solyc08g006910.3,transposed,TE-like,Solyc06g083460.3,0.615719,4.10889,0.149851,7.5721e-21
22649,Solyc08g007010.3,transposed,TE-like,Solyc02g080440.3,0.875502,4.16435,0.210237,3.84242e-24
22650,Solyc08g007150.1,transposed,Unclassified,Solyc05g006230.1,0.34136,4.05962,0.0840866,3.10739e-39
22651,Solyc08g007330.3,transposed,TE-like,Solyc03g025890.2,0.858537,4.59845,0.186702,7.15392e-57
22652,Solyc08g008170.3,transposed,Unclassified,Solyc11g064900.2,0.211518,4.26946,0.0495421,0
22653,Solyc08g008320.3,transposed,TE-like,Solyc08g082280.3,0.327246,1.83578,0.17826,1.48963e-21
22654,Solyc08g008400.1,transposed,Unclassified,Solyc08g082670.3,0.420976,1.64485,0.255936,3.94213e-05
22655,Solyc08g008405.1,transposed,NA,Solyc08g082670.3,0.304403,0.525764,0.578972,0.0870825
22656,Solyc08g008445.1,transposed,Unmethylated,Solyc06g071910.3,0.751848,3.12998,0.240209,5.5366e-12
22657,Solyc08g008455.1,transposed,gbM,Solyc03g114320.3,0.192089,4.2264,0.0454497,5.08433e-90
22658,Solyc08g008520.3,transposed,Unclassified,Solyc03g082740.3,0.0964007,3.07444,0.0313555,7.76282e-40
22659,Solyc08g008620.3,transposed,TE-like,Solyc02g090210.3,0.483988,4.00943,0.120712,3.37465e-44
22660,Solyc08g008650.1,transposed,gbM,Solyc09g005920.3,0.228723,3.63618,0.062902,6.18676e-42
22661,Solyc08g013730.3,transposed,TE-like,Solyc03g005980.3,0.505704,4.00562,0.126249,6.73792e-31
22662,Solyc08g013740.3,transposed,TE-like,Solyc06g035790.3,0.271686,4.41951,0.0614743,5.90483e-115
22663,Solyc08g013830.1,transposed,TE-like,Solyc03g097500.3,0.652135,4.19336,0.155516,2.4424e-30
22664,Solyc08g013840.3,transposed,TE-like,Solyc08g077350.3,0.245614,2.6399,0.093039,1.90979e-33
22665,Solyc08g013845.1,transposed,gbM,Solyc11g007370.2,0.241199,1.18274,0.203933,1.96146e-21
22666,Solyc08g013850.1,transposed,TE-like,Solyc09g065710.1,0.673501,4.61933,0.145801,4.32858e-61
22667,Solyc08g013860.3,transposed,TE-like,Solyc01g094200.3,0.261056,4.49601,0.0580639,1.80067e-106
22668,Solyc08g013940.3,transposed,TE-like,Solyc04g080170.3,0.737454,3.99605,0.184546,3.9292e-84
22669,Solyc08g014030.1,transposed,TE-like,Solyc02g092370.1,0.341191,4.10973,0.0830202,2.97667e-78
22670,Solyc08g014050.2,transposed,TE-like,Solyc12g098590.2,0.526708,4.11478,0.128004,2.1645e-44
22671,Solyc08g014080.3,transposed,Unclassified,Solyc01g010880.3,0.552442,3.78789,0.145844,3.44931e-33
22672,Solyc08g014120.3,transposed,TE-like,Solyc06g066580.3,0.471899,3.44664,0.136916,5.417e-22
22673,Solyc08g014310.3,transposed,Unclassified,Solyc04g026030.3,0.214423,3.94552,0.054346,6.37384e-50
22674,Solyc08g014360.2,transposed,TE-like,Solyc02g030480.3,0.218933,1.17498,0.186329,1.01109e-25
22675,Solyc08g014380.2,transposed,TE-like,Solyc08g005790.3,0.437156,2.44078,0.179106,1.58148e-25
22676,Solyc08g014425.1,transposed,TE-like,Solyc12g019460.2,0.470659,2.0437,0.230297,9.5953e-11
22677,Solyc08g014430.3,transposed,TE-like,Solyc03g044060.3,0.476675,4.61665,0.103251,4.33147e-97
22678,Solyc08g014510.3,transposed,gbM,Solyc01g099230.3,0.580915,4.13954,0.140333,1.23724e-57
22679,Solyc08g014610.3,transposed,TE-like,Solyc07g043310.3,0.154999,1.18482,0.130821,4.35299e-41
22680,Solyc08g015845.1,transposed,TE-like,Solyc12g088830.2,0.222807,0.404554,0.550747,0.00551138
22681,Solyc08g015960.3,transposed,TE-like,Solyc06g048610.3,0.756805,3.87064,0.195524,4.02652e-17
22682,Solyc08g016000.1,transposed,TE-like,Solyc11g021300.1,0.0730737,0.0390893,1.86941,0.330405
22683,Solyc08g016010.3,transposed,TE-like,Solyc09g092400.2,0.35323,2.50622,0.140941,2.52788e-40
22684,Solyc08g016080.3,transposed,TE-like,Solyc02g072160.3,0.841141,4.35606,0.193097,6.70845e-31
22685,Solyc08g016160.3,transposed,TE-like,Solyc08g081810.3,0.597973,4.79069,0.12482,1.22763e-55
22686,Solyc08g016260.1,transposed,TE-like,Solyc12g098590.2,0.56629,3.2767,0.172823,0
22687,Solyc08g016340.1,transposed,TE-like,Solyc03g032150.3,0.274843,2.3241,0.118258,0.000156375
22688,Solyc08g016350.1,transposed,TE-like,Solyc09g074140.2,0.127798,0.39252,0.325582,0.0169086
22689,Solyc08g016360.1,transposed,TE-like,Solyc09g074140.2,0.300871,0.395339,0.761045,0.569986
22690,Solyc08g016370.1,transposed,TE-like,Solyc06g008900.3,0.335112,1.03542,0.323648,2.69482e-05
22691,Solyc08g016620.3,transposed,Unclassified,Solyc03g006430.3,0.645035,4.11621,0.156706,2.20626e-39
22692,Solyc08g016720.1,transposed,Unclassified,Solyc01g087250.3,0.603541,4.33725,0.139153,1.79304e-50
22693,Solyc08g016730.1,transposed,TE-like,Solyc12g009340.2,0.172574,0.248725,0.693834,0.342301
22694,Solyc08g016740.1,transposed,TE-like,Solyc07g042680.3,0.159264,0.434421,0.366612,0.0512265
22695,Solyc08g016750.3,transposed,gbM,Solyc06g072580.3,0.556335,4.15578,0.13387,9.11744e-30
22696,Solyc08g021820.3,transposed,Unmethylated,Solyc03g120500.3,0.70497,3.46205,0.203628,1.13796e-30
22697,Solyc08g021940.2,transposed,TE-like,Solyc07g007680.3,0.192017,3.93176,0.0488376,2.58078e-65
22698,Solyc08g022050.2,transposed,TE-like,Solyc08g082250.3,0.167752,0.271796,0.617197,0.0841952
22699,Solyc08g022070.3,transposed,TE-like,Solyc04g082120.3,0.12043,0.971926,0.123909,2.1519e-70
22700,Solyc08g022080.3,transposed,TE-like,Solyc01g097330.3,0.101376,1.50266,0.067464,1.3201e-20
22701,Solyc08g023360.2,transposed,TE-like,Solyc08g005080.1,0.317161,0.682212,0.464901,0.000170261
22702,Solyc08g023440.3,transposed,gbM,Solyc08g076310.3,0.730088,2.36384,0.308857,9.33072e-25
22703,Solyc08g023493.1,transposed,TE-like,Solyc09g082780.3,0.0700517,0.235111,0.297952,0.00063584
22704,Solyc08g023630.3,transposed,Unmethylated,Solyc06g066010.3,0.324535,0.920374,0.352612,9.33711e-07
22705,Solyc08g028690.3,transposed,Unclassified,Solyc04g071940.3,0.410286,3.84947,0.106582,7.81378e-39
22706,Solyc08g028770.1,transposed,TE-like,Solyc03g121360.1,0.0780418,0.110747,0.704687,0.573046
22707,Solyc08g028780.1,transposed,Unmethylated,Solyc09g075960.1,0.53879,3.81413,0.141262,4.99816e-37
22708,Solyc08g028880.2,transposed,gbM,Solyc07g021280.1,0.134632,0.196506,0.68513,0.285907
22709,Solyc08g028990.1,transposed,Unmethylated,Solyc01g099370.3,0.344601,3.75144,0.0918582,6.07964e-38
22710,Solyc08g029050.3,transposed,gbM,Solyc03g116750.3,0.442359,4.93278,0.0896773,1.36892e-116
22711,Solyc08g029160.1,transposed,Unmethylated,Solyc06g035870.3,0.353804,2.96599,0.119287,0
22712,Solyc08g029170.3,transposed,TE-like,Solyc07g052320.3,0.624332,4.07464,0.153224,3.87052e-22
22713,Solyc08g029190.3,transposed,TE-like,Solyc02g081200.1,0.452124,4.43976,0.101835,1.74324e-91
22714,Solyc08g029200.3,transposed,TE-like,Solyc02g094390.3,0.746458,3.93598,0.18965,7.30873e-20
22715,Solyc08g029220.2,transposed,TE-like,Solyc01g067780.1,0.534323,4.57351,0.11683,4.9562e-79
22716,Solyc08g029400.2,transposed,TE-like,Solyc02g011920.1,0.165505,0.188685,0.87715,0.693103
22717,Solyc08g036440.2,transposed,TE-like,Solyc03g097500.3,0.402404,0.79386,0.506895,0.040118
22718,Solyc08g036570.1,transposed,Unmethylated,Solyc01g009890.1,0.474957,2.15382,0.220519,9.34858e-10
22719,Solyc08g036590.1,transposed,TE-like,Solyc03g083320.3,0.293024,1.8478,0.15858,4.95193e-22
22720,Solyc08g036610.2,transposed,Unclassified,Solyc09g082790.3,0.208602,0.509519,0.409409,0.0808905
22721,Solyc08g041670.2,transposed,TE-like,Solyc05g010360.1,0.607113,4.11891,0.147396,4.388e-35
22722,Solyc08g041710.3,transposed,TE-like,Solyc06g065870.3,0.180629,0.938459,0.192474,1.04088e-36
22723,Solyc08g041820.3,transposed,Unclassified,Solyc07g007120.3,0.187479,4.04048,0.0464001,4.09494e-74
22724,Solyc08g041855.1,transposed,Unclassified,Solyc07g017770.3,0.503368,3.97122,0.126754,2.49314e-31
22725,Solyc08g041860.1,transposed,Unmethylated,Solyc01g080500.2,0.546359,3.50842,0.155728,1.28031e-27
22726,Solyc08g041870.3,transposed,gbM,Solyc08g068330.3,0.446094,4.2632,0.104638,3.46181e-67
22727,Solyc08g042000.3,transposed,TE-like,Solyc03g098290.3,0.890669,4.61527,0.192983,1.66971e-27
22728,Solyc08g042010.3,transposed,Unclassified,Solyc09g008720.2,0.410875,4.20526,0.097705,2.20978e-53
22729,Solyc08g042020.1,transposed,TE-like,Solyc09g075060.3,0.278334,1.01003,0.27557,1.33982e-09
22730,Solyc08g042030.2,transposed,TE-like,Solyc10g054080.2,1.03921,4.48398,0.231761,1.01974e-22
22731,Solyc08g042050.3,transposed,TE-like,Solyc07g044760.3,0.471654,4.45676,0.105829,1.23752e-94
22732,Solyc08g042100.3,transposed,Unclassified,Solyc02g076930.2,0.813262,1.97234,0.412334,1.67268e-10
22733,Solyc08g043140.3,transposed,TE-like,Solyc02g091520.3,0.457263,3.53581,0.129323,3.12388e-18
22734,Solyc08g044250.1,transposed,TE-like,NA,NA,NA,NA,NA
22735,Solyc08g044270.3,transposed,Unmethylated,Solyc03g083440.3,0.0332296,0.0323543,1.02705,0.99107
22736,Solyc08g044340.1,transposed,Unclassified,Solyc02g082480.3,0.0374097,0.0276902,1.35101,0.782839
22737,Solyc08g044380.2,transposed,Unclassified,Solyc04g077140.3,0.515256,4.30957,0.119561,8.59217e-35
22738,Solyc08g044510.3,transposed,TE-like,Solyc01g074030.3,0.37567,4.27372,0.0879022,2.65705e-61
22739,Solyc08g045740.2,transposed,TE-like,Solyc06g068090.3,0.347962,3.93344,0.0884626,2.4847e-70
22740,Solyc08g045780.3,transposed,TE-like,Solyc12g098990.2,0.63149,4.23458,0.149127,2.34613e-36
22741,Solyc08g048070.1,transposed,TE-like,Solyc10g086510.2,0.109502,0.0732186,1.49555,0.608282
22742,Solyc08g048230.1,transposed,TE-like,Solyc02g011920.1,0.265069,1.13342,0.233866,0.000171305
22743,Solyc08g048250.3,transposed,TE-like,Solyc07g056540.3,0.115078,2.12128,0.0542495,7.16521e-82
22744,Solyc08g048410.2,transposed,TE-like,Solyc08g005080.1,0.313471,0.752248,0.416712,0.000307361
22745,Solyc08g059690.1,transposed,TE-like,Solyc01g094460.3,0.576294,3.53611,0.162974,6.20985e-13
22746,Solyc08g059710.3,transposed,TE-like,Solyc01g006890.3,0.558061,4.39316,0.127029,2.05372e-36
22747,Solyc08g060940.1,transposed,Unmethylated,Solyc02g088900.3,0.506871,4.08057,0.124216,1.96683e-33
22748,Solyc08g060950.2,transposed,TE-like,Solyc10g084860.1,0.60202,4.29126,0.14029,7.90787e-41
22749,Solyc08g060970.3,transposed,Unclassified,Solyc06g068040.3,0.555598,4.0174,0.138298,1.45112e-38
22750,Solyc08g061000.3,transposed,TE-like,Solyc01g094350.3,0.655916,4.15788,0.157753,1.52981e-35
22751,Solyc08g061010.3,transposed,TE-like,Solyc08g007430.2,0.358051,4.41015,0.0811879,1.55773e-88
22752,Solyc08g061090.3,transposed,gbM,Solyc03g123990.3,0.669857,4.08375,0.16403,1.04316e-24
22753,Solyc08g061100.3,transposed,TE-like,Solyc07g005840.2,0.214346,4.83971,0.044289,4.90961e-261
22754,Solyc08g061180.1,transposed,TE-like,Solyc09g010450.1,0.0247566,0.0457712,0.540876,0.112381
22755,Solyc08g061220.3,transposed,TE-like,Solyc08g076160.3,0.631821,4.15927,0.151907,8.14394e-29
22756,Solyc08g061250.3,transposed,gbM,Solyc07g041940.3,0.283826,4.17682,0.0679527,6.26972e-60
22757,Solyc08g061270.1,transposed,Unmethylated,Solyc03g122300.2,0.317748,1.62185,0.195917,1.26896e-10
22758,Solyc08g061490.3,transposed,Unmethylated,Solyc07g041830.3,0.553996,3.51144,0.157769,4.82196e-36
22759,Solyc08g061510.2,transposed,TE-like,Solyc07g041150.3,0.19077,2.89908,0.0658035,6.31283e-25
22760,Solyc08g061520.3,transposed,TE-like,Solyc06g008530.2,0.243632,4.19331,0.0581002,1.55899e-128
22761,Solyc08g061660.1,transposed,TE-like,Solyc08g081840.3,0.27019,0.704158,0.383707,0.0128417
22762,Solyc08g061670.2,transposed,TE-like,Solyc01g095400.3,0.361635,3.48207,0.103856,8.36377e-20
22763,Solyc08g061690.2,transposed,TE-like,Solyc11g063690.2,0.12916,0.143023,0.903071,0.756332
22764,Solyc08g061696.1,transposed,TE-like,Solyc11g063690.2,0.0416415,0.0695945,0.598345,0.45703
22765,Solyc08g061740.2,transposed,TE-like,Solyc11g061910.1,0.0821431,0.287236,0.285978,0.00401032
22766,Solyc08g061742.1,transposed,TE-like,Solyc11g063690.2,0.0230324,0.0578247,0.398314,0.132886
22767,Solyc08g061748.1,transposed,TE-like,Solyc11g018857.1,0.162118,0.235059,0.689688,0.0147375
22768,Solyc08g061770.1,transposed,TE-like,Solyc08g061760.2,0.0790568,0.0987749,0.800374,0.736781
22769,Solyc08g061771.1,transposed,TE-like,Solyc11g061818.1,0.0714259,0.0601998,1.18648,0.826903
22770,Solyc08g061772.1,transposed,TE-like,Solyc11g061818.1,0.145946,0.220095,0.663104,0.225187
22771,Solyc08g061773.1,transposed,TE-like,Solyc11g018857.1,0.143316,0.616613,0.232425,1.67386e-08
22772,Solyc08g061774.1,transposed,TE-like,Solyc11g061818.1,0.0792606,0.0481146,1.64733,0.38461
22773,Solyc08g061776.1,transposed,TE-like,Solyc11g063690.2,0.0845972,0.0953105,0.887596,0.70151
22774,Solyc08g061790.2,transposed,Unclassified,Solyc11g061910.1,0.0651694,0.144323,0.451552,0.303493
22775,Solyc08g061850.3,transposed,Unclassified,Solyc08g061960.3,NA,0.144547,0,NA
22776,Solyc08g062275.1,transposed,TE-like,Solyc08g016170.3,0.0871057,0.180482,0.482627,0.074253
22777,Solyc08g062280.2,transposed,TE-like,Solyc03g006980.3,0.203852,0.451577,0.451422,0.00178601
22778,Solyc08g062340.3,transposed,Unmethylated,Solyc06g076520.1,0.50189,3.36887,0.148979,6.07565e-13
22779,Solyc08g062450.1,transposed,Unmethylated,Solyc06g076520.1,0.455711,3.33783,0.136529,3.81639e-19
22780,Solyc08g062490.3,transposed,Unclassified,Solyc04g051690.3,0.388754,3.42845,0.113391,2.01124e-15
22781,Solyc08g062570.1,transposed,TE-like,Solyc12g062730.2,0.0533361,0.123046,0.433466,0.0948472
22782,Solyc08g062580.1,transposed,TE-like,Solyc12g062720.2,0.0374518,0.0427925,0.875194,0.740205
22783,Solyc08g062650.2,transposed,TE-like,Solyc03g121880.3,0.430363,4.18465,0.102843,6.09339e-41
22784,Solyc08g062670.3,transposed,TE-like,Solyc06g008330.2,0.213363,4.22628,0.0504847,1.0562e-148
22785,Solyc08g062700.3,transposed,TE-like,Solyc02g092380.3,0.69489,3.82225,0.181801,1.33886e-21
22786,Solyc08g062780.2,transposed,gbM,Solyc03g118310.3,0.795861,4.19905,0.189534,6.97445e-36
22787,Solyc08g062965.1,transposed,TE-like,Solyc06g062360.3,0.283708,0.683858,0.414863,0.0222905
22788,Solyc08g062990.1,transposed,TE-like,Solyc10g078390.2,0.0521311,0.113408,0.459676,0.0770652
22789,Solyc08g063050.3,transposed,TE-like,Solyc04g082250.3,0.602629,4.56983,0.131871,1.42533e-43
22790,Solyc08g063090.2,transposed,Unclassified,Solyc05g050090.3,0.197025,4.06251,0.0484984,3.25207e-99
22791,Solyc08g063130.3,transposed,TE-like,Solyc06g060880.3,0.619464,4.05333,0.152828,7.3346e-33
22792,Solyc08g065250.3,transposed,TE-like,Solyc10g083610.2,0.482537,4.4617,0.108151,1.0117e-76
22793,Solyc08g065330.3,transposed,TE-like,Solyc07g065820.3,0.295176,3.75762,0.078554,4.43856e-37
22794,Solyc08g065350.3,transposed,TE-like,Solyc03g112410.2,0.889321,3.98134,0.223372,2.87452e-25
22795,Solyc08g065360.3,transposed,TE-like,Solyc03g007040.3,0.231057,4.54765,0.0508079,2.4356e-102
22796,Solyc08g065380.3,transposed,Unmethylated,Solyc12g044610.2,0.535943,3.70768,0.144549,0
22797,Solyc08g065420.3,transposed,gbM,Solyc11g068950.2,0.748586,4.21437,0.177627,1.67188e-40
22798,Solyc08g065820.2,transposed,TE-like,Solyc03g083245.1,0.46798,4.26771,0.109656,3.77583e-96
22799,Solyc08g065860.3,transposed,gbM,Solyc03g121280.3,0.204865,4.06628,0.0503814,6.39576e-59
22800,Solyc08g065880.3,transposed,TE-like,Solyc03g121250.3,0.191154,2.05127,0.0931881,1.12704e-46
22801,Solyc08g065910.1,transposed,TE-like,Solyc12g008670.2,0.423031,3.4802,0.121554,2.79936e-24
22802,Solyc08g065970.3,transposed,TE-like,Solyc09g008040.3,0.901621,4.37009,0.206316,3.06906e-22
22803,Solyc08g066020.2,transposed,TE-like,Solyc03g098220.3,0.854347,4.29998,0.198686,1.9277e-24
22804,Solyc08g066070.1,transposed,Unclassified,Solyc03g111320.1,0.567636,4.43724,0.127925,7.57494e-62
22805,Solyc08g066530.3,transposed,TE-like,Solyc03g093470.3,0.471612,3.853,0.122401,1.93549e-39
22806,Solyc08g066740.3,transposed,gbM,Solyc12g013900.2,0.569929,3.48226,0.163666,3.28326e-25
22807,Solyc08g066840.3,transposed,Unclassified,Solyc10g083880.2,0.349513,1.8592,0.187991,4.32774e-23
22808,Solyc08g066860.2,transposed,gbM,Solyc09g082580.3,0.47091,4.19126,0.112355,7.46189e-58
22809,Solyc08g066920.2,transposed,TE-like,Solyc07g063590.3,0.372461,1.62249,0.229561,1.22154e-14
22810,Solyc08g066950.3,transposed,TE-like,Solyc01g067890.3,0.361805,4.64055,0.0779659,3.17529e-110
22811,Solyc08g066960.3,transposed,gbM,Solyc01g079150.3,0.319455,4.59248,0.0695605,4.43829e-105
22812,Solyc08g066980.3,transposed,TE-like,Solyc07g007990.3,0.221953,2.41905,0.0917523,4.20156e-35
22813,Solyc08g066990.3,transposed,Unclassified,Solyc02g070530.3,0.420038,4.57013,0.0919094,1.5081e-80
22814,Solyc08g067030.3,transposed,Unclassified,Solyc06g067910.3,0.26268,4.12509,0.0636786,1.28419e-61
22815,Solyc08g067050.3,transposed,gbM,Solyc04g008860.3,0.619481,4.00924,0.154513,2.63892e-23
22816,Solyc08g067080.2,transposed,TE-like,Solyc01g097370.1,0.242917,2.53459,0.0958408,2.87629e-71
22817,Solyc08g067090.3,transposed,TE-like,Solyc02g090480.3,0.674215,3.93298,0.171426,2.6731e-19
22818,Solyc08g067100.2,transposed,Unmethylated,Solyc03g117690.3,0.626991,4.23269,0.148131,1.12725e-49
22819,Solyc08g067160.3,transposed,gbM,Solyc06g067950.3,0.183749,3.89339,0.0471952,5.83243e-54
22820,Solyc08g067170.2,transposed,TE-like,Solyc11g067170.2,0.71335,1.41466,0.504256,1.21704e-05
22821,Solyc08g067230.3,transposed,Unclassified,Solyc02g084630.3,0.620897,3.5795,0.173459,6.1682e-14
22822,Solyc08g067250.3,transposed,TE-like,Solyc07g053210.3,0.735688,3.95022,0.18624,5.19385e-22
22823,Solyc08g067260.3,transposed,TE-like,Solyc09g083050.3,0.35258,4.29665,0.0820592,1.74846e-97
22824,Solyc08g067290.3,transposed,gbM,Solyc03g098590.3,0.735095,3.78557,0.194184,2.23757e-20
22825,Solyc08g067300.1,transposed,Unclassified,Solyc05g015520.3,0.802557,4.07731,0.196835,1.62623e-18
22826,Solyc08g067310.1,transposed,Unclassified,Solyc12g010130.1,0.33551,4.19521,0.0799744,8.79506e-63
22827,Solyc08g067320.2,transposed,Unmethylated,Solyc03g005760.1,0.124998,0.990867,0.12615,1.23816e-15
22828,Solyc08g067330.1,transposed,Unmethylated,Solyc03g005760.1,0.105428,0.784373,0.134411,2.35057e-10
22829,Solyc08g067410.2,transposed,Unclassified,Solyc09g083050.3,0.15259,4.27274,0.0357124,7.56903e-181
22830,Solyc08g067440.2,transposed,Unclassified,Solyc03g097140.3,0.834064,3.48339,0.23944,5.83798e-14
22831,Solyc08g067450.1,transposed,Unclassified,Solyc08g005470.3,0.0868248,0.298375,0.290992,4.93486e-08
22832,Solyc08g067760.3,transposed,TE-like,Solyc02g082430.3,0.275883,4.4055,0.0626224,1.02042e-78
22833,Solyc08g067960.3,transposed,gbM,Solyc01g067360.3,0.321341,3.73357,0.086068,1.33221e-47
22834,Solyc08g067970.3,transposed,gbM,Solyc09g082210.3,0.520399,3.7454,0.138944,1.50552e-34
22835,Solyc08g067990.2,transposed,gbM,Solyc07g041970.3,0.224153,1.92802,0.116261,1.09093e-100
22836,Solyc08g068000.2,transposed,gbM,Solyc02g070530.3,0.452698,4.31122,0.105005,1.31537e-62
22837,Solyc08g068100.3,transposed,TE-like,Solyc01g090270.3,0.806876,4.55591,0.177105,5.13882e-57
22838,Solyc08g068120.2,transposed,TE-like,Solyc05g047520.3,0.998275,4.74841,0.210233,5.43633e-34
22839,Solyc08g068160.2,transposed,TE-like,Solyc09g091090.2,0.286314,4.12041,0.0694868,1.11541e-86
22840,Solyc08g068190.3,transposed,gbM,Solyc05g005700.3,0.104835,0.886136,0.118305,2.98925e-49
22841,Solyc08g068230.3,transposed,TE-like,Solyc01g107320.3,0.862197,4.09743,0.210424,4.5689e-17
22842,Solyc08g068240.2,transposed,gbM,Solyc05g013180.3,0.366987,1.72085,0.213259,1.70918e-57
22843,Solyc08g068360.1,transposed,TE-like,Solyc05g055070.3,0.22915,0.463325,0.494577,0.0135833
22844,Solyc08g068430.3,transposed,TE-like,Solyc04g076920.3,0.384089,4.18218,0.0918395,8.29864e-54
22845,Solyc08g068490.3,transposed,gbM,Solyc07g054580.3,0.0196018,0.0629558,0.311359,0.00355144
22846,Solyc08g068545.1,transposed,gbM,Solyc07g054630.3,0.0468353,0.126715,0.369611,0.00155825
22847,Solyc08g068760.1,transposed,TE-like,Solyc08g075950.2,0.445995,3.36885,0.132388,7.64372e-13
22848,Solyc08g068800.3,transposed,Unclassified,Solyc06g073460.3,0.593069,3.57521,0.165884,4.17004e-19
22849,Solyc08g068810.3,transposed,gbM,Solyc08g076910.3,0.7981,4.11344,0.194023,5.53055e-28
22850,Solyc08g068880.1,transposed,Unmethylated,Solyc06g053360.3,0.489129,3.93347,0.124351,3.93349e-48
22851,Solyc08g068920.3,transposed,TE-like,Solyc09g091580.3,0.716169,4.30415,0.16639,3.13637e-24
22852,Solyc08g068960.3,transposed,TE-like,Solyc05g015610.3,0.866912,4.71906,0.183704,5.76417e-44
22853,Solyc08g068990.2,transposed,Unclassified,Solyc07g006700.1,0.519406,3.38191,0.153584,1.57589e-29
22854,Solyc08g069020.1,transposed,TE-like,Solyc12g096400.2,0.351951,1.01853,0.345547,3.28708e-09
22855,Solyc08g069040.3,transposed,TE-like,Solyc03g044100.3,0.290459,3.97786,0.0730191,5.98316e-69
22856,Solyc08g069050.3,transposed,TE-like,Solyc04g076210.2,0.627812,4.47444,0.140311,3.22142e-66
22857,Solyc08g069065.1,transposed,gbM,Solyc07g052320.3,0.231156,4.00263,0.0577512,1.4292e-103
22858,Solyc08g069100.1,transposed,TE-like,Solyc04g077760.1,0.758219,4.60817,0.164538,4.58657e-26
22859,Solyc08g069110.3,transposed,TE-like,Solyc07g062130.3,0.154563,4.52125,0.0341859,7.0765e-177
22860,Solyc08g069120.3,transposed,TE-like,Solyc01g099810.3,0.666724,3.67317,0.181512,9.87129e-21
22861,Solyc08g069130.1,transposed,Unmethylated,Solyc04g082565.1,0.0121118,0.0135978,0.89072,0.857471
22862,Solyc08g069140.3,transposed,gbM,Solyc02g086990.3,0.251046,4.47984,0.056039,1.03426e-141
22863,Solyc08g069170.2,transposed,Unclassified,Solyc05g047570.2,0.384259,4.44823,0.0863847,8.04576e-98
22864,Solyc08g074270.3,transposed,TE-like,Solyc12g057040.2,0.971534,4.35312,0.223181,1.68044e-39
22865,Solyc08g074280.3,transposed,TE-like,Solyc04g054190.3,0.759693,4.41881,0.171922,3.75315e-29
22866,Solyc08g074290.3,transposed,TE-like,Solyc07g008970.3,0.526184,1.72533,0.304977,2.95712e-22
22867,Solyc08g074307.1,transposed,TE-like,Solyc02g069450.3,0.335306,0.621259,0.539719,0.00877785
22868,Solyc08g074495.1,transposed,Unmethylated,Solyc01g088800.3,0.470692,3.76907,0.124883,2.20736e-42
22869,Solyc08g074500.2,transposed,TE-like,Solyc09g066500.3,0.699919,4.29899,0.16281,1.94779e-41
22870,Solyc08g074550.3,transposed,TE-like,Solyc05g005800.3,0.0449187,0.436718,0.102855,2.44214e-49
22871,Solyc08g074560.3,transposed,TE-like,Solyc09g091580.3,0.789486,4.57414,0.172598,2.20314e-48
22872,Solyc08g074600.3,transposed,TE-like,Solyc01g100280.3,0.545812,3.67498,0.148521,8.07149e-29
22873,Solyc08g074715.1,transposed,TE-like,Solyc08g080950.1,0.152366,1.42906,0.10662,1.10495e-15
22874,Solyc08g074720.2,transposed,Unclassified,Solyc09g075210.3,0.493827,2.56307,0.192671,0.000646513
22875,Solyc08g074760.3,transposed,TE-like,Solyc04g072570.3,0.691842,4.45962,0.155135,8.14913e-51
22876,Solyc08g074960.3,transposed,Unclassified,Solyc01g081410.3,0.323649,4.48249,0.072203,3.27083e-74
22877,Solyc08g074980.3,transposed,TE-like,Solyc10g074710.2,0.3207,4.11286,0.0779749,5.14247e-96
22878,Solyc08g075310.3,transposed,TE-like,Solyc05g005780.3,0.998143,4.49869,0.221874,3.79158e-27
22879,Solyc08g075330.2,transposed,TE-like,Solyc01g098740.3,0.637566,3.60914,0.176653,8.69293e-19
22880,Solyc08g075350.2,transposed,TE-like,Solyc02g079260.2,0.76893,4.77188,0.161138,3.97698e-52
22881,Solyc08g075650.3,transposed,TE-like,Solyc07g005480.3,0.294926,4.35543,0.0677147,4.23597e-80
22882,Solyc08g075670.2,transposed,TE-like,Solyc12g010110.2,0.440703,4.29568,0.102592,1.64786e-67
22883,Solyc08g075880.3,transposed,Unclassified,Solyc02g091300.3,0.528942,3.21553,0.164496,0
22884,Solyc08g075910.1,transposed,TE-like,Solyc04g011610.2,0.755018,3.82335,0.197476,9.85994e-29
22885,Solyc08g075940.3,transposed,TE-like,Solyc10g078860.2,0.750043,4.88928,0.153406,1.02045e-80
22886,Solyc08g075970.3,transposed,Unclassified,Solyc01g006050.2,0.77126,3.89797,0.197862,5.17054e-13
22887,Solyc08g076010.3,transposed,TE-like,Solyc10g083340.2,0.54487,3.79973,0.143397,0
22888,Solyc08g076020.3,transposed,TE-like,Solyc03g117430.3,0.322944,4.19114,0.0770538,3.06344e-77
22889,Solyc08g076025.1,transposed,gbM,Solyc03g096880.3,0.65812,4.26352,0.154361,2.41816e-29
22890,Solyc08g076080.3,transposed,TE-like,Solyc01g005120.3,0.369584,3.94882,0.0935934,6.46623e-67
22891,Solyc08g076090.3,transposed,gbM,Solyc03g098000.3,0.470689,4.20093,0.112044,6.833e-47
22892,Solyc08g076230.1,transposed,TE-like,Solyc04g081170.3,0.645835,3.15173,0.204914,1.82311e-11
22893,Solyc08g076350.3,transposed,gbM,Solyc02g089320.3,0.487505,4.0909,0.119168,2.47376e-38
22894,Solyc08g076360.3,transposed,gbM,Solyc01g111830.3,1.00389,3.979,0.252298,1.91143e-17
22895,Solyc08g076370.3,transposed,TE-like,Solyc02g080260.3,0.423719,4.56569,0.0928052,2.69478e-113
22896,Solyc08g076380.2,transposed,TE-like,Solyc03g117720.3,0.423312,3.99284,0.106018,2.40686e-40
22897,Solyc08g076490.2,transposed,Unclassified,Solyc06g068510.1,0.713782,4.01603,0.177733,5.17192e-20
22898,Solyc08g076670.3,transposed,Unclassified,Solyc06g065400.3,0.333518,2.83584,0.117608,2.41414e-34
22899,Solyc08g076680.2,transposed,TE-like,Solyc09g010450.1,0.772626,4.56861,0.169116,6.5999e-38
22900,Solyc08g076730.3,transposed,Unmethylated,Solyc03g116670.3,0.603997,3.9922,0.151294,2.61937e-28
22901,Solyc08g076830.1,transposed,TE-like,Solyc04g074790.2,0.655294,3.8933,0.168313,2.39489e-22
22902,Solyc08g076840.3,transposed,Unclassified,Solyc04g074750.3,0.544378,3.89213,0.139866,9.12806e-38
22903,Solyc08g076850.3,transposed,TE-like,Solyc11g072480.2,0.49299,3.76177,0.131053,2.87209e-30
22904,Solyc08g077050.3,transposed,TE-like,Solyc04g009710.2,0.666993,3.32118,0.20083,1.92482e-16
22905,Solyc08g077240.3,transposed,TE-like,Solyc06g069870.3,0.214327,4.53478,0.0472629,9.66511e-103
22906,Solyc08g077470.3,transposed,TE-like,Solyc06g063345.1,0.163,0.789685,0.206412,8.58997e-12
22907,Solyc08g077550.3,transposed,TE-like,Solyc12g098950.2,0.18592,3.79646,0.0489718,4.71883e-79
22908,Solyc08g077620.1,transposed,Unclassified,Solyc10g086430.2,0.0430033,0.155119,0.277229,0.00206129
22909,Solyc08g077680.3,transposed,TE-like,Solyc09g082510.3,0.733592,4.43619,0.165366,8.04722e-48
22910,Solyc08g077860.3,transposed,gbM,Solyc07g008900.3,0.487416,4.72062,0.103253,2.63274e-76
22911,Solyc08g077990.3,transposed,gbM,Solyc03g044140.3,0.79732,3.98396,0.200132,7.58361e-36
22912,Solyc08g078100.1,transposed,TE-like,Solyc08g075710.3,0.0688828,0.618354,0.111397,2.51112e-42
22913,Solyc08g078150.1,transposed,TE-like,Solyc02g081250.2,0.888204,4.55525,0.194985,6.50676e-39
22914,Solyc08g078270.3,transposed,gbM,Solyc12g008620.2,0.335792,3.94609,0.0850949,1.53336e-49
22915,Solyc08g078280.1,transposed,gbM,Solyc09g010450.1,0.837333,4.17683,0.200471,8.92309e-27
22916,Solyc08g078310.3,transposed,Unmethylated,Solyc04g007340.3,0.662313,3.77429,0.17548,6.41543e-26
22917,Solyc08g078340.3,transposed,TE-like,Solyc12g044610.2,0.362137,4.02918,0.0898787,5.36787e-51
22918,Solyc08g078500.3,transposed,gbM,Solyc09g082580.3,0.461663,4.03809,0.114327,1.75362e-41
22919,Solyc08g078510.3,transposed,Unmethylated,Solyc04g014250.3,0.625304,3.90775,0.160016,8.07172e-18
22920,Solyc08g078580.2,transposed,Unclassified,Solyc10g080980.2,0.766717,2.97757,0.257497,2.45766e-12
22921,Solyc08g078660.3,transposed,TE-like,Solyc06g071110.3,0.819263,3.96472,0.206638,3.993e-29
22922,Solyc08g078670.2,transposed,Unmethylated,Solyc02g069360.1,0.636437,4.17373,0.152486,3.92599e-42
22923,Solyc08g078880.3,transposed,gbM,Solyc12g056160.2,0.445233,4.74631,0.0938061,7.20943e-96
22924,Solyc08g079040.1,transposed,gbM,Solyc08g080930.1,0.661575,4.02239,0.164473,3.2984e-54
22925,Solyc08g079160.3,transposed,gbM,Solyc12g095910.2,0.334521,4.33245,0.0772129,2.48348e-76
22926,Solyc08g079170.3,transposed,Unclassified,Solyc09g082540.3,0.73656,3.92203,0.187801,6.47308e-30
22927,Solyc08g079270.3,transposed,TE-like,Solyc02g093740.3,0.470317,3.65195,0.128785,1.39554e-51
22928,Solyc08g079660.3,transposed,TE-like,Solyc03g118340.3,0.705453,3.72685,0.189289,1.35478e-14
22929,Solyc08g079680.3,transposed,TE-like,Solyc08g007580.3,0.168522,0.766168,0.219954,6.80059e-12
22930,Solyc08g079700.2,transposed,Unclassified,Solyc01g086970.3,0.602374,3.56812,0.168821,7.04673e-21
22931,Solyc08g079710.3,transposed,gbM,Solyc01g091480.3,0.173409,4.78512,0.0362392,1.57579e-174
22932,Solyc08g079740.3,transposed,gbM,Solyc06g048950.3,0.586297,4.72418,0.124106,1.74523e-93
22933,Solyc08g079780.2,transposed,Unclassified,Solyc10g081520.1,0.495525,3.51931,0.140802,5.37307e-16
22934,Solyc08g080040.3,transposed,TE-like,Solyc10g076660.2,0.650602,4.09221,0.158985,1.03804e-26
22935,Solyc08g080070.1,transposed,TE-like,Solyc10g074820.1,0.63129,4.01911,0.157072,2.63165e-24
22936,Solyc08g080120.3,transposed,Unclassified,Solyc07g007120.3,0.289249,3.82323,0.0756558,2.40522e-65
22937,Solyc08g080300.1,transposed,TE-like,Solyc02g079220.3,0.201694,2.29384,0.0879284,7.95992e-80
22938,Solyc08g080370.3,transposed,gbM,Solyc08g048450.3,0.732997,4.243,0.172754,7.29109e-41
22939,Solyc08g080520.3,transposed,TE-like,Solyc08g066600.3,0.78458,4.75069,0.165151,3.20418e-42
22940,Solyc08g080550.1,transposed,TE-like,Solyc03g117440.3,0.80387,4.36576,0.18413,5.90675e-30
22941,Solyc08g080680.3,transposed,TE-like,Solyc01g094030.3,0.737567,3.25793,0.226391,8.11801e-12
22942,Solyc08g081060.3,transposed,TE-like,Solyc09g011720.3,0.832272,4.39295,0.189456,6.65074e-39
22943,Solyc08g081100.3,transposed,TE-like,Solyc07g065880.3,0.505319,4.21862,0.119783,1.31602e-64
22944,Solyc08g081120.3,transposed,TE-like,Solyc07g065880.3,0.522785,4.11706,0.12698,2.87164e-54
22945,Solyc08g081280.3,transposed,TE-like,Solyc11g070140.2,0.472968,3.86181,0.122473,0
22946,Solyc08g081320.3,transposed,TE-like,Solyc08g068210.3,0.729462,4.69058,0.155517,6.86507e-52
22947,Solyc08g081350.2,transposed,TE-like,Solyc12g096940.2,0.655276,3.7764,0.173519,9.84792e-56
22948,Solyc08g081390.3,transposed,Unclassified,Solyc01g098580.3,0.411063,3.83508,0.107185,0
22949,Solyc08g081520.1,transposed,TE-like,Solyc04g071480.1,0.412635,4.07809,0.101184,5.30258e-57
22950,Solyc08g081620.3,transposed,Unclassified,Solyc11g040340.2,0.395887,4.16728,0.0949989,4.16818e-87
22951,Solyc08g081630.2,transposed,Unclassified,Solyc05g053380.3,0.665766,3.44552,0.193227,3.82784e-35
22952,Solyc08g081690.3,transposed,Unclassified,Solyc07g042460.2,0.33563,4.85649,0.0691096,1.36442e-147
22953,Solyc08g081750.3,transposed,gbM,Solyc05g007500.3,0.795383,4.01428,0.198138,8.16226e-18
22954,Solyc08g081770.3,transposed,TE-like,Solyc09g091240.3,0.677131,4.14038,0.163543,1.93611e-27
22955,Solyc08g081845.1,transposed,Unclassified,Solyc12g056130.2,0.423677,0.974495,0.434766,0.0151913
22956,Solyc08g081920.3,transposed,TE-like,Solyc07g052320.3,0.618148,3.78556,0.163291,1.06378e-26
22957,Solyc08g081925.1,transposed,gbM,Solyc07g052320.3,0.463269,1.67663,0.27631,1.40936e-09
22958,Solyc08g081940.3,transposed,TE-like,Solyc03g095490.3,0.420466,4.5292,0.0928345,5.85206e-103
22959,Solyc08g082080.3,transposed,gbM,Solyc11g066800.2,0.432488,4.32297,0.100044,6.79464e-47
22960,Solyc08g082170.3,transposed,TE-like,Solyc05g049980.3,0.455343,4.20537,0.108276,1.30375e-65
22961,Solyc08g082270.3,transposed,gbM,Solyc03g117420.3,0.888309,4.30001,0.206583,1.53842e-42
22962,Solyc08g082460.3,transposed,TE-like,Solyc06g068910.3,0.35239,4.0275,0.087496,8.178e-40
22963,Solyc08g082620.3,transposed,gbM,Solyc08g016170.3,0.201837,4.31799,0.0467433,6.19046e-144
22964,Solyc08g082680.3,transposed,Unclassified,Solyc04g074790.2,0.678619,3.57131,0.19002,4.08146e-33
22965,Solyc08g082810.3,transposed,gbM,Solyc08g077530.3,0.484995,4.30799,0.11258,1.77604e-49
22966,Solyc08g082870.3,transposed,Unmethylated,Solyc03g112540.3,0.366437,4.08353,0.0897353,2.26111e-45
22967,Solyc08g082930.2,transposed,TE-like,Solyc11g068960.2,0.763483,4.58178,0.166635,4.12041e-43
22968,Solyc08g083090.2,transposed,TE-like,Solyc02g070500.1,0.575249,1.55916,0.368947,9.79213e-05
22969,Solyc08g083115.1,transposed,Unmethylated,Solyc08g008580.3,0.0892439,1.35777,0.0657283,1.50346e-57
22970,Solyc08g083130.3,transposed,Unmethylated,Solyc01g096320.3,0.399644,3.48973,0.11452,3.62908e-30
22971,Solyc08g083210.3,transposed,Unclassified,Solyc11g040340.2,0.343802,4.25645,0.080772,1.93883e-85
22972,Solyc08g083240.3,transposed,Unclassified,Solyc04g050050.3,0.695526,4.23453,0.164251,2.2441e-36
22973,Solyc08g083270.2,transposed,Unclassified,Solyc11g006430.1,0.651441,3.90868,0.166665,8.95821e-25
22974,Solyc08g083280.3,transposed,Unmethylated,Solyc04g064710.3,0.384919,4.17252,0.0922509,5.22772e-47
22975,Solyc08g083300.3,transposed,TE-like,Solyc06g073930.3,0.523864,4.78106,0.109571,2.74694e-81
22976,Solyc08g083310.3,transposed,TE-like,Solyc11g071520.2,0.469131,4.12748,0.11366,4.89609e-81
22977,Solyc08g083320.3,transposed,Unclassified,Solyc02g088000.3,0.615476,4.40849,0.139611,2.12779e-43
22978,Solyc08g083330.2,transposed,TE-like,Solyc03g124060.3,0.804984,4.12282,0.195251,5.71115e-27
22979,Solyc08g083340.1,transposed,Unmethylated,Solyc07g052320.3,0.317907,1.72639,0.184145,3.96385e-13
22980,Solyc09g005000.1,transposed,gbM,Solyc05g053010.1,0.463938,4.5056,0.102969,5.22178e-103
22981,Solyc09g005010.3,transposed,TE-like,Solyc03g082940.3,0.253741,4.77121,0.0531816,3.69116e-194
22982,Solyc09g005030.2,transposed,TE-like,Solyc02g076670.3,0.775636,3.80484,0.203855,6.44737e-20
22983,Solyc09g005070.1,transposed,TE-like,Solyc04g078790.3,0.422936,2.9933,0.141294,0
22984,Solyc09g005120.3,transposed,gbM,Solyc01g105340.3,0.90578,2.8912,0.313289,7.83064e-10
22985,Solyc09g005210.3,transposed,TE-like,Solyc08g081680.2,0.690629,3.60739,0.191448,2.74975e-30
22986,Solyc09g005220.2,transposed,gbM,Solyc02g070530.3,0.373027,3.9261,0.095012,2.9378e-32
22987,Solyc09g005240.2,transposed,TE-like,Solyc01g105270.3,0.395678,3.90864,0.101232,1.70968e-28
22988,Solyc09g005250.3,transposed,gbM,Solyc08g082020.3,0.626315,4.06155,0.154206,5.20968e-24
22989,Solyc09g005260.3,transposed,Unclassified,Solyc03g123790.3,0.546369,3.8829,0.140712,1.78864e-24
22990,Solyc09g005300.3,transposed,TE-like,Solyc11g007700.2,0.732072,3.86218,0.189549,1.66334e-36
22991,Solyc09g005330.3,transposed,TE-like,Solyc04g076900.2,0.678245,3.89883,0.173961,4.95826e-21
22992,Solyc09g005350.3,transposed,gbM,Solyc02g077670.3,0.180047,4.08779,0.044045,9.93485e-74
22993,Solyc09g005360.3,transposed,TE-like,Solyc10g076690.2,0.0571554,0.818049,0.0698679,1.28679e-27
22994,Solyc09g005370.1,transposed,TE-like,Solyc06g008200.3,0.445655,3.14236,0.141822,1.49503e-24
22995,Solyc09g005380.2,transposed,TE-like,Solyc09g014220.3,0.207874,1.32275,0.157152,6.16058e-49
22996,Solyc09g005390.3,transposed,Unclassified,Solyc06g076680.3,0.653781,3.49663,0.186975,4.82544e-11
22997,Solyc09g005470.3,transposed,Unclassified,Solyc10g085920.2,0.032648,0.52016,0.0627653,7.58797e-10
22998,Solyc09g005490.1,transposed,TE-like,Solyc09g007870.3,0.0658526,0.0563088,1.16949,0.635683
22999,Solyc09g005527.1,transposed,TE-like,Solyc09g007870.3,0.0458772,0.0938807,0.488675,0.100841
23000,Solyc09g005540.2,transposed,TE-like,Solyc09g007870.3,0.0711325,0.174042,0.408709,0.0236895
23001,Solyc09g005543.1,transposed,TE-like,Solyc09g007870.3,0.109712,0.220717,0.497071,0.220363
23002,Solyc09g005600.3,transposed,TE-like,Solyc06g051380.2,0.33632,2.01209,0.16715,3.26099e-33
23003,Solyc09g005610.3,transposed,Unclassified,Solyc03g006120.3,0.832184,1.53402,0.542486,0.00153213
23004,Solyc09g005620.3,transposed,gbM,Solyc02g078360.3,0.873211,2.94768,0.296237,1.65528e-08
23005,Solyc09g005630.3,transposed,gbM,Solyc10g076570.2,0.14566,1.11344,0.13082,9.02472e-39
23006,Solyc09g005640.3,transposed,TE-like,Solyc04g055010.3,0.623241,3.77729,0.164997,7.02516e-22
23007,Solyc09g005850.3,transposed,TE-like,Solyc11g008140.2,0.731622,3.95016,0.185213,5.39204e-50
23008,Solyc09g005940.3,transposed,TE-like,Solyc09g009580.3,0.220511,0.933961,0.236103,1.25287e-23
23009,Solyc09g005990.3,transposed,gbM,Solyc02g079260.2,0.666009,4.27018,0.155967,5.30714e-37
23010,Solyc09g007100.3,transposed,TE-like,Solyc10g074470.2,0.799138,4.5605,0.17523,5.95506e-34
23011,Solyc09g007110.3,transposed,TE-like,Solyc04g054200.3,0.503782,4.84666,0.103944,1.55589e-139
23012,Solyc09g007140.3,transposed,TE-like,Solyc11g071560.2,0.0792822,0.0944557,0.839359,0.51446
23013,Solyc09g007200.3,transposed,TE-like,Solyc01g107320.3,0.842923,4.53791,0.185752,3.98813e-30
23014,Solyc09g007270.3,transposed,TE-like,Solyc01g111510.3,0.266212,3.79219,0.0702001,7.62633e-75
23015,Solyc09g007280.3,transposed,TE-like,Solyc03g121230.3,0.683056,4.69209,0.145576,7.31806e-44
23016,Solyc09g007310.3,transposed,TE-like,Solyc10g055450.2,0.531076,5.18123,0.1025,3.30206e-194
23017,Solyc09g007340.3,transposed,TE-like,Solyc02g086750.2,0.821132,4.55026,0.180458,1.13614e-47
23018,Solyc09g007420.3,transposed,TE-like,Solyc04g076920.3,0.54333,3.9772,0.136611,1.65712e-41
23019,Solyc09g007430.1,transposed,Unclassified,Solyc09g065840.3,0.756214,2.71992,0.278028,2.05413e-09
23020,Solyc09g007530.3,transposed,gbM,Solyc12g088740.2,0.789584,4.26602,0.185087,6.69879e-29
23021,Solyc09g007590.1,transposed,Unclassified,Solyc06g075930.1,0.136767,0.307457,0.444834,0.0358555
23022,Solyc09g007610.2,transposed,TE-like,Solyc04g011390.1,0.0991002,3.04326,0.0325638,2.27085e-22
23023,Solyc09g007620.2,transposed,gbM,Solyc04g078680.3,0.661597,3.27676,0.201906,0
23024,Solyc09g007630.3,transposed,TE-like,Solyc02g077670.3,0.347672,3.29274,0.105588,1.0435e-20
23025,Solyc09g007640.3,transposed,gbM,Solyc06g074850.3,0.715226,4.11477,0.173819,1.11481e-65
23026,Solyc09g007730.3,transposed,TE-like,Solyc10g005640.3,0.426669,4.13797,0.103111,5.14525e-52
23027,Solyc09g007750.3,transposed,gbM,Solyc06g051540.3,0.727344,4.46746,0.16281,5.817e-68
23028,Solyc09g008205.1,transposed,TE-like,Solyc09g009010.3,0.220801,4.45633,0.0495476,2.43877e-101
23029,Solyc09g008240.3,transposed,TE-like,Solyc02g087870.3,0.379319,5.10143,0.0743554,2.38815e-173
23030,Solyc09g008295.1,transposed,TE-like,Solyc03g095500.3,0.972231,3.37857,0.287764,2.9406e-05
23031,Solyc09g008350.3,transposed,TE-like,Solyc05g054620.3,0.347269,4.22366,0.0822198,4.2684e-75
23032,Solyc09g008360.2,transposed,TE-like,Solyc01g099745.1,0.270757,4.2928,0.0630725,5.88469e-90
23033,Solyc09g008380.3,transposed,TE-like,Solyc11g008140.2,0.262573,4.28565,0.061268,4.0874e-77
23034,Solyc09g008390.2,transposed,TE-like,Solyc06g075660.3,0.294223,3.13823,0.0937544,1.0723e-18
23035,Solyc09g008410.3,transposed,TE-like,Solyc11g067090.2,0.77515,3.78042,0.205043,2.08855e-11
23036,Solyc09g008430.3,transposed,TE-like,Solyc01g067360.3,0.557535,3.33591,0.167131,0
23037,Solyc09g008460.3,transposed,gbM,Solyc11g008030.2,0.23074,3.72218,0.0619906,2.04251e-54
23038,Solyc09g008485.1,transposed,TE-like,Solyc10g078460.2,0.452464,4.54216,0.0996142,2.2164e-120
23039,Solyc09g008500.2,transposed,TE-like,Solyc10g075050.2,0.428092,1.3494,0.317246,6.67476e-06
23040,Solyc09g008505.1,transposed,TE-like,Solyc04g064850.3,0.0217215,0.0711038,0.305489,0.0556977
23041,Solyc09g008525.1,transposed,Unclassified,Solyc10g083800.2,0.326242,1.05609,0.308915,1.08186e-12
23042,Solyc09g008530.2,transposed,TE-like,Solyc08g007970.3,0.859398,4.84777,0.177277,1.90025e-63
23043,Solyc09g008540.1,transposed,TE-like,Solyc12g057020.2,0.317301,1.43399,0.221271,1.67475e-08
23044,Solyc09g008560.3,transposed,TE-like,Solyc03g080190.3,0.474197,3.88053,0.122199,1.07621e-56
23045,Solyc09g008625.1,transposed,Unclassified,Solyc10g085750.2,0.464308,0.68085,0.681954,0.272335
23046,Solyc09g008730.3,transposed,TE-like,Solyc08g068200.3,0.324901,3.83334,0.0847565,2.07664e-75
23047,Solyc09g008850.3,transposed,gbM,Solyc03g122030.1,0.960335,4.00299,0.239904,3.65201e-27
23048,Solyc09g008920.3,transposed,gbM,Solyc02g085700.1,0.512761,4.00622,0.127991,4.38703e-26
23049,Solyc09g009040.3,transposed,TE-like,Solyc06g074090.3,0.775544,4.11527,0.188455,1.36173e-25
23050,Solyc09g009100.3,transposed,TE-like,Solyc09g065660.3,0.593139,4.05186,0.146387,2.26645e-27
23051,Solyc09g009110.3,transposed,TE-like,Solyc03g006880.3,0.0983953,0.684438,0.143761,8.05861e-23
23052,Solyc09g009150.1,transposed,TE-like,Solyc09g011330.2,0.846595,4.08663,0.207162,8.8722e-29
23053,Solyc09g009290.3,transposed,TE-like,Solyc10g081500.1,0.97806,4.00697,0.244089,1.62331e-16
23054,Solyc09g009350.2,transposed,TE-like,Solyc08g077490.2,0.602094,4.49602,0.133917,1.11432e-56
23055,Solyc09g009490.3,transposed,TE-like,Solyc10g050210.2,0.524888,4.0564,0.129398,7.88598e-40
23056,Solyc09g009560.2,transposed,TE-like,Solyc06g074350.3,0.1852,3.40255,0.0544299,2.40733e-39
23057,Solyc09g009640.3,transposed,TE-like,Solyc05g055260.3,0.57616,3.03235,0.190005,2.74105e-09
23058,Solyc09g009720.1,transposed,Unmethylated,Solyc04g011430.3,0.114411,3.43388,0.0333182,0
23059,Solyc09g009750.2,transposed,TE-like,Solyc01g091930.3,0.405899,4.51821,0.0898361,3.36386e-87
23060,Solyc09g009830.3,transposed,TE-like,Solyc11g069640.2,0.640727,3.68226,0.174004,4.88146e-27
23061,Solyc09g009860.1,transposed,gbM,Solyc11g006430.1,0.555848,3.93696,0.141187,2.79065e-37
23062,Solyc09g009890.3,transposed,TE-like,Solyc02g088720.3,0.756624,3.96652,0.190753,1.42313e-30
23063,Solyc09g009910.3,transposed,gbM,Solyc03g114960.3,0.869455,4.53507,0.191718,3.66481e-49
23064,Solyc09g010030.2,transposed,TE-like,Solyc02g092300.1,0.511364,3.552,0.143965,5.69469e-21
23065,Solyc09g010050.1,transposed,TE-like,Solyc09g074680.3,0.0914794,0.483103,0.189358,1.09971e-33
23066,Solyc09g010150.3,transposed,TE-like,Solyc03g112540.3,0.838478,3.96802,0.211309,4.53853e-22
23067,Solyc09g010210.3,transposed,Unclassified,Solyc11g040340.2,0.384371,4.27337,0.0899456,3.76522e-61
23068,Solyc09g010300.3,transposed,TE-like,Solyc06g074210.3,0.29477,1.74904,0.168533,2.79355e-37
23069,Solyc09g010320.3,transposed,TE-like,Solyc11g068650.2,0.253648,3.98833,0.0635976,8.34133e-45
23070,Solyc09g010380.3,transposed,TE-like,Solyc12g055830.2,0.139422,3.6402,0.0383007,3.02852e-65
23071,Solyc09g010530.3,transposed,TE-like,Solyc08g081810.3,0.449768,4.74706,0.0947466,1.11571e-82
23072,Solyc09g010650.1,transposed,Unmethylated,Solyc00g007220.3,0.835277,2.40948,0.346663,0.000606053
23073,Solyc09g010660.3,transposed,TE-like,Solyc07g054440.3,0.380048,4.19236,0.0906524,8.15081e-81
23074,Solyc09g010750.2,transposed,TE-like,Solyc05g054480.3,0.0616333,3.55539,0.0173352,4.86571e-56
23075,Solyc09g010840.1,transposed,gbM,Solyc11g072060.2,0.90401,4.0431,0.223593,7.37673e-24
23076,Solyc09g010970.3,transposed,gbM,Solyc05g005490.3,0.470022,3.76,0.125006,3.42232e-28
23077,Solyc09g011200.2,transposed,TE-like,Solyc09g008640.1,0.474167,4.51535,0.105012,2.01223e-78
23078,Solyc09g011210.3,transposed,Unclassified,Solyc07g063900.3,0.658729,3.55469,0.185313,1.54909e-07
23079,Solyc09g011370.2,transposed,gbM,Solyc04g008980.3,0.941859,4.1344,0.22781,1.98804e-28
23080,Solyc09g011420.3,transposed,Unclassified,Solyc12g038980.2,0.701896,3.35307,0.209329,5.34115e-08
23081,Solyc09g011680.1,transposed,TE-like,Solyc05g055070.3,0.0873827,0.225522,0.387469,0.0127281
23082,Solyc09g011730.3,transposed,gbM,Solyc08g082560.3,0.904431,3.79849,0.238103,9.86118e-15
23083,Solyc09g011870.2,transposed,Unclassified,Solyc06g050630.3,0.428715,3.76527,0.11386,2.69996e-45
23084,Solyc09g013080.3,transposed,TE-like,Solyc01g094340.3,0.382423,4.61482,0.0828684,8.64781e-121
23085,Solyc09g013110.3,transposed,gbM,Solyc06g049060.3,0.524362,2.04608,0.256276,3.11257e-13
23086,Solyc09g014260.1,transposed,TE-like,Solyc06g005700.1,0.427946,2.53664,0.168706,0.000119684
23087,Solyc09g014415.1,transposed,Unclassified,Solyc08g081230.1,0.710232,4.21073,0.168672,7.06668e-38
23088,Solyc09g014470.2,transposed,TE-like,Solyc10g076760.2,0.0991178,1.21432,0.0816239,3.03929e-27
23089,Solyc09g014480.2,transposed,Unmethylated,Solyc11g056680.1,0.707956,3.92933,0.180172,6.22185e-33
23090,Solyc09g014590.3,transposed,TE-like,Solyc11g056680.1,0.7899,3.94248,0.200356,7.50206e-21
23091,Solyc09g014610.3,transposed,TE-like,Solyc06g036440.2,0.183132,1.16671,0.156964,3.30699e-45
23092,Solyc09g014770.3,transposed,TE-like,Solyc05g006910.3,0.290931,4.69628,0.0619492,2.46555e-168
23093,Solyc09g014890.3,transposed,TE-like,Solyc02g091580.3,0.825529,4.51631,0.182788,9.84497e-51
23094,Solyc09g014930.1,transposed,Unclassified,Solyc09g010450.1,0.945499,2.66753,0.354447,5.89315e-11
23095,Solyc09g014975.1,transposed,TE-like,Solyc02g071340.2,0.3136,1.12287,0.279285,0.0001846
23096,Solyc09g015070.3,transposed,Unclassified,Solyc03g098100.3,0.554672,3.95826,0.14013,2.10246e-37
23097,Solyc09g015370.1,transposed,gbM,Solyc02g079260.2,0.692535,4.5298,0.152884,7.04904e-45
23098,Solyc09g015440.1,transposed,Unclassified,Solyc09g091240.3,0.700338,3.89073,0.180002,1.10314e-16
23099,Solyc09g015495.1,transposed,TE-like,Solyc10g007290.3,0.384424,3.3835,0.113617,2.95916e-28
23100,Solyc09g015520.3,transposed,TE-like,Solyc06g048620.3,0.278114,4.837,0.0574972,5.06687e-186
23101,Solyc09g015530.3,transposed,TE-like,Solyc05g052210.3,0.622817,1.82365,0.341523,1.0619e-09
23102,Solyc09g015613.1,transposed,gbM,Solyc06g034290.3,0.462514,0.785043,0.589158,0.0052616
23103,Solyc09g015650.3,transposed,TE-like,Solyc10g079260.2,0.938631,3.78786,0.2478,3.17838e-09
23104,Solyc09g015660.3,transposed,TE-like,Solyc12g014170.2,0.732833,4.04826,0.181024,5.65966e-28
23105,Solyc09g015670.3,transposed,TE-like,Solyc10g074980.2,0.0713437,0.796874,0.0895295,2.53659e-63
23106,Solyc09g015730.1,transposed,TE-like,Solyc01g005030.3,0.357428,1.42001,0.251708,1.5376e-07
23107,Solyc09g015770.3,transposed,Unclassified,Solyc03g095770.3,0.495703,3.58379,0.138318,1.58018e-30
23108,Solyc09g015820.3,transposed,TE-like,Solyc03g095500.3,0.400988,1.87835,0.213479,2.11219e-11
23109,Solyc09g018020.3,transposed,Unclassified,Solyc06g049050.3,0.140354,3.78973,0.0370353,2.36121e-59
23110,Solyc09g018030.3,transposed,TE-like,Solyc02g071780.3,0.265768,4.41488,0.0601983,4.85982e-106
23111,Solyc09g018060.3,transposed,TE-like,Solyc02g093410.3,0.326229,3.58073,0.091107,1.07708e-45
23112,Solyc09g018070.1,transposed,gbM,Solyc08g080310.1,0.425842,4.22704,0.100743,3.30755e-63
23113,Solyc09g018370.3,transposed,TE-like,Solyc01g091460.3,0.975224,4.87028,0.20024,3.75281e-44
23114,Solyc09g018410.2,transposed,TE-like,Solyc03g006880.3,0.317351,0.588203,0.539527,0.0395059
23115,Solyc09g018420.2,transposed,TE-like,Solyc03g006880.3,0.398898,0.461687,0.864001,0.601555
23116,Solyc09g018450.3,transposed,TE-like,Solyc01g079840.3,0.790508,4.13805,0.191034,5.8896e-44
23117,Solyc09g018460.1,transposed,Unclassified,Solyc11g005610.1,0.850719,4.10199,0.207392,2.12694e-35
23118,Solyc09g018490.3,transposed,gbM,Solyc08g059730.1,0.927464,4.16219,0.222831,2.29646e-24
23119,Solyc09g018670.3,transposed,TE-like,Solyc02g069340.3,0.500083,3.82864,0.130616,2.76471e-20
23120,Solyc09g018730.3,transposed,TE-like,Solyc06g060850.3,0.785287,3.66763,0.214113,1.42778e-22
23121,Solyc09g018750.3,transposed,Unclassified,Solyc04g080510.3,0.390515,3.75265,0.104064,2.68835e-25
23122,Solyc09g018960.3,transposed,Unclassified,Solyc06g082840.3,0.169128,3.29532,0.0513238,1.97491e-43
23123,Solyc09g018970.1,transposed,TE-like,Solyc06g072290.3,0.189767,0.357804,0.530366,0.0312159
23124,Solyc09g019970.3,transposed,TE-like,Solyc06g073930.3,0.496151,4.76111,0.104209,6.53986e-100
23125,Solyc09g020110.3,transposed,TE-like,Solyc05g007940.3,0.675359,3.54019,0.190769,4.25552e-27
23126,Solyc09g020190.3,transposed,Unclassified,Solyc03g019670.3,0.32727,4.29387,0.0762181,9.24573e-130
23127,Solyc09g025200.2,transposed,Unclassified,Solyc01g099900.3,0.266243,0.563741,0.472279,0.0307172
23128,Solyc09g025240.3,transposed,Unclassified,Solyc03g097070.3,0.605638,4.1349,0.14647,1.91039e-32
23129,Solyc09g030370.3,transposed,Unclassified,Solyc10g008810.3,0.481926,3.98589,0.120908,1.59414e-41
23130,Solyc09g030450.3,transposed,Unclassified,Solyc03g095490.3,0.279408,4.57862,0.0610245,8.58608e-103
23131,Solyc09g031528.1,transposed,TE-like,Solyc09g015120.3,0.0933507,0.200166,0.466367,0.0116521
23132,Solyc09g031580.3,transposed,TE-like,Solyc09g076010.3,0.860855,4.74875,0.18128,5.77444e-88
23133,Solyc09g031590.3,transposed,TE-like,Solyc06g050550.3,0.285543,4.31922,0.0661097,8.69498e-84
23134,Solyc09g031680.2,transposed,TE-like,Solyc09g011920.3,0.24656,2.4455,0.100822,1.24333e-37
23135,Solyc09g031705.1,transposed,Unclassified,Solyc09g013150.3,0.250383,2.91378,0.0859306,1.6982e-13
23136,Solyc09g031760.1,transposed,Unclassified,Solyc06g009210.3,0.102878,0.172449,0.596571,0.111766
23137,Solyc09g031800.1,transposed,TE-like,Solyc01g017060.2,0.0549992,0.0911248,0.603559,0.313282
23138,Solyc09g031875.1,transposed,TE-like,Solyc04g078370.3,0.29516,3.67601,0.0802935,1.31751e-27
23139,Solyc09g031920.1,transposed,Unmethylated,Solyc10g074730.3,0.48892,3.75403,0.130239,1.09764e-19
23140,Solyc09g031930.3,transposed,TE-like,Solyc07g066070.3,0.374995,3.95999,0.0946959,4.86259e-54
23141,Solyc09g031940.1,transposed,Unmethylated,Solyc09g011340.3,0.768038,4.00543,0.191749,3.82055e-17
23142,Solyc09g031950.2,transposed,TE-like,Solyc04g015830.3,0.176779,1.25213,0.141183,3.05338e-15
23143,Solyc09g037170.2,transposed,TE-like,Solyc02g063260.3,0.251974,0.386817,0.651404,0.100071
23144,Solyc09g042210.1,transposed,TE-like,Solyc03g006880.3,0.30734,0.861042,0.35694,0.00362405
23145,Solyc09g042260.3,transposed,gbM,Solyc10g075040.2,0.0900365,1.17282,0.0767695,8.28916e-58
23146,Solyc09g042280.1,transposed,TE-like,Solyc06g076930.2,0.185884,0.440051,0.422416,0.00460073
23147,Solyc09g042290.2,transposed,TE-like,Solyc08g077140.1,0.655052,3.9702,0.164992,6.41422e-22
23148,Solyc09g042300.2,transposed,TE-like,Solyc06g076930.2,0.0155438,0.0337507,0.460547,0.338924
23149,Solyc09g042305.1,transposed,TE-like,Solyc06g076930.2,0.538735,1.10547,0.487335,0.00240808
23150,Solyc09g042480.2,transposed,TE-like,Solyc03g095680.2,0.0431417,0.0491352,0.878021,0.755082
23151,Solyc09g042525.1,transposed,TE-like,Solyc02g086920.2,0.215906,0.376233,0.573863,0.0874796
23152,Solyc09g042660.3,transposed,TE-like,Solyc03g006110.3,0.278927,4.24078,0.0657725,2.94357e-72
23153,Solyc09g042710.3,transposed,gbM,Solyc06g050350.3,0.568958,1.42707,0.39869,1.06198e-17
23154,Solyc09g042740.3,transposed,Unclassified,Solyc02g092470.3,0.506761,4.76722,0.106301,2.0252e-85
23155,Solyc09g042750.3,transposed,gbM,Solyc12g019490.2,0.22928,4.21408,0.054408,5.03e-87
23156,Solyc09g042770.3,transposed,Unclassified,Solyc01g095670.3,0.670723,3.94503,0.170017,4.85526e-26
23157,Solyc09g047910.3,transposed,gbM,Solyc10g009170.2,0.439801,3.99227,0.110163,2.98914e-47
23158,Solyc09g047920.2,transposed,Unclassified,Solyc12g088940.2,0.109834,0.241692,0.454438,0.152579
23159,Solyc09g048970.2,transposed,TE-like,Solyc12g005250.2,0.585757,1.80976,0.323665,0.00333039
23160,Solyc09g048980.3,transposed,TE-like,Solyc09g074630.3,0.430794,4.49393,0.0958613,6.28258e-68
23161,Solyc09g048990.3,transposed,TE-like,Solyc08g008210.3,0.194729,3.87363,0.0502705,4.35332e-45
23162,Solyc09g050060.1,transposed,TE-like,Solyc10g078460.2,0.161029,0.579564,0.277845,8.66911e-05
23163,Solyc09g055130.1,transposed,TE-like,Solyc10g078460.2,0.0868465,0.304948,0.284791,0.00765914
23164,Solyc09g055150.2,transposed,TE-like,Solyc10g078460.2,0.305611,0.277285,1.10215,0.858886
23165,Solyc09g055180.3,transposed,TE-like,Solyc10g074890.2,0.195043,1.14733,0.169997,8.2548e-22
23166,Solyc09g055183.1,transposed,TE-like,Solyc10g074890.2,0.151572,1.12138,0.135165,4.45579e-35
23167,Solyc09g055230.3,transposed,gbM,Solyc06g051460.3,0.47853,2.44384,0.195811,5.8756e-70
23168,Solyc09g055250.3,transposed,TE-like,Solyc01g095200.3,0.36901,3.87992,0.0951075,2.74669e-34
23169,Solyc09g055300.2,transposed,TE-like,Solyc07g065950.3,0.136991,0.181925,0.753005,0.515541
23170,Solyc09g055310.3,transposed,TE-like,Solyc09g065640.3,0.43382,4.78999,0.090568,6.08455e-131
23171,Solyc09g055350.3,transposed,TE-like,Solyc08g076720.3,0.80267,4.6163,0.173877,5.02385e-41
23172,Solyc09g055420.1,transposed,TE-like,Solyc08g082430.3,0.340827,3.23894,0.105228,2.77872e-21
23173,Solyc09g055470.1,transposed,TE-like,Solyc10g007350.3,0.0107238,0.0226702,0.473034,0.2982
23174,Solyc09g055500.1,transposed,TE-like,Solyc05g011870.1,0.131913,0.567907,0.232279,2.39375e-12
23175,Solyc09g055560.1,transposed,TE-like,Solyc12g056580.2,0.19474,3.57917,0.0544093,3.79404e-38
23176,Solyc09g055570.3,transposed,TE-like,Solyc10g074890.2,0.332507,4.80518,0.0691976,2.00115e-145
23177,Solyc09g055650.2,transposed,TE-like,Solyc03g112890.1,0.418696,3.48476,0.120151,1.03801e-27
23178,Solyc09g055660.2,transposed,gbM,Solyc04g082530.3,0.82076,4.07473,0.201427,3.98684e-35
23179,Solyc09g055880.1,transposed,TE-like,NA,NA,NA,NA,NA
23180,Solyc09g055920.3,transposed,gbM,Solyc07g065620.3,0.843432,4.51092,0.186976,5.51917e-27
23181,Solyc09g055930.3,transposed,TE-like,Solyc08g079090.3,0.251263,4.40055,0.0570981,1.50126e-155
23182,Solyc09g056130.3,transposed,TE-like,Solyc02g083250.3,0.860237,2.0765,0.414272,0.000112187
23183,Solyc09g056170.3,transposed,TE-like,Solyc07g049600.3,0.21473,4.51194,0.0475916,4.18764e-158
23184,Solyc09g056340.3,transposed,gbM,Solyc05g054150.3,0.228169,3.69977,0.0616712,2.10628e-48
23185,Solyc09g056380.1,transposed,TE-like,Solyc02g070640.3,0.0964476,0.235812,0.409003,0.00449865
23186,Solyc09g056430.3,transposed,Unclassified,Solyc11g061720.1,0.572347,4.18375,0.136802,2.31484e-49
23187,Solyc09g056450.3,transposed,Unclassified,Solyc06g076040.3,0.550988,4.27798,0.128796,1.19189e-56
23188,Solyc09g057580.3,transposed,TE-like,Solyc03g098000.3,0.660338,4.15535,0.158913,3.0108e-26
23189,Solyc09g057585.1,transposed,NA,Solyc03g006430.3,0.0492283,0.112042,0.439375,0.0508201
23190,Solyc09g057630.3,transposed,Unmethylated,Solyc12g008580.2,0.60195,4.18219,0.143932,6.99812e-63
23191,Solyc09g057640.3,transposed,TE-like,Solyc04g077470.3,0.269011,4.61567,0.0582821,2.47111e-177
23192,Solyc09g057650.3,transposed,gbM,Solyc07g065170.3,0.0731639,3.66904,0.0199409,1.72369e-91
23193,Solyc09g057680.3,transposed,Unclassified,Solyc09g092460.3,0.315015,4.66947,0.0674626,5.08339e-180
23194,Solyc09g057710.3,transposed,Unclassified,Solyc01g010135.1,0.63899,4.18986,0.152509,1.43029e-72
23195,Solyc09g057760.3,transposed,Unclassified,Solyc06g007580.1,0.460772,3.53235,0.130443,3.58477e-17
23196,Solyc09g057925.1,transposed,TE-like,Solyc09g089730.3,0.228464,0.852938,0.267856,0.00163337
23197,Solyc09g057930.2,transposed,TE-like,Solyc09g089730.3,0.237699,0.559618,0.424751,0.00330476
23198,Solyc09g057945.1,transposed,TE-like,Solyc02g069830.3,0.454229,2.35161,0.193157,9.12533e-08
23199,Solyc09g057960.1,transposed,gbM,Solyc02g079990.3,0.712003,3.63575,0.195834,0
23200,Solyc09g059210.1,transposed,TE-like,Solyc06g076520.1,0.109116,0.412218,0.264706,0.00122886
23201,Solyc09g059240.3,transposed,Unclassified,Solyc12g088970.1,0.407228,4.32714,0.0941103,3.00539e-55
23202,Solyc09g059270.3,transposed,TE-like,Solyc06g083270.3,0.151632,0.983961,0.154104,1.61595e-21
23203,Solyc09g059280.2,transposed,Unmethylated,Solyc02g077480.1,0.125329,2.14911,0.058317,8.79411e-21
23204,Solyc09g059310.3,transposed,TE-like,Solyc06g083300.3,0.142657,0.876528,0.162752,1.21001e-40
23205,Solyc09g059320.2,transposed,TE-like,Solyc01g093970.4,0.380493,3.12521,0.12175,2.28504e-15
23206,Solyc09g059330.2,transposed,TE-like,Solyc01g093970.4,0.588513,3.71464,0.158431,7.89654e-26
23207,Solyc09g059430.3,transposed,Unclassified,Solyc11g012010.2,0.638966,3.54879,0.180052,1.42241e-16
23208,Solyc09g059470.3,transposed,Unclassified,Solyc06g083370.3,0.147893,0.788494,0.187564,8.14824e-31
23209,Solyc09g059473.1,transposed,Unclassified,Solyc06g083370.3,0.498954,2.41489,0.206615,2.24751e-11
23210,Solyc09g059500.3,transposed,Unclassified,Solyc06g083350.3,0.0849599,0.913718,0.0929826,1.36968e-27
23211,Solyc09g059520.3,transposed,gbM,Solyc06g072750.3,0.608889,4.04647,0.150474,1.2366e-29
23212,Solyc09g059570.3,transposed,gbM,Solyc02g032930.3,0.472656,3.72528,0.126878,8.91374e-28
23213,Solyc09g059620.3,transposed,Unclassified,Solyc05g006320.3,0.257666,2.83198,0.0909844,1.81425e-15
23214,Solyc09g059630.2,transposed,TE-like,Solyc12g098420.2,0.35075,2.30994,0.151844,3.62718e-19
23215,Solyc09g059710.2,transposed,TE-like,Solyc01g097460.3,0.236161,1.01696,0.232222,3.52103e-05
23216,Solyc09g059720.1,transposed,TE-like,Solyc01g097460.3,0.260697,0.327409,0.796242,0.475017
23217,Solyc09g059740.2,transposed,TE-like,Solyc06g054160.1,0.170337,0.290657,0.586041,0.0673462
23218,Solyc09g059750.1,transposed,TE-like,Solyc10g085760.1,0.310011,1.918,0.161632,3.94288e-09
23219,Solyc09g059770.1,transposed,TE-like,Solyc11g012330.2,0.256962,1.6648,0.15435,6.0851e-13
23220,Solyc09g059850.2,transposed,TE-like,Solyc04g077460.3,0.343727,0.409288,0.839818,0.580906
23221,Solyc09g059880.1,transposed,TE-like,Solyc04g077460.3,0.223689,0.163405,1.36892,0.26195
23222,Solyc09g059970.3,transposed,Unclassified,Solyc07g049360.3,0.115419,1.37137,0.084163,2.11279e-17
23223,Solyc09g059990.1,transposed,Unmethylated,Solyc02g081180.2,0.63863,3.64413,0.175249,9.15821e-24
23224,Solyc09g060060.1,transposed,TE-like,Solyc06g054160.1,0.215787,0.173251,1.24552,0.646194
23225,Solyc09g060090.3,transposed,gbM,Solyc01g109870.3,0.463775,4.45937,0.104,1.58574e-95
23226,Solyc09g060110.3,transposed,gbM,Solyc03g121230.3,0.702146,4.66098,0.150643,3.91857e-77
23227,Solyc09g060120.1,transposed,Unclassified,Solyc05g013880.1,0.0749854,0.232475,0.322552,0.00158403
23228,Solyc09g060183.1,transposed,TE-like,Solyc02g085160.1,0.474718,3.01629,0.157385,0
23229,Solyc09g061250.3,transposed,gbM,Solyc09g074630.3,0.432515,4.42173,0.0978158,3.06793e-108
23230,Solyc09g061260.1,transposed,TE-like,Solyc06g054160.1,0.28086,0.733207,0.383057,8.61124e-07
23231,Solyc09g061270.3,transposed,TE-like,Solyc12g038630.2,0.57235,3.49487,0.163769,3.14098e-27
23232,Solyc09g061280.3,transposed,gbM,Solyc09g091780.3,0.401101,3.54425,0.113169,4.00645e-20
23233,Solyc09g061350.1,transposed,TE-like,Solyc06g054150.1,0.176026,0.171777,1.02474,0.722826
23234,Solyc09g061370.1,transposed,TE-like,Solyc06g054160.1,0.123317,0.236511,0.521401,0.0282995
23235,Solyc09g061450.1,transposed,TE-like,Solyc11g021130.1,0.478657,0.484044,0.988871,0.895819
23236,Solyc09g061460.2,transposed,Unclassified,Solyc01g017180.2,0.272163,0.354854,0.76697,0.256379
23237,Solyc09g061500.2,transposed,TE-like,Solyc06g054160.1,0.132918,0.202533,0.656276,0.162487
23238,Solyc09g061510.1,transposed,TE-like,Solyc06g054150.1,0.213539,0.278525,0.766677,0.593819
23239,Solyc09g061590.1,transposed,TE-like,Solyc06g054160.1,0.104874,0.19177,0.546873,0.14585
23240,Solyc09g061600.1,transposed,TE-like,Solyc06g054160.1,0.211848,0.134938,1.56996,0.310386
23241,Solyc09g061793.1,transposed,TE-like,Solyc02g065230.3,0.106108,0.517931,0.204869,7.68714e-22
23242,Solyc09g061795.1,transposed,TE-like,Solyc02g065230.3,0.155579,0.621812,0.250203,5.64588e-14
23243,Solyc09g061820.3,transposed,Unclassified,Solyc01g111540.3,0.0115084,0.110346,0.104293,0
23244,Solyc09g061840.3,transposed,TE-like,Solyc07g045350.3,0.606282,4.20755,0.144094,6.79891e-39
23245,Solyc09g061930.3,transposed,gbM,Solyc05g052350.3,0.663853,4.48029,0.148172,1.14553e-76
23246,Solyc09g061940.2,transposed,gbM,Solyc04g064940.3,0.429491,4.91367,0.0874075,2.29883e-191
23247,Solyc09g063015.1,transposed,Unclassified,Solyc06g008030.3,0.338009,1.54229,0.21916,5.70353e-09
23248,Solyc09g063070.3,transposed,TE-like,Solyc08g077220.3,0.651936,3.81852,0.17073,3.17252e-22
23249,Solyc09g063140.3,transposed,gbM,Solyc09g074880.3,0.674422,3.96259,0.170197,1.82614e-26
23250,Solyc09g063150.3,transposed,Unclassified,Solyc09g091130.3,0.344975,3.51792,0.098062,2.96133e-24
23251,Solyc09g064230.2,transposed,gbM,Solyc08g008020.1,0.336664,4.84843,0.0694377,6.37793e-186
23252,Solyc09g064310.3,transposed,TE-like,Solyc07g044850.3,0.583338,2.39369,0.243698,2.55973e-14
23253,Solyc09g064320.3,transposed,TE-like,Solyc07g044850.3,0.413222,3.77232,0.109541,1.08404e-39
23254,Solyc09g064370.3,transposed,gbM,Solyc04g064710.3,0.32358,4.17136,0.0775718,2.99418e-55
23255,Solyc09g064440.3,transposed,TE-like,Solyc03g007530.3,0.538795,5.16699,0.104276,1.81234e-134
23256,Solyc09g064470.3,transposed,Unclassified,Solyc12g056260.1,0.655543,3.92117,0.16718,1.75829e-39
23257,Solyc09g064480.1,transposed,Unclassified,Solyc08g080930.1,0.454738,3.1391,0.144863,1.92832e-17
23258,Solyc09g064490.2,transposed,gbM,Solyc07g041970.3,0.49357,4.68773,0.10529,5.63258e-87
23259,Solyc09g064520.3,transposed,gbM,Solyc03g093330.3,0.47456,4.84784,0.097891,1.39696e-148
23260,Solyc09g064530.3,transposed,gbM,Solyc09g090910.2,0.368208,3.73429,0.0986019,1.35253e-35
23261,Solyc09g064630.3,transposed,Unclassified,Solyc09g090930.3,0.583141,3.94876,0.147677,1.41562e-20
23262,Solyc09g064730.3,transposed,TE-like,Solyc06g008940.3,0.407444,3.34067,0.121965,1.12698e-14
23263,Solyc09g064850.3,transposed,TE-like,Solyc08g080940.3,0.281148,3.52717,0.0797091,1.5686e-38
23264,Solyc09g064880.1,transposed,TE-like,Solyc03g098280.3,0.104586,0.236529,0.44217,0.0472379
23265,Solyc09g064990.1,transposed,TE-like,Solyc06g076910.2,0.518622,3.29906,0.157203,7.60055e-13
23266,Solyc09g065020.3,transposed,gbM,Solyc10g083230.1,0.706456,4.06956,0.173595,2.56882e-16
23267,Solyc09g065070.2,transposed,TE-like,Solyc08g006990.2,0.472645,4.11524,0.114852,1.48439e-39
23268,Solyc09g065080.2,transposed,TE-like,Solyc03g111840.3,0.64892,2.99353,0.216774,2.92183e-07
23269,Solyc09g065120.3,transposed,TE-like,Solyc07g006520.3,0.897393,4.43357,0.202409,4.78412e-19
23270,Solyc09g065310.1,transposed,TE-like,Solyc05g055070.3,0.113122,0.31073,0.364052,0.02118
23271,Solyc09g065320.2,transposed,Unclassified,Solyc05g055070.3,0.553793,1.74839,0.316745,6.86227e-08
23272,Solyc09g065700.3,transposed,TE-like,Solyc01g094060.3,0.827381,5.20674,0.158906,2.22525e-97
23273,Solyc09g065720.3,transposed,TE-like,Solyc10g054910.1,0.313825,3.62411,0.0865935,7.89819e-39
23274,Solyc09g065790.1,transposed,TE-like,Solyc02g091280.3,0.777919,2.06805,0.37616,9.47296e-06
23275,Solyc09g065870.3,transposed,TE-like,Solyc03g111870.3,0.306753,3.79543,0.0808218,2.78525e-72
23276,Solyc09g065890.3,transposed,TE-like,Solyc09g098460.1,0.475599,4.13468,0.115027,6.13728e-45
23277,Solyc09g065940.3,transposed,Unclassified,Solyc01g099740.3,0.0743751,0.233826,0.318079,0.000214018
23278,Solyc09g065950.3,transposed,TE-like,Solyc01g099715.1,0.00939536,0.104552,0.0898629,1.81528e-08
23279,Solyc09g066080.2,transposed,TE-like,Solyc08g023280.3,0.529655,3.90323,0.135697,3.53238e-20
23280,Solyc09g066150.1,transposed,Unclassified,Solyc03g111280.1,0.447547,4.28614,0.104417,3.20665e-56
23281,Solyc09g066210.3,transposed,Unclassified,Solyc09g065400.2,0.833523,3.93345,0.211906,3.34268e-20
23282,Solyc09g066280.3,transposed,gbM,Solyc09g011170.3,0.756911,4.57005,0.165624,7.87025e-41
23283,Solyc09g066290.3,transposed,TE-like,Solyc03g114320.3,0.879427,4.49271,0.195745,2.24195e-23
23284,Solyc09g066350.1,transposed,Unclassified,Solyc09g089910.1,0.319933,3.15937,0.101265,0
23285,Solyc09g066380.2,transposed,TE-like,Solyc01g017060.2,0.200933,1.02193,0.196622,3.29957e-06
23286,Solyc09g066450.2,transposed,gbM,Solyc10g074680.2,0.409887,4.31851,0.0949142,3.88101e-83
23287,Solyc09g072510.1,transposed,TE-like,Solyc09g074250.3,0.476989,3.51233,0.135804,3.40109e-31
23288,Solyc09g072560.3,transposed,Unclassified,Solyc09g025210.3,0.470759,4.3302,0.108715,3.92534e-47
23289,Solyc09g072570.3,transposed,TE-like,Solyc06g083890.3,0.0463078,0.559724,0.0827333,9.76687e-51
23290,Solyc09g072583.1,transposed,TE-like,Solyc04g081490.3,0.359861,0.866226,0.415436,0.0163769
23291,Solyc09g072630.3,transposed,Unmethylated,Solyc06g069290.3,0.668472,4.14812,0.161151,1.52591e-39
23292,Solyc09g072690.1,transposed,Unclassified,Solyc07g042000.3,0.446208,4.38073,0.101857,2.2483e-64
23293,Solyc09g072700.3,transposed,TE-like,Solyc01g101050.3,0.443243,3.87757,0.114309,2.39882e-32
23294,Solyc09g073010.2,transposed,TE-like,Solyc09g066410.2,0.124321,0.354702,0.350493,7.76209e-09
23295,Solyc09g074050.3,transposed,Unclassified,Solyc04g008240.3,0.642508,4.42321,0.145258,2.89596e-38
23296,Solyc09g074240.1,transposed,gbM,Solyc02g078530.3,0.545578,4.07325,0.133942,7.84746e-37
23297,Solyc09g074260.1,transposed,Unclassified,Solyc09g015170.3,0.699906,4.07851,0.171608,3.66768e-36
23298,Solyc09g074300.1,transposed,Unmethylated,Solyc03g005227.1,0.124177,3.44071,0.0360904,7.33466e-41
23299,Solyc09g074310.3,transposed,gbM,Solyc09g082720.3,0.704558,4.00127,0.176084,8.30424e-34
23300,Solyc09g074320.3,transposed,TE-like,Solyc06g073960.3,0.248963,4.76718,0.0522244,5.07576e-197
23301,Solyc09g074430.3,transposed,Unclassified,Solyc09g064160.3,0.453472,3.94206,0.115034,8.83437e-48
23302,Solyc09g074460.2,transposed,Unclassified,Solyc04g009170.2,0.611725,3.82979,0.159728,1.48178e-51
23303,Solyc09g074530.3,transposed,TE-like,Solyc03g097560.3,0.386842,3.89677,0.0992725,5.42065e-37
23304,Solyc09g074560.3,transposed,Unclassified,Solyc12g006240.2,0.861835,4.00972,0.214936,1.37169e-15
23305,Solyc09g074810.3,transposed,TE-like,Solyc03g006910.3,0.42267,3.426,0.123371,1.79782e-20
23306,Solyc09g074830.3,transposed,gbM,Solyc09g090090.2,0.865998,3.93011,0.220349,1.48978e-10
23307,Solyc09g074950.3,transposed,TE-like,Solyc03g110900.3,0.352234,4.87704,0.0722229,7.31141e-159
23308,Solyc09g074960.1,transposed,Unclassified,Solyc03g031920.3,0.297008,4.51867,0.0657292,4.32139e-96
23309,Solyc09g075120.3,transposed,Unclassified,Solyc10g085920.2,0.218508,4.27486,0.0511147,2.29731e-93
23310,Solyc09g075140.3,transposed,TE-like,Solyc02g063160.3,0.485908,3.91166,0.12422,1.34686e-35
23311,Solyc09g075320.1,transposed,Unmethylated,Solyc06g063110.2,0.583665,3.59943,0.162155,4.85851e-13
23312,Solyc09g075350.3,transposed,Unclassified,Solyc06g051960.3,0.505076,4.43604,0.113857,5.16323e-70
23313,Solyc09g075360.3,transposed,gbM,Solyc11g040340.2,0.340044,4.2658,0.0797141,3.20314e-69
23314,Solyc09g075390.3,transposed,TE-like,Solyc09g098590.3,0.0529294,0.206334,0.256523,5.55923e-20
23315,Solyc09g075420.3,transposed,Unmethylated,Solyc06g063070.3,0.498427,3.79379,0.13138,1.09935e-29
23316,Solyc09g075440.3,transposed,TE-like,Solyc12g011330.3,0.210038,4.55796,0.0460815,1.54739e-151
23317,Solyc09g075460.3,transposed,gbM,Solyc05g049980.3,0.480911,4.21518,0.11409,3.62717e-50
23318,Solyc09g075470.2,transposed,Unclassified,Solyc01g100230.3,0.447384,3.18434,0.140495,5.44903e-13
23319,Solyc09g075650.3,transposed,Unclassified,Solyc08g062810.1,0.552515,3.07502,0.179678,2.6948e-15
23320,Solyc09g075720.3,transposed,Unclassified,Solyc09g008010.3,0.224005,4.26011,0.0525819,1.81018e-80
23321,Solyc09g075730.3,transposed,gbM,Solyc03g121230.3,0.753251,4.32796,0.174043,1.61834e-41
23322,Solyc09g075970.3,transposed,TE-like,Solyc04g072810.3,0.827166,3.86651,0.213931,1.58947e-15
23323,Solyc09g076000.3,transposed,gbM,Solyc03g112140.3,0.461743,4.48162,0.103031,1.81062e-101
23324,Solyc09g076040.3,transposed,TE-like,Solyc11g066990.2,0.874802,4.2425,0.2062,6.57599e-21
23325,Solyc09g082050.3,transposed,TE-like,Solyc10g077070.2,0.140887,1.1325,0.124404,1.75375e-59
23326,Solyc09g082060.3,transposed,gbM,Solyc08g014340.3,0.157835,4.0829,0.0386576,2.66116e-88
23327,Solyc09g082400.2,transposed,gbM,Solyc02g079260.2,0.711393,4.50887,0.157776,1.46106e-51
23328,Solyc09g082660.3,transposed,TE-like,Solyc10g050160.2,0.307813,3.72811,0.0825653,3.54146e-37
23329,Solyc09g082760.3,transposed,gbM,Solyc01g101240.3,0.377363,3.60744,0.104607,1.04709e-48
23330,Solyc09g082910.1,transposed,TE-like,Solyc05g055070.3,0.097565,0.195789,0.498317,0.0177442
23331,Solyc09g082950.1,transposed,Unmethylated,Solyc03g025340.1,0.545442,4.0759,0.133821,1.65115e-26
23332,Solyc09g082960.1,transposed,TE-like,Solyc07g054560.1,0.188952,0.436998,0.432387,0.0132623
23333,Solyc09g082990.3,transposed,gbM,Solyc01g097340.3,0.042447,1.77566,0.023905,1.55756e-104
23334,Solyc09g089580.3,transposed,TE-like,Solyc09g089730.3,0.175959,0.49482,0.355601,9.33511e-10
23335,Solyc09g089850.3,transposed,gbM,Solyc09g011230.3,0.315157,2.64821,0.119008,1.64743e-19
23336,Solyc09g089870.3,transposed,gbM,Solyc07g064040.3,0.412536,3.63294,0.113554,3.9624e-39
23337,Solyc09g090100.3,transposed,TE-like,Solyc04g074180.4,0.35859,4.46319,0.0803439,1.09003e-101
23338,Solyc09g090110.3,transposed,gbM,Solyc09g010440.3,0.25487,3.32515,0.0766492,7.26197e-26
23339,Solyc09g090140.3,transposed,gbM,Solyc01g090710.3,0.0853307,4.07985,0.0209152,3.5049e-120
23340,Solyc09g090210.3,transposed,TE-like,Solyc10g080580.1,0.21479,1.3604,0.157888,2.01411e-34
23341,Solyc09g090370.3,transposed,gbM,Solyc12g014170.2,0.874423,4.05012,0.2159,9.61961e-19
23342,Solyc09g090700.1,transposed,gbM,Solyc06g071290.3,0.613331,4.34346,0.141208,3.80257e-39
23343,Solyc09g090730.2,transposed,Unclassified,Solyc01g097370.1,0.940021,2.7432,0.342673,1.46966e-11
23344,Solyc09g090810.2,transposed,TE-like,Solyc10g077070.2,0.660641,4.50804,0.146547,4.721e-55
23345,Solyc09g090830.3,transposed,Unmethylated,Solyc12g015910.1,0.33895,3.18015,0.106583,1.70946e-21
23346,Solyc09g090960.3,transposed,TE-like,Solyc09g007850.3,0.555829,3.5724,0.15559,2.86389e-20
23347,Solyc09g091030.3,transposed,gbM,Solyc08g077530.3,0.348441,4.41802,0.0788681,2.6566e-88
23348,Solyc09g091050.3,transposed,TE-like,Solyc08g078090.1,1.03123,4.34528,0.237323,3.67686e-17
23349,Solyc09g091070.2,transposed,TE-like,Solyc03g115990.2,0.0959896,1.16526,0.0823761,8.37875e-60
23350,Solyc09g091080.3,transposed,gbM,Solyc09g064200.3,0.216328,2.48766,0.0869602,1.48663e-147
23351,Solyc09g091400.3,transposed,TE-like,Solyc04g064940.3,0.382125,4.84497,0.0788705,5.47051e-172
23352,Solyc09g091430.3,transposed,gbM,Solyc09g061890.3,0.14529,4.12132,0.0352532,3.7157e-105
23353,Solyc09g091440.3,transposed,TE-like,Solyc06g071680.3,0.254712,4.19266,0.0607519,0
23354,Solyc09g091460.3,transposed,gbM,Solyc07g006760.3,0.622783,4.76183,0.130786,2.9608e-114
23355,Solyc09g091470.3,transposed,TE-like,Solyc07g045350.3,0.616339,4.23125,0.145664,2.17449e-32
23356,Solyc09g091480.3,transposed,TE-like,Solyc05g053040.3,0.702631,3.75476,0.18713,9.8712e-21
23357,Solyc09g091490.2,transposed,gbM,Solyc03g083245.1,0.565791,4.45699,0.126944,5.91242e-73
23358,Solyc09g091520.2,transposed,TE-like,Solyc06g076870.3,0.181257,3.99082,0.0454186,1.20944e-80
23359,Solyc09g091590.3,transposed,TE-like,Solyc06g083540.3,0.254338,1.89605,0.134142,3.9357e-27
23360,Solyc09g091600.3,transposed,TE-like,Solyc09g061700.3,0.204845,3.64097,0.0562611,5.83876e-51
23361,Solyc09g091700.3,transposed,gbM,Solyc12g096760.2,0.426773,4.05551,0.105233,1.17503e-40
23362,Solyc09g091730.3,transposed,TE-like,Solyc12g098340.2,0.339877,3.79134,0.0896457,1.78815e-32
23363,Solyc09g091740.3,transposed,TE-like,Solyc12g098330.2,0.017733,0.677639,0.0261688,6.90215e-34
23364,Solyc09g091840.3,transposed,TE-like,Solyc09g065900.3,0.422339,4.34503,0.0972004,2.91494e-56
23365,Solyc09g091850.3,transposed,TE-like,Solyc01g103230.3,0.397602,4.4432,0.0894853,1.15681e-89
23366,Solyc09g091870.1,transposed,TE-like,Solyc09g064160.3,0.468394,4.04291,0.115856,3.38407e-42
23367,Solyc09g091900.3,transposed,TE-like,Solyc01g111090.3,0.624436,3.7525,0.166406,3.75641e-19
23368,Solyc09g091910.2,transposed,TE-like,Solyc07g064500.3,0.55606,4.176,0.133156,1.0194e-58
23369,Solyc09g091950.1,transposed,TE-like,Solyc04g054910.3,0.563386,3.69804,0.152347,1.24006e-15
23370,Solyc09g091960.3,transposed,gbM,Solyc12g094440.2,0.408585,3.83903,0.106429,1.52991e-41
23371,Solyc09g091990.3,transposed,gbM,Solyc10g084250.1,0.581158,4.15421,0.139896,6.98901e-58
23372,Solyc09g092020.3,transposed,Unclassified,Solyc10g005750.3,0.523169,3.61613,0.144677,6.36112e-30
23373,Solyc09g092080.3,transposed,TE-like,Solyc12g038980.2,0.704645,3.33508,0.211283,1.84621e-07
23374,Solyc09g092090.3,transposed,TE-like,Solyc07g062190.3,0.790576,3.45838,0.228597,9.27616e-10
23375,Solyc09g092100.3,transposed,TE-like,Solyc03g097670.3,0.941534,5.06353,0.185944,2.87355e-69
23376,Solyc09g092130.3,transposed,TE-like,Solyc03g098290.3,0.898142,4.61807,0.194484,2.84858e-26
23377,Solyc09g092140.3,transposed,TE-like,Solyc11g007550.1,0.790042,4.21621,0.187382,6.14224e-28
23378,Solyc09g092170.2,transposed,TE-like,Solyc11g069270.2,0.39011,4.69489,0.0830925,2.93048e-151
23379,Solyc09g092270.3,transposed,TE-like,Solyc03g097500.3,1.00821,4.1218,0.244604,1.5706e-10
23380,Solyc09g092340.3,transposed,Unclassified,Solyc08g007350.2,0.70756,4.68587,0.150999,1.09537e-09
23381,Solyc09g092420.2,transposed,Unclassified,Solyc08g075710.3,0.234329,3.90883,0.0599486,3.62685e-59
23382,Solyc09g092450.3,transposed,TE-like,Solyc07g045290.3,0.875852,4.51099,0.19416,8.68935e-27
23383,Solyc09g092530.3,transposed,Unclassified,Solyc04g079000.3,0.649256,2.01949,0.321496,7.69772e-10
23384,Solyc09g092690.3,transposed,gbM,Solyc04g077615.1,0.45327,2.39303,0.189413,2.88626e-41
23385,Solyc09g097860.3,transposed,TE-like,Solyc07g065210.3,0.445353,4.27224,0.104243,2.91109e-61
23386,Solyc09g097865.1,transposed,gbM,Solyc07g065210.3,0.63821,4.57951,0.139362,2.03138e-52
23387,Solyc09g097870.3,transposed,Unclassified,Solyc05g010610.3,0.572881,3.95635,0.1448,5.42975e-45
23388,Solyc09g097900.3,transposed,gbM,Solyc11g012460.2,0.270355,3.69079,0.0732512,1.20765e-47
23389,Solyc09g097910.3,transposed,gbM,Solyc01g057830.3,0.83937,3.99262,0.21023,1.09465e-12
23390,Solyc09g097930.3,transposed,TE-like,Solyc09g090300.3,0.276876,2.96844,0.0932733,1.22956e-25
23391,Solyc09g098040.3,transposed,TE-like,Solyc05g005020.3,0.991466,4.9426,0.200596,1.37757e-32
23392,Solyc09g098070.3,transposed,gbM,Solyc01g103490.3,0.477079,4.48126,0.106461,1.06859e-62
23393,Solyc09g098080.3,transposed,TE-like,Solyc12g014010.2,0.406486,4.25265,0.0955843,1.59488e-60
23394,Solyc09g098110.3,transposed,Unclassified,Solyc10g079050.2,0.698108,4.01774,0.173757,8.89779e-28
23395,Solyc09g098120.3,transposed,Unclassified,Solyc03g005940.3,0.597634,3.72388,0.160487,1.99288e-21
23396,Solyc09g098150.3,transposed,gbM,Solyc01g088710.3,0.657063,3.73237,0.176045,0
23397,Solyc09g098170.3,transposed,gbM,Solyc11g012460.2,0.268201,3.68506,0.0727806,1.64381e-46
23398,Solyc09g098240.3,transposed,TE-like,Solyc05g010160.3,1.10215,4.72697,0.233163,1.98821e-21
23399,Solyc09g098260.2,transposed,TE-like,Solyc01g095890.3,0.847487,4.69384,0.180553,8.49487e-71
23400,Solyc09g098270.3,transposed,TE-like,Solyc06g068040.3,0.479122,4.07288,0.117637,2.65283e-40
23401,Solyc09g098290.3,transposed,gbM,Solyc06g048620.3,0.5141,4.81981,0.106664,4.51832e-109
23402,Solyc09g098320.1,transposed,TE-like,Solyc01g103390.3,0.301327,3.39671,0.0887115,3.39196e-22
23403,Solyc09g098390.3,transposed,gbM,Solyc02g085420.3,0.856213,4.00045,0.214029,5.82135e-22
23404,Solyc09g098410.2,transposed,TE-like,Solyc05g054890.3,0.572054,4.55636,0.125551,4.51619e-73
23405,Solyc09g098420.2,transposed,gbM,Solyc04g051510.1,0.700903,4.95009,0.141594,1.43587e-133
23406,Solyc09g098610.2,transposed,TE-like,Solyc02g090290.3,0.284957,1.73364,0.164369,2.55366e-34
23407,Solyc10g005000.3,transposed,TE-like,Solyc09g082560.3,0.751409,3.96613,0.189457,1.66408e-25
23408,Solyc10g005040.3,transposed,Unclassified,Solyc01g007220.3,0.783823,3.68195,0.212883,2.50045e-13
23409,Solyc10g005050.3,transposed,Unclassified,Solyc01g095430.3,0.782763,2.22088,0.352456,7.44625e-05
23410,Solyc10g005060.3,transposed,TE-like,Solyc06g083445.1,0.417754,4.03847,0.103444,2.00561e-38
23411,Solyc10g005080.3,transposed,TE-like,Solyc01g095030.3,0.793944,3.83225,0.207174,5.98806e-30
23412,Solyc10g005090.3,transposed,TE-like,Solyc09g065710.1,0.679942,4.56991,0.148787,2.83774e-72
23413,Solyc10g005120.2,transposed,TE-like,Solyc03g080190.3,0.664477,3.96036,0.167782,5.04185e-30
23414,Solyc10g005140.1,transposed,Unclassified,Solyc02g090110.3,0.782406,4.41519,0.177208,5.68722e-52
23415,Solyc10g005250.3,transposed,gbM,Solyc07g064560.3,0.847006,4.18206,0.202533,1.56137e-16
23416,Solyc10g005280.1,transposed,Unclassified,Solyc02g062910.2,0.712542,4.11398,0.1732,5.18557e-20
23417,Solyc10g005300.3,transposed,gbM,Solyc10g006340.3,0.295282,4.06627,0.0726174,5.70267e-46
23418,Solyc10g005320.3,transposed,TE-like,Solyc07g064280.3,0.30675,4.31515,0.0710869,1.40928e-78
23419,Solyc10g005400.3,transposed,TE-like,Solyc06g062430.3,0.171536,3.82908,0.0447982,1.53445e-89
23420,Solyc10g005430.3,transposed,Unclassified,Solyc10g006650.3,0.116161,1.8415,0.0630795,2.0005e-41
23421,Solyc10g005450.2,transposed,TE-like,Solyc02g079310.2,0.151398,1.06889,0.141641,2.35321e-38
23422,Solyc10g005460.3,transposed,TE-like,Solyc02g079280.3,0.157546,2.63622,0.059762,2.94504e-48
23423,Solyc10g005480.3,transposed,Unclassified,Solyc02g079150.2,0.198293,1.76404,0.112409,1.47044e-21
23424,Solyc10g005500.3,transposed,gbM,Solyc01g006150.3,0.421162,4.20315,0.100202,3.24933e-54
23425,Solyc10g005510.3,transposed,TE-like,Solyc06g071920.3,0.206225,4.14154,0.0497943,4.75403e-67
23426,Solyc10g005550.2,transposed,TE-like,Solyc09g090130.3,0.247617,3.1389,0.0788865,0
23427,Solyc10g005560.3,transposed,Unclassified,Solyc10g006480.2,0.29665,2.92795,0.101316,7.48246e-24
23428,Solyc10g005620.3,transposed,gbM,Solyc01g097160.3,0.738359,2.46125,0.299994,3.59511e-12
23429,Solyc10g005760.2,transposed,TE-like,Solyc02g079280.3,0.493443,3.58994,0.137452,1.65887e-37
23430,Solyc10g005790.3,transposed,TE-like,Solyc07g065790.2,0.108197,1.24871,0.0866468,5.14537e-64
23431,Solyc10g005880.3,transposed,TE-like,Solyc07g065890.3,0.0433308,0.581811,0.0744757,7.19192e-50
23432,Solyc10g005910.2,transposed,TE-like,Solyc04g072775.1,0.934191,4.35928,0.214299,4.69291e-21
23433,Solyc10g005925.1,transposed,TE-like,Solyc07g065950.3,0.151218,1.01887,0.148417,5.7762e-27
23434,Solyc10g006080.2,transposed,gbM,Solyc01g067710.3,0.318424,4.43395,0.071815,2.14335e-98
23435,Solyc10g006230.3,transposed,Unclassified,Solyc12g009200.2,0.325541,3.87745,0.0839576,1.28593e-37
23436,Solyc10g006330.3,transposed,gbM,Solyc07g041180.3,0.731395,4.65215,0.157217,8.43335e-44
23437,Solyc10g006420.3,transposed,TE-like,Solyc03g031760.3,0.486441,3.15385,0.154237,5.03388e-13
23438,Solyc10g006423.1,transposed,TE-like,Solyc03g031760.3,0.529615,3.81863,0.138692,1.40971e-34
23439,Solyc10g006560.3,transposed,Unclassified,Solyc03g005227.1,0.147401,3.25804,0.0452422,2.14656e-42
23440,Solyc10g006680.2,transposed,Unclassified,Solyc07g063735.1,0.139074,2.73289,0.0508891,1.8837e-09
23441,Solyc10g006800.3,transposed,TE-like,Solyc02g088560.3,0.427532,4.55253,0.0939108,3.57861e-85
23442,Solyc10g006830.3,transposed,TE-like,Solyc02g079020.3,0.366384,3.05302,0.120007,6.97559e-13
23443,Solyc10g006860.3,transposed,TE-like,Solyc12g100220.2,0.143113,0.499855,0.286309,5.71469e-11
23444,Solyc10g006920.3,transposed,TE-like,Solyc02g078480.3,0.388078,4.21117,0.0921544,1.56606e-48
23445,Solyc10g006930.3,transposed,TE-like,Solyc02g082350.3,0.867706,4.30108,0.201742,2.63755e-24
23446,Solyc10g006990.3,transposed,TE-like,Solyc01g090860.3,0.815167,4.25806,0.191441,1.00565e-22
23447,Solyc10g007107.1,transposed,Unclassified,Solyc07g053690.3,0.109027,1.74747,0.0623916,4.93402e-15
23448,Solyc10g007130.3,transposed,TE-like,Solyc08g066390.3,0.527011,3.83324,0.137485,7.43944e-37
23449,Solyc10g007150.3,transposed,TE-like,Solyc10g008800.3,0.183134,4.42866,0.041352,3.35801e-102
23450,Solyc10g007280.3,transposed,TE-like,Solyc04g080680.3,0.361877,1.9121,0.189256,1.6014e-38
23451,Solyc10g007505.1,transposed,TE-like,Solyc07g062080.3,0.0782223,0.67257,0.116304,4.39755e-20
23452,Solyc10g007520.2,transposed,TE-like,Solyc04g076070.1,0.727055,3.99858,0.181828,2.18593e-32
23453,Solyc10g007680.3,transposed,gbM,Solyc02g081250.2,0.854682,4.21484,0.202779,1.65234e-18
23454,Solyc10g007690.3,transposed,Unclassified,Solyc12g009200.2,0.555779,3.84224,0.14465,1.01738e-23
23455,Solyc10g007800.3,transposed,TE-like,Solyc07g055950.3,0.321335,1.48915,0.215784,1.13522e-10
23456,Solyc10g007820.3,transposed,Unclassified,Solyc03g116350.3,0.378754,3.40858,0.111118,1.19149e-23
23457,Solyc10g007830.1,transposed,Unclassified,Solyc06g069290.3,0.770648,4.19768,0.183589,5.1392e-30
23458,Solyc10g007860.3,transposed,TE-like,Solyc08g007050.2,0.388757,1.21943,0.318803,5.13634e-15
23459,Solyc10g007950.3,transposed,TE-like,Solyc07g055300.3,0.057165,1.25841,0.0454265,1.69459e-114
23460,Solyc10g007960.1,transposed,TE-like,Solyc04g079730.1,0.380718,4.32653,0.087996,1.04763e-94
23461,Solyc10g007970.2,transposed,TE-like,Solyc07g055280.3,0.297209,1.16029,0.25615,7.76016e-12
23462,Solyc10g007990.3,transposed,TE-like,Solyc02g067440.3,0.494549,3.70814,0.133368,2.1959e-35
23463,Solyc10g008000.1,transposed,TE-like,Solyc10g007310.1,0.20994,3.53795,0.0593395,5.75154e-48
23464,Solyc10g008060.3,transposed,TE-like,Solyc11g007710.2,0.644534,3.86728,0.166664,7.46991e-25
23465,Solyc10g008070.3,transposed,TE-like,Solyc07g062660.3,0.339508,4.25904,0.0797148,3.04561e-66
23466,Solyc10g008090.1,transposed,TE-like,Solyc03g031790.1,0.240237,1.77576,0.135287,9.27125e-30
23467,Solyc10g008110.3,transposed,TE-like,Solyc08g078390.3,0.750661,4.46195,0.168236,9.48417e-39
23468,Solyc10g008180.2,transposed,gbM,Solyc07g053650.3,0.134367,0.661474,0.203133,1.77892e-43
23469,Solyc10g008220.3,transposed,TE-like,Solyc05g009630.3,0.438163,4.74246,0.0923916,4.82616e-77
23470,Solyc10g008360.2,transposed,Unclassified,Solyc07g066100.3,0.535926,3.44383,0.155619,2.46597e-18
23471,Solyc10g008390.3,transposed,Unclassified,Solyc07g063190.3,0.374269,1.47605,0.253561,2.84208e-12
23472,Solyc10g008460.3,transposed,TE-like,Solyc07g063310.3,0.216438,2.95775,0.0731766,9.41276e-65
23473,Solyc10g008510.2,transposed,gbM,Solyc09g010450.1,0.776264,4.31726,0.179805,7.12955e-48
23474,Solyc10g008570.3,transposed,TE-like,Solyc02g079260.2,0.784897,4.64319,0.169043,1.14901e-50
23475,Solyc10g008900.3,transposed,TE-like,Solyc10g055190.1,0.308388,1.86647,0.165225,9.91198e-20
23476,Solyc10g009020.3,transposed,gbM,Solyc02g078460.3,0.0823973,0.566825,0.145366,5.70847e-21
23477,Solyc10g009050.3,transposed,gbM,Solyc02g078180.3,0.133156,0.776577,0.171465,7.94683e-35
23478,Solyc10g009060.1,transposed,gbM,Solyc08g082980.2,0.385902,3.89738,0.0990158,1.64546e-47
23479,Solyc10g009080.3,transposed,gbM,Solyc02g077920.3,0.266535,1.27287,0.209396,3.11775e-07
23480,Solyc10g009090.3,transposed,TE-like,Solyc06g066680.3,0.811956,2.65553,0.30576,3.26117e-10
23481,Solyc10g009130.3,transposed,Unclassified,Solyc02g077730.3,0.113702,0.523398,0.217238,9.82646e-07
23482,Solyc10g009220.3,transposed,TE-like,Solyc02g088720.3,0.831166,1.93714,0.429069,5.36228e-08
23483,Solyc10g009240.3,transposed,TE-like,Solyc03g005320.3,0.267107,4.35058,0.0613957,6.97183e-91
23484,Solyc10g009280.3,transposed,Unclassified,Solyc11g006230.2,0.541379,3.56947,0.151669,5.8293e-15
23485,Solyc10g009340.1,transposed,Unclassified,Solyc10g006660.3,0.333169,3.08412,0.108027,7.13348e-19
23486,Solyc10g009390.3,transposed,TE-like,Solyc03g115220.3,0.582202,4.39661,0.132421,2.01599e-59
23487,Solyc10g009440.3,transposed,TE-like,Solyc04g015060.2,0.345871,2.02826,0.170526,1.49785e-13
23488,Solyc10g011710.1,transposed,Unmethylated,Solyc07g056170.3,0.494796,3.07798,0.160754,1.1545e-18
23489,Solyc10g011830.1,transposed,TE-like,Solyc04g072490.3,0.00794066,NA,NA,NA
23490,Solyc10g011840.2,transposed,TE-like,Solyc04g072480.3,0.178057,0.306573,0.580797,0.00736735
23491,Solyc10g011980.3,transposed,TE-like,Solyc12g089140.2,0.477753,3.95829,0.120697,1.85054e-26
23492,Solyc10g011985.1,transposed,TE-like,Solyc01g101160.2,0.83466,3.8637,0.216026,3.28921e-10
23493,Solyc10g012080.3,transposed,Unclassified,Solyc12g056210.2,0.197519,3.35469,0.0588785,0
23494,Solyc10g012100.1,transposed,TE-like,Solyc03g032210.3,0.32631,1.76906,0.184454,1.52159e-14
23495,Solyc10g012140.1,transposed,TE-like,Solyc10g085120.2,0.521351,4.00849,0.130062,4.69294e-33
23496,Solyc10g017490.2,transposed,TE-like,Solyc02g071740.3,0.534562,3.90337,0.136949,2.57257e-38
23497,Solyc10g017495.1,transposed,gbM,Solyc05g013070.3,0.552438,3.12661,0.176689,1.94455e-10
23498,Solyc10g017530.3,transposed,TE-like,Solyc01g094350.3,0.0402263,0.98747,0.0407368,2.7099e-80
23499,Solyc10g017540.3,transposed,TE-like,Solyc01g094370.3,0.2363,0.832196,0.283947,4.06748e-08
23500,Solyc10g017550.3,transposed,TE-like,Solyc01g094400.3,0.065829,0.461208,0.142732,4.20301e-10
23501,Solyc10g017640.1,transposed,Unclassified,Solyc08g080100.3,0.0923268,2.75981,0.0334541,9.15429e-19
23502,Solyc10g017860.1,transposed,TE-like,Solyc10g079390.1,0.164875,0.315642,0.522349,0.118506
23503,Solyc10g018060.2,transposed,TE-like,Solyc01g107740.3,0.902176,3.43149,0.262911,1.04645e-25
23504,Solyc10g018140.2,transposed,Unclassified,Solyc02g085020.3,0.633091,3.67471,0.172283,1.22195e-16
23505,Solyc10g018200.2,transposed,TE-like,Solyc08g079480.3,0.300979,2.51798,0.119532,8.67128e-25
23506,Solyc10g018530.2,transposed,TE-like,Solyc03g025890.2,0.858075,4.31557,0.198833,2.27968e-25
23507,Solyc10g018580.1,transposed,TE-like,Solyc11g021290.2,0.100371,0.133455,0.752098,0.630113
23508,Solyc10g018600.2,transposed,TE-like,Solyc10g081460.2,0.711443,4.51525,0.157565,6.49243e-47
23509,Solyc10g018610.1,transposed,TE-like,Solyc08g075420.3,0.669675,3.38841,0.197637,2.47472e-15
23510,Solyc10g018670.1,transposed,TE-like,Solyc10g005210.3,0.0435866,0.121594,0.358459,0.181462
23511,Solyc10g018710.1,transposed,TE-like,Solyc02g077250.2,0.0366955,0.0452186,0.811513,0.741424
23512,Solyc10g018760.1,transposed,Unclassified,Solyc08g078550.1,0.500113,2.90935,0.171899,2.65361e-15
23513,Solyc10g018850.2,transposed,Unclassified,Solyc09g072900.3,0.139686,0.509896,0.27395,1.0101e-10
23514,Solyc10g018980.2,transposed,TE-like,Solyc02g011930.1,0.46147,0.449851,1.02583,0.747348
23515,Solyc10g019000.2,transposed,TE-like,Solyc02g011920.1,0.147669,0.258627,0.570972,0.0147823
23516,Solyc10g019010.1,transposed,TE-like,Solyc07g021110.1,0.223677,0.600671,0.372379,0.00607325
23517,Solyc10g019030.1,transposed,TE-like,Solyc10g086030.2,0.135087,0.203453,0.663969,0.136398
23518,Solyc10g019207.1,transposed,TE-like,Solyc12g014470.2,0.338315,0.79952,0.423148,0.00191803
23519,Solyc10g019260.2,transposed,TE-like,Solyc01g090530.2,0.24232,1.05589,0.229494,1.44495e-14
23520,Solyc10g019280.2,transposed,TE-like,Solyc06g036480.2,0.276981,2.63839,0.104981,1.68392e-13
23521,Solyc10g024320.2,transposed,TE-like,Solyc08g077440.3,0.639312,4.75853,0.134351,5.7755e-68
23522,Solyc10g024337.1,transposed,Unclassified,Solyc06g062540.3,0.169996,0.594856,0.285776,0.00034215
23523,Solyc10g024350.2,transposed,TE-like,Solyc03g121860.1,0.121998,0.275554,0.442739,0.00874846
23524,Solyc10g024360.2,transposed,TE-like,Solyc02g070530.3,0.492704,4.58934,0.107358,3.71177e-60
23525,Solyc10g024370.2,transposed,gbM,Solyc04g082000.3,0.273781,4.58232,0.0597474,2.01023e-158
23526,Solyc10g024410.2,transposed,TE-like,Solyc08g077200.3,0.122384,4.10685,0.0298001,2.50484e-106
23527,Solyc10g024490.2,transposed,Unclassified,Solyc01g080870.3,0.0881112,1.44131,0.0611327,2.24675e-86
23528,Solyc10g031560.1,transposed,Unclassified,Solyc07g021220.2,0.303575,0.393687,0.771108,0.610592
23529,Solyc10g037850.1,transposed,TE-like,Solyc06g072290.3,0.268026,0.461009,0.581389,0.103278
23530,Solyc10g037870.1,transposed,TE-like,Solyc06g050170.3,0.211961,0.689613,0.307363,0.00871287
23531,Solyc10g037877.1,transposed,TE-like,Solyc06g068400.3,0.294777,0.652497,0.451768,0.00080563
23532,Solyc10g037880.2,transposed,Unclassified,Solyc07g008103.1,0.466939,3.22838,0.144636,6.44006e-23
23533,Solyc10g037910.2,transposed,TE-like,Solyc02g072300.3,0.100377,0.1816,0.552734,0.0305044
23534,Solyc10g038000.2,transposed,TE-like,Solyc01g087030.3,0.193166,0.757902,0.25487,6.95574e-14
23535,Solyc10g038020.2,transposed,TE-like,Solyc04g071650.3,0.399896,3.22883,0.123852,7.09955e-25
23536,Solyc10g038080.2,transposed,TE-like,Solyc01g067750.3,0.443887,4.33267,0.102451,9.83299e-48
23537,Solyc10g038130.2,transposed,TE-like,Solyc01g102350.3,0.14041,2.42756,0.0578399,1.78156e-34
23538,Solyc10g038170.1,transposed,TE-like,Solyc01g090220.3,0.329367,4.03433,0.081641,2.62462e-79
23539,Solyc10g038190.2,transposed,TE-like,Solyc01g090240.3,0.133625,0.657186,0.203329,4.93781e-42
23540,Solyc10g039190.2,transposed,TE-like,Solyc03g097160.3,0.980941,4.72329,0.207682,2.43381e-32
23541,Solyc10g039210.3,transposed,TE-like,Solyc12g088970.1,0.454323,4.29961,0.105666,3.86286e-68
23542,Solyc10g039270.2,transposed,TE-like,Solyc01g091340.3,0.835709,3.76608,0.221904,2.41026e-15
23543,Solyc10g039280.2,transposed,gbM,Solyc12g008620.2,0.316956,3.93513,0.0805453,2.24484e-43
23544,Solyc10g039290.2,transposed,gbM,Solyc01g102360.2,0.184027,2.29782,0.0800879,1.45376e-62
23545,Solyc10g039360.2,transposed,Unmethylated,Solyc05g009200.2,0.887875,3.81943,0.232463,6.2105e-33
23546,Solyc10g039363.1,transposed,gbM,Solyc09g008030.1,0.0180669,0.0432617,0.417617,0.107789
23547,Solyc10g039367.1,transposed,Unclassified,Solyc12g089030.2,0.314691,0.846828,0.371612,0.039028
23548,Solyc10g039390.1,transposed,TE-like,Solyc05g009440.2,0.681621,3.65285,0.1866,7.62507e-11
23549,Solyc10g044450.2,transposed,TE-like,Solyc01g103420.3,0.173652,0.756648,0.229502,4.50523e-25
23550,Solyc10g044470.2,transposed,TE-like,Solyc07g007690.3,0.293428,4.70237,0.0624001,3.96767e-155
23551,Solyc10g044480.2,transposed,TE-like,Solyc04g014570.3,0.539664,4.48112,0.120431,3.97498e-65
23552,Solyc10g044510.2,transposed,TE-like,Solyc07g063260.3,0.555787,4.45165,0.12485,3.07555e-44
23553,Solyc10g044520.2,transposed,TE-like,Solyc05g055280.2,0.422285,3.29964,0.127979,2.33522e-19
23554,Solyc10g044547.1,transposed,TE-like,Solyc10g006540.3,0.2043,0.446625,0.457431,0.00136974
23555,Solyc10g044580.1,transposed,TE-like,Solyc03g071620.1,0.196085,1.50713,0.130105,4.22484e-19
23556,Solyc10g044640.2,transposed,TE-like,Solyc12g098450.2,0.222496,4.10034,0.0542629,1.45821e-63
23557,Solyc10g044670.2,transposed,TE-like,Solyc01g059870.4,0.365907,4.93286,0.0741775,2.44967e-173
23558,Solyc10g044680.2,transposed,TE-like,Solyc01g102340.3,0.252047,1.23675,0.203797,1.91097e-29
23559,Solyc10g044690.2,transposed,Unmethylated,Solyc04g055170.3,0.423758,4.03601,0.104994,8.50292e-31
23560,Solyc10g044740.2,transposed,TE-like,Solyc11g066620.2,0.771699,4.28534,0.180079,7.67017e-35
23561,Solyc10g044860.1,transposed,Unclassified,Solyc06g050170.3,0.21801,0.777957,0.280234,0.000779297
23562,Solyc10g044960.2,transposed,TE-like,Solyc01g073960.3,0.0989392,0.757025,0.130695,1.91453e-34
23563,Solyc10g044967.1,transposed,TE-like,Solyc04g076700.3,0.432397,1.74422,0.247903,1.4867e-13
23564,Solyc10g044975.1,transposed,TE-like,Solyc07g063600.3,0.233047,1.31378,0.177387,1.12821e-08
23565,Solyc10g044980.2,transposed,TE-like,Solyc03g071620.1,0.231963,1.29105,0.17967,1.39415e-08
23566,Solyc10g045050.1,transposed,TE-like,Solyc03g114500.3,0.0750434,0.0778643,0.963771,0.78367
23567,Solyc10g045060.1,transposed,Unclassified,Solyc05g050090.3,0.344994,1.52792,0.225793,0.000237448
23568,Solyc10g045100.2,transposed,Unclassified,Solyc01g098580.3,0.333928,3.79968,0.0878832,4.15898e-48
23569,Solyc10g045190.2,transposed,Unclassified,Solyc09g082420.1,0.341411,1.06111,0.321749,5.45619e-05
23570,Solyc10g045240.2,transposed,Unclassified,Solyc01g074030.3,0.34417,4.2602,0.0807871,1.63845e-76
23571,Solyc10g045270.2,transposed,TE-like,Solyc09g082470.3,0.0965055,1.46266,0.0659795,8.31373e-34
23572,Solyc10g045290.2,transposed,TE-like,Solyc09g082510.3,0.238876,0.577574,0.413586,9.52889e-31
23573,Solyc10g045420.2,transposed,gbM,Solyc01g086640.2,0.0914164,1.40965,0.0648505,9.60158e-71
23574,Solyc10g045430.2,transposed,Unclassified,Solyc01g098580.3,0.130785,3.01478,0.0433814,1.22165e-45
23575,Solyc10g045450.1,transposed,TE-like,Solyc02g088000.3,0.186882,0.199139,0.938451,0.846913
23576,Solyc10g045490.1,transposed,Unclassified,Solyc04g074280.1,0.800887,4.05327,0.19759,8.18311e-20
23577,Solyc10g045500.2,transposed,Unclassified,Solyc03g118200.3,0.227097,3.16941,0.0716529,1.4722e-26
23578,Solyc10g045520.2,transposed,TE-like,Solyc03g118200.3,0.309365,3.14888,0.098246,0
23579,Solyc10g045550.2,transposed,TE-like,Solyc01g103380.3,0.0549194,0.708903,0.077471,3.99436e-26
23580,Solyc10g045600.2,transposed,TE-like,Solyc03g122250.3,0.366936,4.40167,0.083363,1.87199e-68
23581,Solyc10g045610.1,transposed,TE-like,Solyc09g010850.3,0.762974,3.36042,0.227048,4.74234e-18
23582,Solyc10g045620.2,transposed,TE-like,Solyc09g011340.3,0.912292,3.92081,0.232679,3.72701e-10
23583,Solyc10g045690.1,transposed,TE-like,Solyc03g006880.3,0.200552,0.646794,0.310071,8.43069e-07
23584,Solyc10g046770.2,transposed,TE-like,Solyc02g072150.3,0.754483,2.68096,0.281422,3.90639e-12
23585,Solyc10g046773.1,transposed,TE-like,Solyc03g006880.3,0.35069,0.830188,0.422422,0.000443538
23586,Solyc10g046820.2,transposed,TE-like,Solyc03g006880.3,0.203479,0.540172,0.376693,2.46434e-05
23587,Solyc10g046840.1,transposed,TE-like,Solyc02g088000.3,0.360027,1.45849,0.246849,6.31113e-07
23588,Solyc10g046870.1,transposed,TE-like,Solyc03g122340.3,0.265114,0.522973,0.506936,0.057183
23589,Solyc10g046970.2,transposed,TE-like,Solyc04g071440.3,0.137019,4.2578,0.0321807,1.07734e-96
23590,Solyc10g047000.2,transposed,TE-like,Solyc05g012710.3,0.890699,3.91738,0.227371,1.3445e-18
23591,Solyc10g047030.3,transposed,gbM,Solyc01g104950.3,0.14567,1.70736,0.085319,2.70503e-88
23592,Solyc10g047050.2,transposed,TE-like,Solyc07g063080.3,0.864115,4.67332,0.184904,1.18936e-33
23593,Solyc10g047060.2,transposed,TE-like,Solyc07g063420.3,0.484543,3.39658,0.142656,0
23594,Solyc10g047083.1,transposed,TE-like,NA,NA,NA,NA,NA
23595,Solyc10g047085.1,transposed,TE-like,Solyc07g065620.3,0.630531,3.52091,0.179082,8.56948e-11
23596,Solyc10g047087.1,transposed,TE-like,Solyc03g120780.3,0.271449,1.47221,0.184381,2.82542e-08
23597,Solyc10g047110.2,transposed,TE-like,Solyc04g064690.3,0.308929,3.74065,0.082587,1.03485e-47
23598,Solyc10g047130.2,transposed,TE-like,Solyc01g109660.2,0.463229,1.56032,0.296881,6.39917e-12
23599,Solyc10g047140.2,transposed,TE-like,Solyc04g072570.3,0.0906423,4.51648,0.0200693,1.52716e-179
23600,Solyc10g047170.2,transposed,gbM,Solyc09g065560.3,0.359196,4.55454,0.0788654,7.45191e-81
23601,Solyc10g047240.2,transposed,Unmethylated,Solyc05g051980.3,0.414903,3.9507,0.10502,1.5357e-40
23602,Solyc10g047270.2,transposed,TE-like,Solyc04g025990.3,0.355449,4.78459,0.0742903,7.60509e-121
23603,Solyc10g047290.2,transposed,TE-like,Solyc01g105280.3,0.0941986,0.859173,0.109639,2.8886e-24
23604,Solyc10g047310.1,transposed,TE-like,Solyc01g105970.3,0.19973,0.977768,0.204271,5.12232e-07
23605,Solyc10g047320.2,transposed,TE-like,Solyc05g009630.3,0.200124,2.49356,0.0802565,3.5714e-136
23606,Solyc10g047340.2,transposed,Unclassified,Solyc04g074220.3,0.268414,3.98051,0.0674322,2.29552e-58
23607,Solyc10g047350.2,transposed,Unclassified,Solyc07g063500.3,0.453756,3.91374,0.115939,3.84898e-38
23608,Solyc10g047370.2,transposed,TE-like,Solyc01g089870.3,0.682335,4.1671,0.163743,7.5681e-27
23609,Solyc10g047390.1,transposed,TE-like,Solyc02g011820.2,0.169759,0.247667,0.685431,0.48033
23610,Solyc10g047480.1,transposed,TE-like,Solyc08g005080.1,0.2507,0.439406,0.570543,0.000413849
23611,Solyc10g047510.1,transposed,TE-like,Solyc04g076750.2,0.268417,1.26419,0.212323,5.36946e-12
23612,Solyc10g047530.2,transposed,TE-like,Solyc10g086137.1,0.559454,4.43948,0.126018,6.81973e-52
23613,Solyc10g047540.2,transposed,Unclassified,Solyc11g010620.2,0.68001,3.99496,0.170217,8.7233e-23
23614,Solyc10g047560.2,transposed,TE-like,Solyc01g106610.2,0.378981,3.1406,0.120672,2.27663e-12
23615,Solyc10g047630.2,transposed,TE-like,Solyc11g068730.2,0.883522,4.00777,0.220452,2.14518e-14
23616,Solyc10g047640.2,transposed,TE-like,Solyc01g106030.3,0.211253,0.624057,0.338515,7.44576e-10
23617,Solyc10g047670.2,transposed,gbM,Solyc05g007300.3,0.489343,3.36538,0.145405,3.79067e-33
23618,Solyc10g047960.2,transposed,TE-like,Solyc02g092000.3,0.219492,2.38322,0.092099,2.98691e-39
23619,Solyc10g048050.1,transposed,TE-like,Solyc03g121980.3,0.40203,0.896199,0.448594,0.00752286
23620,Solyc10g048180.1,transposed,Unclassified,Solyc02g082510.1,0.274682,4.18984,0.0655591,3.07512e-72
23621,Solyc10g049350.1,transposed,TE-like,Solyc03g019640.1,0.352043,1.51655,0.232134,1.44751e-07
23622,Solyc10g049360.2,transposed,TE-like,Solyc12g088470.2,0.334946,4.10677,0.0815594,8.72768e-51
23623,Solyc10g049410.1,transposed,TE-like,Solyc07g063500.3,0.216571,0.538183,0.402412,0.00257598
23624,Solyc10g049470.1,transposed,gbM,Solyc11g021290.2,0.0619435,0.0502995,1.23149,0.801117
23625,Solyc10g049630.2,transposed,Unclassified,Solyc02g092750.3,0.219815,1.98406,0.11079,5.69505e-48
23626,Solyc10g049640.2,transposed,Unclassified,Solyc08g005540.2,0.348544,4.30697,0.0809256,1.46614e-64
23627,Solyc10g049660.2,transposed,gbM,Solyc01g107180.3,0.131805,0.668743,0.197093,1.73327e-37
23628,Solyc10g049710.2,transposed,TE-like,Solyc08g077890.3,0.629074,3.96359,0.158713,1.11764e-23
23629,Solyc10g049800.2,transposed,TE-like,Solyc05g005580.3,0.742137,4.02582,0.184344,3.82821e-35
23630,Solyc10g049830.1,transposed,TE-like,Solyc03g019640.1,0.309709,0.958431,0.323141,0.0235605
23631,Solyc10g049840.1,transposed,TE-like,Solyc03g019640.1,0.338662,1.18178,0.28657,0.000502632
23632,Solyc10g049850.2,transposed,TE-like,Solyc01g107420.2,0.192538,1.10229,0.174671,1.34993e-10
23633,Solyc10g049870.1,transposed,Unclassified,Solyc01g107430.2,0.132267,0.672028,0.196817,6.88048e-11
23634,Solyc10g049890.2,transposed,gbM,Solyc02g086880.3,0.902268,1.67642,0.538211,0.0020694
23635,Solyc10g050030.2,transposed,TE-like,Solyc01g086850.3,0.128954,3.40089,0.0379178,1.39276e-18
23636,Solyc10g050040.1,transposed,TE-like,Solyc10g079030.2,0.0486774,0.149676,0.325219,0.0353423
23637,Solyc10g050080.2,transposed,TE-like,Solyc10g078390.2,0.0892375,0.217959,0.409424,0.00607453
23638,Solyc10g050200.1,transposed,Unclassified,Solyc10g008970.1,0.640923,3.6313,0.1765,4.66162e-13
23639,Solyc10g050300.1,transposed,TE-like,Solyc02g079630.2,0.167674,0.543185,0.308687,0.000761244
23640,Solyc10g050310.1,transposed,TE-like,Solyc01g091870.3,0.195841,0.333114,0.58791,0.0266145
23641,Solyc10g050320.1,transposed,TE-like,Solyc01g091870.3,0.24772,0.509898,0.485822,0.0543509
23642,Solyc10g050580.1,transposed,TE-like,Solyc09g074140.2,0.123657,0.211131,0.585689,0.0373482
23643,Solyc10g050590.1,transposed,TE-like,Solyc09g074140.2,0.122391,0.478891,0.255573,0.00900893
23644,Solyc10g050600.1,transposed,TE-like,Solyc09g074140.2,0.126172,0.116619,1.08192,0.999978
23645,Solyc10g050610.1,transposed,TE-like,Solyc09g074140.2,0.391764,1.04674,0.374271,6.06042e-05
23646,Solyc10g050630.1,transposed,TE-like,Solyc09g074140.2,0.215314,0.517812,0.415816,0.00511598
23647,Solyc10g050710.1,transposed,TE-like,Solyc02g092820.3,0.263435,1.61013,0.163611,2.99613e-20
23648,Solyc10g050757.1,transposed,TE-like,Solyc08g075020.3,0.280003,2.00784,0.139455,1.0259e-40
23649,Solyc10g051050.2,transposed,TE-like,Solyc11g020100.2,0.16666,0.396833,0.419974,1.40359e-11
23650,Solyc10g051095.1,transposed,TE-like,Solyc09g010930.3,0.842129,3.91138,0.215303,6.73635e-13
23651,Solyc10g051120.2,transposed,TE-like,Solyc08g082760.3,0.514598,3.00802,0.171075,9.38247e-06
23652,Solyc10g051135.1,transposed,Unclassified,Solyc01g109310.3,0.308795,1.81545,0.170093,1.38923e-08
23653,Solyc10g051240.1,transposed,Unmethylated,Solyc12g099980.2,0.158376,0.751943,0.210623,0.000178686
23654,Solyc10g051250.1,transposed,Unclassified,Solyc12g099980.2,0.416791,0.915004,0.455507,0.00817457
23655,Solyc10g051257.1,transposed,Unclassified,Solyc12g014070.2,0.601148,3.47391,0.173047,2.52923e-14
23656,Solyc10g051300.2,transposed,Unclassified,Solyc05g007300.3,0.76587,3.40965,0.224619,1.23374e-12
23657,Solyc10g051310.2,transposed,TE-like,Solyc08g075750.3,0.631515,3.89366,0.162191,9.98325e-26
23658,Solyc10g051370.2,transposed,TE-like,Solyc01g109650.3,0.320933,1.79762,0.178532,2.24626e-19
23659,Solyc10g052520.1,transposed,TE-like,Solyc01g094030.3,0.0828542,0.138603,0.597781,0.0551446
23660,Solyc10g052580.2,transposed,TE-like,Solyc11g011680.1,0.177918,0.536156,0.33184,0.00118158
23661,Solyc10g052600.1,transposed,TE-like,Solyc01g099330.3,0.560736,4.04871,0.138497,3.60716e-60
23662,Solyc10g052830.1,transposed,TE-like,Solyc02g079630.2,0.425123,0.968898,0.43877,0.00310577
23663,Solyc10g053910.2,transposed,Unclassified,Solyc02g080870.2,0.357066,3.57398,0.099907,1.77622e-19
23664,Solyc10g054070.1,transposed,TE-like,Solyc04g080970.3,0.37324,3.5644,0.104714,1.14901e-21
23665,Solyc10g054090.2,transposed,TE-like,Solyc04g064760.3,0.190013,0.702002,0.270673,9.26871e-05
23666,Solyc10g054290.1,transposed,Unclassified,Solyc10g074890.2,0.319735,3.48989,0.0916175,2.12669e-21
23667,Solyc10g054300.1,transposed,TE-like,Solyc10g074890.2,0.281761,2.62786,0.107221,7.17072e-22
23668,Solyc10g054310.1,transposed,Unclassified,Solyc10g074890.2,0.296267,2.86241,0.103503,0
23669,Solyc10g054340.1,transposed,Unclassified,Solyc01g110360.3,0.352762,1.21248,0.290944,2.09232e-06
23670,Solyc10g054380.2,transposed,TE-like,Solyc01g110360.3,0.123932,0.796366,0.155622,1.26146e-17
23671,Solyc10g054780.2,transposed,Unclassified,Solyc09g074270.3,0.562828,4.01795,0.140078,1.10722e-35
23672,Solyc10g054915.1,transposed,Unclassified,Solyc04g014530.1,0.308638,1.9357,0.159445,1.44696e-12
23673,Solyc10g054920.2,transposed,TE-like,Solyc03g098280.3,0.0772292,0.384449,0.200883,1.85934e-05
23674,Solyc10g055090.1,transposed,TE-like,Solyc10g055190.1,0.152004,0.453988,0.33482,0.0241742
23675,Solyc10g055710.2,transposed,TE-like,Solyc04g082040.3,0.330689,4.72019,0.0700584,2.03467e-143
23676,Solyc10g055720.2,transposed,TE-like,Solyc01g111880.3,0.108053,0.571413,0.189097,1.53963e-35
23677,Solyc10g055730.2,transposed,Unclassified,Solyc12g096250.2,0.39685,3.91459,0.101377,3.14585e-34
23678,Solyc10g055760.2,transposed,Unclassified,Solyc01g102740.3,0.587981,3.77296,0.155841,1.23486e-31
23679,Solyc10g061860.1,transposed,TE-like,Solyc10g078390.2,0.048636,0.178301,0.272775,0.00109141
23680,Solyc10g061870.1,transposed,TE-like,Solyc01g081177.1,0.246853,1.68386,0.146599,3.06103e-15
23681,Solyc10g061940.2,transposed,TE-like,Solyc06g061000.3,0.129091,3.86597,0.0333917,1.31517e-58
23682,Solyc10g061960.2,transposed,Unclassified,Solyc08g077730.3,0.284481,4.23402,0.0671893,4.36949e-61
23683,Solyc10g061970.2,transposed,Unmethylated,Solyc08g007140.3,NA,1.45494,1.11179e-12,NA
23684,Solyc10g062085.1,transposed,TE-like,Solyc02g062750.3,0.425181,3.7683,0.112831,3.69734e-25
23685,Solyc10g062090.1,transposed,TE-like,Solyc02g085170.3,0.591832,3.21687,0.183978,1.16338e-19
23686,Solyc10g062160.2,transposed,TE-like,Solyc08g077360.3,0.146527,4.50391,0.0325332,2.48465e-134
23687,Solyc10g062230.1,transposed,TE-like,Solyc02g088220.3,0.278924,0.742757,0.375525,0.000133453
23688,Solyc10g062330.1,transposed,TE-like,Solyc11g021310.1,0.0550974,0.0776807,0.709281,0.295351
23689,Solyc10g074520.2,transposed,gbM,Solyc01g112150.3,0.0710445,1.0265,0.0692105,1.94033e-28
23690,Solyc10g074540.1,transposed,Unmethylated,Solyc06g034390.1,0.29994,4.07051,0.073686,9.82745e-68
23691,Solyc10g074620.2,transposed,TE-like,Solyc03g097050.3,0.19231,4.88435,0.0393727,0
23692,Solyc10g074630.2,transposed,TE-like,Solyc02g092330.3,0.818152,3.57609,0.228784,2.01015e-08
23693,Solyc10g074720.2,transposed,Unclassified,Solyc12g095860.2,0.323134,3.93821,0.0820512,2.66494e-64
23694,Solyc10g074780.1,transposed,TE-like,Solyc10g085760.1,0.169237,0.821455,0.206021,1.58169e-08
23695,Solyc10g074870.2,transposed,TE-like,Solyc01g103410.3,0.393154,3.88471,0.101206,1.94917e-60
23696,Solyc10g074945.1,transposed,NA,Solyc03g095770.3,0.372005,3.11217,0.119533,2.41913e-12
23697,Solyc10g075035.1,transposed,TE-like,Solyc02g079020.3,0.600726,4.40695,0.136313,2.50759e-53
23698,Solyc10g075067.1,transposed,TE-like,Solyc12g089030.2,0.601571,1.47965,0.406564,0.00189529
23699,Solyc10g075160.1,transposed,Unmethylated,Solyc11g068430.2,0.389428,3.28161,0.11867,2.67241e-20
23700,Solyc10g075170.2,transposed,gbM,Solyc08g068330.3,0.686394,3.60014,0.190658,7.43101e-26
23701,Solyc10g075175.1,transposed,gbM,Solyc08g068330.3,0.463032,3.72209,0.124401,7.6826e-28
23702,Solyc10g076180.1,transposed,Unclassified,Solyc06g082460.1,0.547814,1.50579,0.363805,1.15073e-11
23703,Solyc10g076250.2,transposed,gbM,Solyc04g054310.3,0.273688,4.30336,0.0635988,4.76137e-71
23704,Solyc10g076270.2,transposed,TE-like,Solyc09g014780.3,0.128223,0.658462,0.194732,1.48312e-39
23705,Solyc10g076390.2,transposed,gbM,Solyc02g071990.3,0.58195,3.41085,0.170617,6.18025e-31
23706,Solyc10g076450.2,transposed,gbM,Solyc09g065640.3,0.453825,4.78744,0.094795,1.85527e-102
23707,Solyc10g076460.2,transposed,Unclassified,Solyc02g076670.3,0.679306,3.72157,0.182532,6.09239e-42
23708,Solyc10g076480.2,transposed,TE-like,Solyc09g065740.2,0.30034,4.35424,0.0689764,8.64869e-76
23709,Solyc10g076590.2,transposed,gbM,Solyc00g007010.3,0.448417,4.50486,0.0995406,4.01657e-66
23710,Solyc10g076650.2,transposed,TE-like,Solyc10g077000.2,0.0949897,0.273565,0.347229,3.04124e-15
23711,Solyc10g076730.1,transposed,TE-like,Solyc06g034370.1,0.628145,3.66558,0.171363,5.33685e-19
23712,Solyc10g076870.2,transposed,TE-like,Solyc01g088800.3,0.858879,4.74076,0.181169,9.92937e-53
23713,Solyc10g076900.2,transposed,gbM,Solyc01g006730.3,0.104153,1.53881,0.0676839,1.16212e-77
23714,Solyc10g078170.2,transposed,TE-like,Solyc05g010810.1,0.526345,4.39698,0.119706,8.0846e-80
23715,Solyc10g078180.2,transposed,TE-like,Solyc06g083260.3,0.813819,3.8345,0.212236,3.78804e-10
23716,Solyc10g078200.1,transposed,TE-like,Solyc08g007350.2,0.445946,3.67742,0.121266,1.6139e-23
23717,Solyc10g078280.3,transposed,Unclassified,Solyc03g111280.1,0.464526,4.28775,0.108338,9.56607e-56
23718,Solyc10g078320.2,transposed,TE-like,Solyc09g008070.3,0.642779,4.5959,0.139859,4.16615e-74
23719,Solyc10g078550.3,transposed,gbM,Solyc03g094010.3,0.13041,4.24136,0.0307472,3.96364e-105
23720,Solyc10g078560.3,transposed,gbM,Solyc01g105340.3,0.818481,3.87946,0.210978,5.67787e-17
23721,Solyc10g078660.2,transposed,Unclassified,Solyc09g008800.3,0.686942,3.45281,0.198952,1.26445e-13
23722,Solyc10g078870.2,transposed,TE-like,Solyc12g062470.2,0.177705,0.318208,0.558456,0.129563
23723,Solyc10g079070.2,transposed,Unclassified,Solyc05g010610.3,0.584083,4.0246,0.145128,2.81187e-29
23724,Solyc10g079090.2,transposed,Unclassified,Solyc02g077670.3,0.758929,3.79142,0.20017,2.86444e-29
23725,Solyc10g079110.2,transposed,gbM,Solyc04g079880.3,0.817905,4.15517,0.19684,8.53352e-20
23726,Solyc10g079170.2,transposed,TE-like,Solyc04g015600.3,0.105926,0.842449,0.125736,1.92837e-78
23727,Solyc10g079180.2,transposed,Unclassified,Solyc12g005190.2,0.503726,3.84426,0.131033,1.81601e-41
23728,Solyc10g079200.2,transposed,gbM,Solyc03g120100.3,0.794942,2.49097,0.319129,1.5159e-10
23729,Solyc10g079250.2,transposed,gbM,Solyc07g066320.3,0.658038,4.13428,0.159166,1.09553e-39
23730,Solyc10g079270.2,transposed,TE-like,Solyc11g069640.2,0.509521,2.98368,0.170769,1.53852e-12
23731,Solyc10g079275.1,transposed,Unclassified,Solyc11g069640.2,0.422251,3.10379,0.136043,4.27952e-12
23732,Solyc10g079290.2,transposed,gbM,Solyc11g062070.2,0.0792704,0.351411,0.225578,7.65139e-12
23733,Solyc10g079405.1,transposed,TE-like,Solyc04g015830.3,0.109826,0.678999,0.161747,6.6749e-46
23734,Solyc10g079450.2,transposed,TE-like,Solyc09g090190.3,0.562316,4.40121,0.127764,2.35259e-66
23735,Solyc10g079490.2,transposed,TE-like,Solyc07g063110.3,0.379873,4.15248,0.091481,1.79972e-64
23736,Solyc10g079550.2,transposed,TE-like,Solyc12g099770.2,0.209399,3.57141,0.058632,1.30576e-31
23737,Solyc10g079610.2,transposed,gbM,Solyc11g071800.2,0.498151,4.20958,0.118338,7.9317e-37
23738,Solyc10g079620.2,transposed,gbM,Solyc01g010830.3,0.465991,3.46227,0.134591,8.62224e-21
23739,Solyc10g079630.1,transposed,gbM,Solyc03g033840.3,0.192823,1.56069,0.12355,1.17088e-45
23740,Solyc10g079670.2,transposed,TE-like,Solyc03g120470.3,0.333462,4.63779,0.071901,7.30096e-95
23741,Solyc10g079720.2,transposed,TE-like,Solyc08g008580.3,0.820634,4.23788,0.193643,7.46719e-29
23742,Solyc10g079730.2,transposed,TE-like,Solyc01g099330.3,0.820455,4.36588,0.187924,1.44556e-21
23743,Solyc10g079990.2,transposed,Unclassified,Solyc02g085470.3,0.78375,3.94489,0.198675,6.48852e-24
23744,Solyc10g080030.2,transposed,TE-like,Solyc04g076700.3,0.560063,3.62086,0.154677,8.65367e-28
23745,Solyc10g080150.2,transposed,TE-like,Solyc01g087560.3,0.1805,4.07762,0.0442661,3.84956e-75
23746,Solyc10g080160.2,transposed,TE-like,Solyc04g079780.3,0.736452,3.74639,0.196576,6.60376e-17
23747,Solyc10g080260.2,transposed,gbM,Solyc10g079120.2,0.17615,0.772264,0.228095,1.28277e-32
23748,Solyc10g080310.2,transposed,TE-like,Solyc06g050520.2,0.479808,3.35262,0.143114,3.22554e-27
23749,Solyc10g080340.2,transposed,TE-like,Solyc04g074840.3,0.464611,4.39689,0.105668,7.53849e-43
23750,Solyc10g080350.2,transposed,TE-like,Solyc11g072730.2,0.740826,5.00983,0.147874,3.58753e-98
23751,Solyc10g080390.2,transposed,TE-like,Solyc01g009300.3,0.54636,4.55504,0.119946,4.92793e-87
23752,Solyc10g080470.1,transposed,Unclassified,Solyc06g061055.1,0.703087,3.89851,0.180348,6.48335e-30
23753,Solyc10g080500.2,transposed,gbM,Solyc05g054480.3,0.00573351,2.01436,0.00284631,1.28504e-137
23754,Solyc10g080510.1,transposed,gbM,Solyc07g065610.1,0.609469,4.46983,0.136352,1.76606e-63
23755,Solyc10g080540.2,transposed,gbM,Solyc08g078300.3,0.414337,3.91884,0.10573,2.09295e-30
23756,Solyc10g080570.2,transposed,Unclassified,Solyc03g083270.3,0.256502,3.90729,0.0656472,2.49442e-71
23757,Solyc10g080590.2,transposed,TE-like,Solyc10g078960.2,0.0335205,0.94069,0.035634,1.3154e-28
23758,Solyc10g080610.1,transposed,Unmethylated,Solyc03g120320.1,0.627617,4.13048,0.151948,2.52964e-29
23759,Solyc10g080660.2,transposed,TE-like,Solyc09g090580.3,0.78375,2.19617,0.356871,2.10444e-06
23760,Solyc10g080680.2,transposed,TE-like,Solyc02g064640.3,0.200849,3.60155,0.0557674,5.75497e-45
23761,Solyc10g080700.2,transposed,TE-like,Solyc11g070170.2,0.21803,4.59479,0.0474516,3.3478e-184
23762,Solyc10g080720.2,transposed,TE-like,Solyc03g007320.3,0.796384,4.15514,0.191662,3.66131e-31
23763,Solyc10g080730.2,transposed,TE-like,Solyc03g115870.3,0.273835,3.54224,0.0773056,3.93529e-48
23764,Solyc10g080760.2,transposed,gbM,Solyc11g011360.2,0.482307,3.51694,0.137138,9.34102e-21
23765,Solyc10g080920.2,transposed,NA,Solyc04g080500.3,0.182056,2.95635,0.0615814,2.91796e-18
23766,Solyc10g080940.2,transposed,gbM,Solyc10g085020.2,0.0241581,4.10789,0.00588089,0
23767,Solyc10g081060.2,transposed,TE-like,Solyc07g065030.3,0.19169,3.17714,0.0603341,2.39354e-43
23768,Solyc10g081160.2,transposed,gbM,Solyc07g062570.3,0.607617,3.30822,0.183669,1.06438e-25
23769,Solyc10g081180.2,transposed,gbM,Solyc02g088790.3,0.37019,3.75154,0.0986769,7.34553e-37
23770,Solyc10g081190.2,transposed,TE-like,Solyc04g072570.3,0.305985,3.62852,0.0843276,4.09461e-51
23771,Solyc10g081220.2,transposed,TE-like,Solyc02g077670.3,0.573205,3.35818,0.170689,1.67314e-22
23772,Solyc10g081230.2,transposed,TE-like,Solyc03g115075.1,0.481038,4.16605,0.115466,4.42156e-54
23773,Solyc10g081250.2,transposed,TE-like,Solyc01g099220.3,0.80834,4.79545,0.168564,1.13436e-86
23774,Solyc10g081320.1,transposed,TE-like,Solyc05g007870.2,0.464377,3.75655,0.123618,2.84689e-24
23775,Solyc10g081340.1,transposed,TE-like,Solyc05g007480.1,0.718294,4.04426,0.177608,4.58364e-26
23776,Solyc10g081360.2,transposed,Unclassified,Solyc09g075010.3,0.474093,2.0157,0.2352,6.51149e-10
23777,Solyc10g081410.2,transposed,gbM,Solyc04g007900.3,0.614493,3.35384,0.183221,3.23311e-22
23778,Solyc10g081420.2,transposed,TE-like,Solyc02g068060.3,0.581396,4.60875,0.126151,3.44357e-87
23779,Solyc10g081450.2,transposed,TE-like,Solyc08g008610.3,0.479512,4.13669,0.115917,7.61095e-44
23780,Solyc10g081490.2,transposed,TE-like,Solyc03g116100.3,0.385157,3.69512,0.104234,2.12654e-51
23781,Solyc10g081550.2,transposed,TE-like,Solyc12g088970.1,0.404885,4.27225,0.094771,1.05415e-85
23782,Solyc10g081560.2,transposed,Unclassified,Solyc04g007400.3,0.215679,2.27616,0.0947557,2.24198e-33
23783,Solyc10g081760.2,transposed,TE-like,Solyc01g009920.2,0.230378,1.39365,0.165306,9.5863e-63
23784,Solyc10g081880.2,transposed,TE-like,Solyc12g015730.2,0.811947,4.60507,0.176316,4.21131e-48
23785,Solyc10g083180.2,transposed,TE-like,Solyc12g056610.2,0.420517,3.0504,0.137856,3.25283e-27
23786,Solyc10g083240.2,transposed,Unclassified,Solyc02g066930.3,0.468178,2.67318,0.175139,1.45599e-08
23787,Solyc10g083260.1,transposed,Unmethylated,Solyc06g075170.1,0.290582,2.93496,0.0990073,1.67332e-16
23788,Solyc10g083390.2,transposed,TE-like,Solyc05g014120.1,0.0908012,0.781534,0.116183,6.40568e-19
23789,Solyc10g083410.1,transposed,Unclassified,NA,NA,NA,NA,NA
23790,Solyc10g083430.2,transposed,gbM,Solyc09g009690.3,0.178113,1.23647,0.14405,4.84542e-20
23791,Solyc10g083440.1,transposed,Unclassified,Solyc03g078780.2,0.754425,4.19664,0.179769,2.10116e-25
23792,Solyc10g083540.2,transposed,TE-like,Solyc10g083760.2,0.165317,0.913827,0.180906,1.47806e-40
23793,Solyc10g083567.1,transposed,TE-like,Solyc09g009250.3,0.286309,3.56907,0.0802194,1.12483e-29
23794,Solyc10g083900.2,transposed,TE-like,Solyc06g075660.3,0.446947,3.45361,0.129414,2.59158e-29
23795,Solyc10g083930.2,transposed,TE-like,Solyc09g010190.3,0.799785,3.47959,0.22985,1.29655e-12
23796,Solyc10g083980.1,transposed,Unclassified,Solyc06g066840.3,0.361006,3.08103,0.117171,4.04542e-15
23797,Solyc10g084110.2,transposed,TE-like,Solyc10g005640.3,0.420882,4.1206,0.102141,6.90828e-55
23798,Solyc10g084120.2,transposed,TE-like,Solyc09g007760.3,0.0593542,3.74092,0.0158662,2.60888e-87
23799,Solyc10g084230.2,transposed,Unclassified,Solyc02g072210.1,0.664925,3.43725,0.193447,1.59317e-19
23800,Solyc10g084300.1,transposed,TE-like,Solyc02g077670.3,0.325875,3.84532,0.0847457,2.88774e-36
23801,Solyc10g084370.2,transposed,TE-like,Solyc01g095030.3,0.409723,3.90897,0.104816,3.20573e-54
23802,Solyc10g084380.1,transposed,TE-like,Solyc05g012770.3,0.596909,4.13437,0.144377,1.09589e-36
23803,Solyc10g084560.2,transposed,gbM,Solyc05g054830.3,0.174229,4.52012,0.0385453,9.30291e-141
23804,Solyc10g084630.2,transposed,TE-like,Solyc07g063900.3,0.503646,3.38775,0.148667,3.50789e-14
23805,Solyc10g084650.2,transposed,TE-like,Solyc11g066480.2,0.616999,4.8087,0.128309,1.21833e-79
23806,Solyc10g084800.2,transposed,TE-like,Solyc08g078960.3,0.668001,4.11449,0.162353,4.16545e-56
23807,Solyc10g084880.3,transposed,Unclassified,Solyc09g089640.2,0.601339,4.26674,0.140936,8.51168e-46
23808,Solyc10g084900.1,transposed,TE-like,Solyc02g087500.2,0.230588,4.36979,0.0527687,2.68309e-99
23809,Solyc10g085210.2,transposed,TE-like,Solyc03g006120.3,0.946342,3.77821,0.250474,7.42892e-10
23810,Solyc10g085225.1,transposed,gbM,Solyc07g007550.3,0.282447,4.34438,0.0650142,6.83385e-70
23811,Solyc10g085290.2,transposed,gbM,Solyc06g035720.3,0.512816,3.89334,0.131716,5.7969e-22
23812,Solyc10g085330.2,transposed,TE-like,Solyc01g112090.3,0.592096,3.81721,0.155112,2.12697e-24
23813,Solyc10g085335.1,transposed,gbM,Solyc01g112090.3,0.386326,4.07616,0.0947769,2.11322e-33
23814,Solyc10g085360.2,transposed,TE-like,Solyc10g083290.4,0.13451,1.7961,0.0748899,5.3136e-61
23815,Solyc10g085380.2,transposed,Unclassified,Solyc10g083170.2,0.392965,2.80697,0.139996,1.984e-27
23816,Solyc10g085400.2,transposed,TE-like,Solyc09g015120.3,0.761276,2.13131,0.357187,1.05983e-19
23817,Solyc10g085495.1,transposed,Unmethylated,Solyc09g008820.3,0.0859908,1.75339,0.0490426,8.51567e-25
23818,Solyc10g085555.1,transposed,gbM,Solyc09g009020.3,0.0353745,1.10573,0.0319919,2.35155e-42
23819,Solyc10g085630.2,transposed,TE-like,Solyc01g080930.3,0.500556,4.09425,0.122258,4.42701e-41
23820,Solyc10g085670.2,transposed,TE-like,Solyc10g074890.2,0.686322,4.74753,0.144564,6.51264e-99
23821,Solyc10g085710.2,transposed,gbM,Solyc02g071780.3,0.242281,4.12576,0.058724,6.56932e-77
23822,Solyc10g085715.1,transposed,TE-like,Solyc02g071780.3,0.3902,3.85713,0.101163,1.66748e-44
23823,Solyc10g085770.1,transposed,NA,Solyc09g008600.3,0.423355,1.71167,0.247335,1.04527e-13
23824,Solyc10g085790.2,transposed,gbM,Solyc06g062800.3,0.709556,4.23857,0.167405,8.59062e-28
23825,Solyc10g085800.2,transposed,Unmethylated,Solyc08g076860.3,0.364288,3.5947,0.10134,7.44574e-53
23826,Solyc10g085910.2,transposed,Unclassified,Solyc01g105000.3,0.55113,3.41604,0.161336,7.21876e-24
23827,Solyc10g086000.2,transposed,TE-like,Solyc03g115770.3,0.848147,4.07319,0.208227,2.80197e-29
23828,Solyc10g086120.2,transposed,Unclassified,Solyc09g011230.3,0.469077,3.52183,0.133191,3.46912e-18
23829,Solyc10g086125.1,transposed,Unclassified,Solyc07g064130.2,0.260309,3.22567,0.0806992,1.60521e-19
23830,Solyc10g086160.1,transposed,TE-like,Solyc10g083760.2,0.22103,1.01746,0.217237,2.83263e-12
23831,Solyc10g086220.2,transposed,Unmethylated,Solyc01g103390.3,0.317287,4.01989,0.0789291,4.17946e-44
23832,Solyc10g086320.2,transposed,TE-like,Solyc10g078460.2,0.469908,4.47986,0.104894,1.73162e-96
23833,Solyc10g086335.1,transposed,gbM,Solyc11g072820.2,0.47317,4.91366,0.0962969,1.56166e-85
23834,Solyc10g086400.2,transposed,Unclassified,Solyc11g011130.2,0.423731,3.73524,0.113441,4.82863e-32
23835,Solyc10g086460.2,transposed,gbM,Solyc05g054480.3,0.0302741,3.3792,0.00895896,3.26972e-125
23836,Solyc10g086500.1,transposed,Unmethylated,Solyc09g013070.3,0.229943,2.49447,0.0921809,3.33085e-16
23837,Solyc10g086600.2,transposed,TE-like,Solyc07g056170.3,0.537126,3.9549,0.135813,2.00195e-21
23838,Solyc10g086650.1,transposed,Unmethylated,Solyc04g081110.1,0.478076,4.43082,0.107898,1.05553e-65
23839,Solyc11g005010.2,transposed,TE-like,Solyc09g066420.3,0.745205,3.86116,0.193,2.14263e-21
23840,Solyc11g005030.2,transposed,TE-like,Solyc03g111780.1,0.804416,4.01479,0.200363,4.36731e-34
23841,Solyc11g005070.2,transposed,Unmethylated,Solyc04g077050.3,0.302723,3.29706,0.0918161,6.18496e-58
23842,Solyc11g005090.2,transposed,Unclassified,Solyc04g078310.3,0.500243,4.15199,0.120483,1.90516e-48
23843,Solyc11g005140.1,transposed,TE-like,Solyc09g010450.1,0.760718,2.33598,0.325653,1.1069e-13
23844,Solyc11g005160.1,transposed,TE-like,Solyc02g083170.3,0.382144,2.43364,0.157025,1.00319e-18
23845,Solyc11g005170.2,transposed,TE-like,Solyc10g086150.2,1.00793,3.83112,0.26309,1.32784e-13
23846,Solyc11g005190.2,transposed,Unclassified,Solyc07g063120.3,0.658324,3.88597,0.169411,3.23214e-55
23847,Solyc11g005200.2,transposed,TE-like,Solyc03g033320.3,0.490341,3.79405,0.129239,5.96606e-42
23848,Solyc11g005220.2,transposed,Unclassified,Solyc01g109640.3,0.699661,2.18229,0.320609,9.65542e-07
23849,Solyc11g005250.2,transposed,TE-like,Solyc11g066790.2,0.935223,4.7889,0.19529,5.51052e-56
23850,Solyc11g005270.1,transposed,Unmethylated,Solyc08g082590.3,0.527003,3.60917,0.146018,2.34791e-18
23851,Solyc11g005440.2,transposed,TE-like,Solyc01g101140.3,0.871161,4.39543,0.198197,9.65394e-38
23852,Solyc11g005460.2,transposed,TE-like,Solyc08g068370.3,0.665548,4.17406,0.159448,1.43895e-41
23853,Solyc11g005620.1,transposed,gbM,Solyc03g043950.3,0.986148,4.08793,0.241234,7.38994e-18
23854,Solyc11g005660.2,transposed,Unclassified,Solyc09g011320.3,0.452707,3.89299,0.116288,3.45386e-41
23855,Solyc11g005760.2,transposed,TE-like,Solyc04g064790.3,0.221119,4.45732,0.049608,2.37039e-171
23856,Solyc11g005780.2,transposed,TE-like,Solyc12g088790.2,0.313427,3.16475,0.0990371,1.96982e-28
23857,Solyc11g005790.2,transposed,gbM,Solyc04g064740.3,0.347101,4.17624,0.0831132,5.68637e-52
23858,Solyc11g005845.1,transposed,TE-like,Solyc03g097530.3,0.453587,3.04277,0.14907,0
23859,Solyc11g005985.1,transposed,gbM,Solyc07g053980.3,0.40444,4.93563,0.0819428,9.55587e-159
23860,Solyc11g006000.2,transposed,TE-like,Solyc03g025360.3,0.505299,4.45775,0.113353,1.26225e-85
23861,Solyc11g006010.2,transposed,gbM,Solyc07g053210.3,0.795356,4.17162,0.190659,1.06646e-21
23862,Solyc11g006030.1,transposed,TE-like,Solyc01g005160.3,0.401955,2.35048,0.17101,4.54554e-34
23863,Solyc11g006040.2,transposed,TE-like,Solyc09g092460.3,0.374343,4.61117,0.0811819,1.83938e-207
23864,Solyc11g006190.2,transposed,TE-like,Solyc01g094460.3,0.524291,3.9114,0.134042,6.77499e-25
23865,Solyc11g006200.2,transposed,TE-like,Solyc07g053610.3,0.810746,4.87434,0.166329,4.99042e-61
23866,Solyc11g006220.2,transposed,gbM,Solyc06g008530.2,0.123975,2.17695,0.0569489,4.83718e-296
23867,Solyc11g006250.2,transposed,Unclassified,Solyc06g083650.3,0.203791,3.94467,0.0516623,6.92897e-115
23868,Solyc11g006330.1,transposed,Unclassified,Solyc10g085120.2,0.474609,3.19597,0.148502,4.07064e-10
23869,Solyc11g006350.1,transposed,TE-like,Solyc04g080610.3,0.849569,4.07895,0.208281,3.88252e-17
23870,Solyc11g006380.2,transposed,TE-like,Solyc01g079320.3,0.548227,4.28729,0.127873,1.97714e-46
23871,Solyc11g006400.2,transposed,TE-like,Solyc03g117080.3,0.829229,2.79865,0.296296,5.41704e-06
23872,Solyc11g006465.1,transposed,Unclassified,Solyc05g055160.3,0.0404166,1.31433,0.0307508,3.49126e-20
23873,Solyc11g006480.1,transposed,Unclassified,Solyc08g007350.2,0.665804,3.609,0.184484,4.00379e-12
23874,Solyc11g006570.2,transposed,TE-like,Solyc06g062430.3,0.191426,3.73567,0.0512429,3.365e-64
23875,Solyc11g006780.2,transposed,TE-like,Solyc02g069150.3,0.290146,3.69221,0.0785834,2.29761e-39
23876,Solyc11g006850.2,transposed,NA,Solyc03g097530.3,0.336298,2.92784,0.114862,0
23877,Solyc11g007110.2,transposed,TE-like,Solyc10g078300.2,0.543381,3.98976,0.136194,1.60739e-41
23878,Solyc11g007180.2,transposed,TE-like,Solyc09g009700.3,0.412011,4.05099,0.101706,2.96532e-24
23879,Solyc11g007320.2,transposed,TE-like,Solyc03g114965.1,0.883264,4.29945,0.205436,2.03835e-24
23880,Solyc11g007580.2,transposed,TE-like,Solyc09g009080.3,0.466401,5.00396,0.0932063,4.93175e-120
23881,Solyc11g007820.1,transposed,Unclassified,Solyc11g007550.1,0.373745,0.7518,0.497133,1.23466e-06
23882,Solyc11g007830.2,transposed,TE-like,Solyc06g050230.3,0.706478,3.84855,0.18357,7.72783e-18
23883,Solyc11g007930.1,transposed,Unmethylated,Solyc06g075800.1,0.0396147,1.78525,0.02219,1.13429e-37
23884,Solyc11g007960.2,transposed,TE-like,Solyc01g099350.3,0.409073,3.08049,0.132795,5.50124e-46
23885,Solyc11g007970.2,transposed,TE-like,Solyc08g076300.3,0.539084,5.10614,0.105576,4.49482e-38
23886,Solyc11g008103.1,transposed,Unmethylated,Solyc05g009360.3,0.0639936,0.0727274,0.879911,0.765207
23887,Solyc11g008190.1,transposed,Unclassified,Solyc11g066330.1,0.20047,2.79323,0.0717702,0
23888,Solyc11g008200.1,transposed,TE-like,Solyc09g008370.1,0.254468,4.43648,0.0573582,5.20099e-117
23889,Solyc11g008250.2,transposed,TE-like,Solyc12g014150.2,0.306119,4.20156,0.0728584,4.35145e-62
23890,Solyc11g008260.2,transposed,Unclassified,Solyc04g080960.3,0.365872,4.14374,0.088295,1.97758e-66
23891,Solyc11g008330.2,transposed,TE-like,Solyc03g116600.3,0.233433,1.19096,0.196003,1.17619e-06
23892,Solyc11g008350.2,transposed,TE-like,Solyc01g091480.3,0.356032,4.75044,0.0749472,7.88801e-167
23893,Solyc11g008390.2,transposed,gbM,Solyc11g066040.2,0.319039,4.52929,0.0704392,2.08731e-111
23894,Solyc11g008410.2,transposed,TE-like,Solyc07g040680.3,0.700646,3.61057,0.194054,3.28902e-11
23895,Solyc11g008430.2,transposed,gbM,Solyc02g036450.3,0.280005,3.64477,0.0768238,3.40565e-36
23896,Solyc11g008450.2,transposed,TE-like,Solyc10g078920.2,0.46425,3.4955,0.132813,2.87969e-15
23897,Solyc11g008490.2,transposed,gbM,Solyc06g005670.3,0.481651,4.47089,0.10773,1.04624e-88
23898,Solyc11g008495.1,transposed,Unclassified,Solyc06g076340.3,0.196991,2.98276,0.0660434,5.5528e-22
23899,Solyc11g008500.2,transposed,TE-like,Solyc06g076090.3,0.598252,4.04412,0.147931,2.4812e-36
23900,Solyc11g008560.2,transposed,TE-like,Solyc11g010710.2,0.451459,4.24867,0.106259,8.84253e-71
23901,Solyc11g008580.2,transposed,TE-like,Solyc01g109280.3,0.835242,4.33139,0.192835,1.02529e-38
23902,Solyc11g008620.2,transposed,TE-like,Solyc04g015150.3,0.239667,3.94623,0.0607331,1.0395e-63
23903,Solyc11g008630.2,transposed,TE-like,Solyc03g097500.3,0.673097,4.19079,0.160613,3.24472e-38
23904,Solyc11g008720.2,transposed,gbM,Solyc07g063880.3,0.435045,4.27305,0.101811,1.27612e-60
23905,Solyc11g008730.2,transposed,TE-like,Solyc06g066010.3,0.790677,3.49607,0.226162,9.80994e-09
23906,Solyc11g008800.2,transposed,TE-like,Solyc08g014580.3,0.311886,4.96581,0.0628066,7.7409e-149
23907,Solyc11g008830.2,transposed,TE-like,Solyc02g065150.2,0.403467,3.59635,0.112188,4.4738e-22
23908,Solyc11g008890.2,transposed,gbM,Solyc09g091240.3,0.634126,4.02639,0.157493,6.4924e-23
23909,Solyc11g008900.2,transposed,TE-like,Solyc06g008740.3,0.489137,4.18351,0.11692,1.73953e-48
23910,Solyc11g008930.2,transposed,TE-like,Solyc02g078820.3,0.423865,4.01377,0.105603,1.94165e-51
23911,Solyc11g008960.2,transposed,TE-like,Solyc04g072570.3,0.356674,4.47383,0.0797246,9.46683e-118
23912,Solyc11g008970.1,transposed,Unclassified,Solyc02g079260.2,0.73275,4.57562,0.160142,3.12989e-60
23913,Solyc11g009010.2,transposed,TE-like,Solyc04g074220.3,0.312587,3.13418,0.0997347,1.5608e-19
23914,Solyc11g009020.2,transposed,Unclassified,Solyc08g007100.3,0.745466,3.7394,0.199355,3.42402e-19
23915,Solyc11g010100.2,transposed,gbM,Solyc01g086850.3,0.183591,3.79489,0.0483785,3.92962e-62
23916,Solyc11g010105.1,transposed,TE-like,Solyc05g051520.3,0.165819,0.778409,0.213023,1.41432e-14
23917,Solyc11g010120.2,transposed,TE-like,Solyc04g080760.3,0.450129,3.84395,0.117101,1.08476e-54
23918,Solyc11g010170.2,transposed,Unclassified,Solyc07g063310.3,0.430862,4.16894,0.10335,7.73104e-61
23919,Solyc11g010560.2,transposed,TE-like,Solyc11g010920.2,0.808311,4.65565,0.173619,5.6229e-64
23920,Solyc11g010580.2,transposed,gbM,Solyc01g099330.3,0.574739,4.02734,0.142709,8.49501e-44
23921,Solyc11g010700.2,transposed,TE-like,Solyc05g047550.3,0.880063,4.47992,0.196446,8.14789e-33
23922,Solyc11g010860.2,transposed,TE-like,Solyc11g011570.1,0.566145,3.52074,0.160803,3.1458e-19
23923,Solyc11g010895.1,transposed,Unclassified,Solyc10g083750.2,0.548185,3.86756,0.141739,1.82165e-55
23924,Solyc11g011010.1,transposed,Unmethylated,Solyc06g072440.3,0.64527,3.47305,0.185793,1.20047e-10
23925,Solyc11g011020.2,transposed,Unclassified,Solyc03g118510.3,0.305971,4.49002,0.0681446,1.18158e-103
23926,Solyc11g011040.2,transposed,TE-like,Solyc03g043960.3,0.102351,3.61596,0.0283054,1.6741e-57
23927,Solyc11g011050.2,transposed,TE-like,Solyc05g014290.3,0.333516,3.56742,0.0934893,2.44278e-30
23928,Solyc11g011110.2,transposed,TE-like,Solyc03g115960.3,0.496579,3.90911,0.127031,5.07907e-52
23929,Solyc11g011120.2,transposed,TE-like,Solyc03g025510.3,0.295325,4.22844,0.0698425,2.91441e-81
23930,Solyc11g011180.2,transposed,TE-like,Solyc04g014400.3,0.516198,4.86249,0.106159,2.98126e-90
23931,Solyc11g011190.1,transposed,Unmethylated,Solyc08g007310.3,0.833114,4.06645,0.204875,5.83646e-19
23932,Solyc11g011200.2,transposed,TE-like,Solyc03g026290.3,0.257775,3.35051,0.0769361,2.0575e-53
23933,Solyc11g011240.1,transposed,TE-like,Solyc02g085700.1,0.33207,4.11807,0.0806374,3.47169e-76
23934,Solyc11g011260.1,transposed,Unmethylated,Solyc10g086370.1,0.393414,4.31473,0.0911792,9.70827e-65
23935,Solyc11g011310.2,transposed,TE-like,Solyc04g014400.3,0.161427,2.05095,0.0787083,9.62862e-46
23936,Solyc11g011320.1,transposed,TE-like,Solyc05g051350.2,0.222191,1.64694,0.134912,2.97198e-64
23937,Solyc11g011350.2,transposed,TE-like,Solyc01g008800.2,0.230688,0.496556,0.464576,1.52875e-17
23938,Solyc11g011410.2,transposed,TE-like,Solyc12g015730.2,0.747104,4.43476,0.168466,7.05282e-62
23939,Solyc11g011440.1,transposed,TE-like,Solyc09g011040.1,0.563276,4.10969,0.137061,2.92946e-59
23940,Solyc11g011460.2,transposed,TE-like,Solyc09g082380.3,0.555216,4.32375,0.128411,2.14632e-51
23941,Solyc11g011560.2,transposed,TE-like,Solyc04g008420.1,0.601364,4.41002,0.136363,5.05755e-55
23942,Solyc11g011605.1,transposed,Unclassified,Solyc11g011730.1,0.167068,0.775912,0.215318,3.4059e-06
23943,Solyc11g011615.1,transposed,TE-like,Solyc11g011730.1,0.39524,1.85979,0.212519,3.29771e-11
23944,Solyc11g011770.2,transposed,TE-like,Solyc08g076400.3,0.290624,3.32063,0.0875206,8.57097e-42
23945,Solyc11g011850.2,transposed,TE-like,Solyc04g076920.3,0.798003,4.06542,0.19629,6.92162e-23
23946,Solyc11g011980.3,transposed,gbM,Solyc07g063120.3,0.682896,4.46359,0.152993,5.95573e-62
23947,Solyc11g012100.2,transposed,gbM,Solyc06g060770.3,0.80535,3.84344,0.209539,1.39596e-19
23948,Solyc11g012120.2,transposed,Unclassified,Solyc06g083160.1,0.566398,3.815,0.148466,1.93535e-35
23949,Solyc11g012130.2,transposed,TE-like,Solyc05g054890.3,0.79719,2.74861,0.290034,6.62779e-07
23950,Solyc11g012190.2,transposed,gbM,Solyc07g053920.3,0.389052,4.1136,0.0945771,1.21821e-53
23951,Solyc11g012450.2,transposed,TE-like,Solyc08g048290.3,0.293153,4.48863,0.0653101,5.77013e-111
23952,Solyc11g012580.2,transposed,NA,Solyc09g091920.3,0.513076,2.80182,0.183122,0
23953,Solyc11g012650.2,transposed,TE-like,Solyc03g097530.3,0.345293,3.30326,0.104531,0
23954,Solyc11g012670.1,transposed,TE-like,Solyc08g077140.1,0.641229,3.96988,0.161524,1.52672e-21
23955,Solyc11g012700.2,transposed,gbM,Solyc01g106200.2,0.373829,2.40425,0.155487,1.2587e-70
23956,Solyc11g012720.2,transposed,Unclassified,Solyc04g071360.3,0.687997,4.07529,0.168822,9.36765e-39
23957,Solyc11g012740.2,transposed,TE-like,Solyc04g054410.3,0.534373,3.20638,0.166659,8.86648e-32
23958,Solyc11g012770.2,transposed,TE-like,Solyc06g065710.3,0.801238,4.76602,0.168115,1.93768e-65
23959,Solyc11g012860.2,transposed,gbM,Solyc02g093160.3,0.610523,4.52338,0.134971,2.25552e-38
23960,Solyc11g012870.2,transposed,gbM,Solyc01g112080.3,0.685998,3.96627,0.172958,3.55409e-37
23961,Solyc11g012880.2,transposed,TE-like,Solyc10g079910.2,0.769566,4.01979,0.191444,5.608e-15
23962,Solyc11g012900.2,transposed,TE-like,Solyc07g062580.3,0.790436,3.98033,0.198586,2.00873e-18
23963,Solyc11g012910.2,transposed,TE-like,Solyc12g096320.2,0.374331,3.59051,0.104256,5.04198e-35
23964,Solyc11g012930.2,transposed,gbM,Solyc10g078270.2,0.392376,4.07435,0.0963039,2.1341e-39
23965,Solyc11g012950.2,transposed,TE-like,Solyc04g009170.2,0.714397,3.90278,0.183048,2.33536e-20
23966,Solyc11g012970.2,transposed,TE-like,Solyc01g112280.3,0.369049,4.2724,0.0863799,2.5015e-62
23967,Solyc11g012980.1,transposed,TE-like,Solyc07g042230.1,0.658935,3.47774,0.189472,3.94892e-23
23968,Solyc11g012990.1,transposed,TE-like,Solyc01g107240.3,0.248957,1.70334,0.146159,3.13268e-19
23969,Solyc11g013010.2,transposed,Unclassified,Solyc08g077730.3,0.414911,4.11988,0.100709,1.78232e-64
23970,Solyc11g013030.2,transposed,TE-like,Solyc02g082460.3,0.741862,4.68473,0.158357,6.81562e-65
23971,Solyc11g013110.2,transposed,TE-like,Solyc10g076660.2,0.623974,3.98927,0.156413,1.97437e-30
23972,Solyc11g013150.1,transposed,TE-like,Solyc02g094340.1,0.662785,4.2978,0.154215,1.57508e-38
23973,Solyc11g013170.2,transposed,gbM,Solyc04g054710.3,0.886713,4.29958,0.206233,1.68984e-19
23974,Solyc11g013180.2,transposed,gbM,Solyc10g078460.2,0.383928,4.5786,0.0838527,1.22621e-103
23975,Solyc11g013190.2,transposed,TE-like,Solyc07g006100.3,0.245042,4.60507,0.0532112,3.2009e-135
23976,Solyc11g013220.2,transposed,TE-like,Solyc07g063970.3,0.540619,4.01792,0.134552,4.98106e-40
23977,Solyc11g013240.2,transposed,TE-like,Solyc11g071970.2,0.835655,3.99079,0.209396,1.44381e-13
23978,Solyc11g013250.1,transposed,Unclassified,Solyc01g067000.3,0.626528,3.40195,0.184168,2.53999e-17
23979,Solyc11g013270.2,transposed,TE-like,Solyc04g074670.3,0.602805,4.25544,0.141655,7.58268e-56
23980,Solyc11g013300.2,transposed,Unclassified,Solyc02g083760.3,0.454794,3.86318,0.117726,5.82546e-36
23981,Solyc11g013310.2,transposed,TE-like,Solyc01g111310.3,0.0904193,2.39048,0.0378248,1.39191e-111
23982,Solyc11g013320.2,transposed,Unclassified,Solyc09g010880.3,0.545466,4.19342,0.130077,4.74457e-37
23983,Solyc11g013360.2,transposed,Unclassified,Solyc03g006880.3,0.375181,3.88613,0.0965437,1.72696e-40
23984,Solyc11g013370.2,transposed,TE-like,Solyc01g006040.3,0.674455,4.3503,0.155037,1.78019e-38
23985,Solyc11g013440.2,transposed,TE-like,Solyc05g052690.3,0.0557508,1.3499,0.0412999,7.71124e-49
23986,Solyc11g013480.2,transposed,Unclassified,Solyc11g069500.2,0.538098,4.42948,0.121481,8.93898e-50
23987,Solyc11g013490.2,transposed,TE-like,Solyc07g052320.3,0.264411,4.15234,0.0636777,2.67746e-76
23988,Solyc11g013530.2,transposed,TE-like,Solyc03g083410.3,0.919732,4.50229,0.204281,3.74367e-30
23989,Solyc11g013810.2,transposed,Unclassified,Solyc02g094120.3,0.687855,4.1475,0.165848,3.85356e-46
23990,Solyc11g013830.2,transposed,TE-like,Solyc06g065540.3,0.195244,0.9905,0.197117,2.02718e-65
23991,Solyc11g013870.2,transposed,Unclassified,Solyc06g065530.3,0.306164,1.56882,0.195156,4.55518e-12
23992,Solyc11g013880.1,transposed,gbM,Solyc03g007790.3,0.657014,4.66048,0.140976,2.40299e-64
23993,Solyc11g016940.2,transposed,TE-like,Solyc10g054930.2,0.246162,4.12778,0.0596355,1.65438e-58
23994,Solyc11g016970.2,transposed,gbM,Solyc04g076950.3,0.46153,4.35321,0.106021,1.6386e-62
23995,Solyc11g017010.2,transposed,Unclassified,Solyc05g007190.4,0.425277,4.44517,0.0956716,2.00284e-58
23996,Solyc11g017100.1,transposed,TE-like,Solyc02g094340.1,0.660807,4.20121,0.15729,2.41928e-41
23997,Solyc11g017190.2,transposed,TE-like,Solyc10g074940.2,0.627672,4.85621,0.129251,6.48949e-76
23998,Solyc11g017240.2,transposed,Unmethylated,Solyc02g088460.3,0.287807,3.31698,0.0867678,4.34947e-27
23999,Solyc11g017250.2,transposed,Unclassified,Solyc11g007720.2,0.726572,3.72467,0.19507,2.07302e-21
24000,Solyc11g017380.2,transposed,TE-like,Solyc12g098450.2,0.229755,4.12188,0.0557403,5.3959e-58
24001,Solyc11g017420.2,transposed,TE-like,Solyc05g007430.3,0.326881,4.23865,0.0771192,9.70115e-97
24002,Solyc11g017450.2,transposed,Unclassified,Solyc07g055990.3,0.559191,3.56969,0.15665,0
24003,Solyc11g017460.2,transposed,TE-like,Solyc04g054480.3,0.422593,5.35873,0.0788606,3.68355e-216
24004,Solyc11g017470.2,transposed,Unmethylated,Solyc07g063420.3,0.453886,3.69482,0.122844,8.06804e-55
24005,Solyc11g018495.1,transposed,Unclassified,Solyc02g084720.3,0.390825,3.50067,0.111643,2.96465e-35
24006,Solyc11g018550.3,transposed,TE-like,Solyc02g083620.3,0.427649,3.91643,0.109194,2.79861e-37
24007,Solyc11g018580.2,transposed,TE-like,Solyc07g045290.3,0.267056,4.62733,0.0577127,5.12644e-130
24008,Solyc11g018590.1,transposed,Unclassified,Solyc06g065370.3,0.264769,2.01087,0.131669,9.9007e-09
24009,Solyc11g018600.1,transposed,TE-like,Solyc04g071940.3,0.481379,3.80676,0.126454,5.14818e-30
24010,Solyc11g018610.2,transposed,gbM,Solyc06g065380.3,0.0605686,1.24368,0.048701,2.19929e-69
24011,Solyc11g018620.2,transposed,gbM,Solyc06g065400.3,0.0957335,0.911275,0.105055,4.34388e-25
24012,Solyc11g018660.2,transposed,TE-like,Solyc06g065410.3,0.230106,2.35268,0.0978059,7.74062e-23
24013,Solyc11g018670.2,transposed,TE-like,Solyc11g071930.2,0.827153,3.79279,0.218086,2.3848e-14
24014,Solyc11g018680.1,transposed,TE-like,Solyc08g005580.3,0.381166,4.01552,0.0949232,7.03552e-44
24015,Solyc11g018690.2,transposed,Unclassified,Solyc07g063400.3,0.343395,3.9977,0.0858982,3.35381e-74
24016,Solyc11g018700.2,transposed,NA,Solyc02g011920.1,0.14237,0.538132,0.264563,0.000131016
24017,Solyc11g019900.1,transposed,TE-like,Solyc11g061910.1,0.0658305,0.095455,0.68965,0.72239
24018,Solyc11g019910.1,transposed,TE-like,Solyc03g083720.1,0.569643,1.83321,0.310736,6.78807e-09
24019,Solyc11g019930.2,transposed,TE-like,Solyc02g086950.1,0.669725,3.45438,0.193877,5.39898e-14
24020,Solyc11g019950.2,transposed,TE-like,Solyc03g098220.3,0.781065,4.24853,0.183844,6.7893e-28
24021,Solyc11g020003.1,transposed,Unclassified,Solyc06g008720.3,0.115965,0.376676,0.307864,0.00029746
24022,Solyc11g020040.2,transposed,gbM,Solyc03g082920.3,0.462868,4.58784,0.10089,1.20267e-78
24023,Solyc11g020060.2,transposed,TE-like,Solyc02g086880.3,0.89609,4.01082,0.223418,2.15105e-21
24024,Solyc11g020230.1,transposed,Unclassified,Solyc06g051540.3,0.579392,4.60544,0.125806,9.34201e-70
24025,Solyc11g020260.2,transposed,TE-like,Solyc10g085120.2,0.569568,4.57394,0.124525,2.51638e-79
24026,Solyc11g020270.1,transposed,TE-like,Solyc10g085120.2,0.578481,1.74919,0.330713,0.00211925
24027,Solyc11g020280.2,transposed,TE-like,Solyc01g106500.3,0.552618,4.70601,0.117428,1.72917e-125
24028,Solyc11g020290.2,transposed,TE-like,Solyc08g077150.3,0.574375,3.75588,0.152927,4.19418e-14
24029,Solyc11g020330.1,transposed,Unclassified,Solyc01g102960.3,0.478216,3.51438,0.136074,3.78667e-15
24030,Solyc11g020351.1,transposed,TE-like,Solyc11g063690.2,0.0924345,0.0756072,1.22256,0.811915
24031,Solyc11g020352.1,transposed,TE-like,Solyc11g063690.2,0.235877,0.390384,0.604218,0.173988
24032,Solyc11g020355.1,transposed,Unclassified,Solyc11g061818.1,0.171841,0.0648416,2.65016,0.154547
24033,Solyc11g020356.1,transposed,TE-like,Solyc11g063690.2,0.0800878,0.111181,0.720335,0.418564
24034,Solyc11g020357.1,transposed,TE-like,Solyc11g063690.2,0.0867056,0.255908,0.338816,0.00136884
24035,Solyc11g020358.1,transposed,NA,Solyc11g063690.2,0.0522942,0.0589004,0.887841,0.755957
24036,Solyc11g020360.2,transposed,TE-like,Solyc11g020500.2,NA,0.0577065,-1.92391e-14,NA
24037,Solyc11g020380.2,transposed,NA,Solyc11g063740.2,0.0413452,0.130424,0.317007,0.0342241
24038,Solyc11g020470.1,transposed,TE-like,Solyc02g064955.1,0.60949,3.32863,0.183105,4.55423e-11
24039,Solyc11g020474.1,transposed,TE-like,Solyc11g020100.2,0.0555635,0.166928,0.332859,0.00293159
24040,Solyc11g020493.1,transposed,NA,Solyc11g063690.2,0.0527117,0.12905,0.408461,0.0133325
24041,Solyc11g020494.1,transposed,NA,Solyc11g063690.2,0.0427311,0.147163,0.290365,0.00220801
24042,Solyc11g020530.2,transposed,TE-like,Solyc11g020450.2,0.0579405,0.0675805,0.857355,0.656083
24043,Solyc11g020540.1,transposed,TE-like,Solyc01g107800.3,0.395167,2.85992,0.138174,7.97777e-14
24044,Solyc11g020595.1,transposed,TE-like,Solyc02g084005.1,0.524768,2.63889,0.198859,0
24045,Solyc11g020610.3,transposed,TE-like,Solyc11g067050.3,0.376491,4.33445,0.0868602,1.65744e-132
24046,Solyc11g020640.2,transposed,Unclassified,Solyc08g005760.1,0.227209,1.80017,0.126215,1.18911e-35
24047,Solyc11g020670.1,transposed,Unmethylated,Solyc06g070900.3,0.560938,4.01888,0.139576,3.00493e-47
24048,Solyc11g020720.1,transposed,Unclassified,Solyc02g076870.3,0.113673,0.602858,0.188558,7.42981e-12
24049,Solyc11g020830.1,transposed,TE-like,Solyc11g021130.1,0.21874,0.347315,0.629803,0.300255
24050,Solyc11g020850.2,transposed,TE-like,Solyc07g005910.3,0.0723997,0.314519,0.230191,7.58826e-16
24051,Solyc11g020950.2,transposed,TE-like,Solyc11g006490.2,0.73112,3.85112,0.189846,1.44054e-26
24052,Solyc11g021080.2,transposed,TE-like,Solyc02g011920.1,0.158331,0.326177,0.485414,0.00101478
24053,Solyc11g021120.1,transposed,TE-like,Solyc01g017180.2,0.154867,0.162011,0.955903,0.828531
24054,Solyc11g021180.1,transposed,NA,Solyc11g021310.1,0.0510399,0.111921,0.456034,0.195574
24055,Solyc11g021260.1,transposed,Unclassified,Solyc02g011820.2,0.28968,0.847371,0.341857,7.48018e-05
24056,Solyc11g022380.2,transposed,TE-like,Solyc00g007010.3,0.841772,4.42928,0.190047,2.0254e-30
24057,Solyc11g022470.2,transposed,gbM,Solyc06g008200.3,0.450283,3.70637,0.121489,0
24058,Solyc11g022530.2,transposed,Unmethylated,Solyc01g079590.3,0.776499,3.67667,0.211196,1.60358e-18
24059,Solyc11g022540.2,transposed,TE-like,Solyc11g011910.2,0.525708,4.07554,0.128991,7.04085e-23
24060,Solyc11g022590.1,transposed,Unmethylated,Solyc06g072230.1,0.464645,3.52839,0.131687,9.31764e-30
24061,Solyc11g022600.2,transposed,TE-like,Solyc04g072500.1,0.449653,1.35832,0.331035,3.42689e-06
24062,Solyc11g027800.1,transposed,TE-like,Solyc05g011870.1,0.120925,0.552221,0.21898,3.27847e-12
24063,Solyc11g027840.2,transposed,gbM,Solyc09g072900.3,0.790919,2.44895,0.322963,1.47774e-07
24064,Solyc11g027920.2,transposed,TE-like,Solyc10g086580.2,0.490444,3.03973,0.161345,0
24065,Solyc11g027930.1,transposed,TE-like,Solyc02g090390.3,0.0833172,0.122186,0.681888,0.486384
24066,Solyc11g027940.2,transposed,TE-like,Solyc05g047550.3,0.468335,3.49295,0.13408,3.95522e-15
24067,Solyc11g027980.2,transposed,TE-like,Solyc08g061760.2,0.176477,0.108788,1.62221,0.345052
24068,Solyc11g027981.1,transposed,TE-like,Solyc11g063690.2,0.217784,0.388109,0.56114,0.0537831
24069,Solyc11g027982.1,transposed,TE-like,Solyc11g063690.2,0.0836381,0.0676766,1.23585,0.802185
24070,Solyc11g027983.1,transposed,TE-like,Solyc11g061818.1,0.104387,0.111154,0.939115,0.796553
24071,Solyc11g027990.2,transposed,TE-like,Solyc11g061910.1,0.0775591,0.103946,0.746146,0.718685
24072,Solyc11g028020.2,transposed,Unclassified,Solyc04g076700.3,0.541513,3.74046,0.144772,4.51139e-21
24073,Solyc11g028185.1,transposed,TE-like,Solyc11g061818.1,0.0885262,0.11327,0.78155,0.61866
24074,Solyc11g028187.1,transposed,TE-like,Solyc11g061818.1,0.131556,0.220093,0.59773,0.313574
24075,Solyc11g028200.1,transposed,TE-like,Solyc06g076960.2,0.0204078,0.0412147,0.495159,0.227881
24076,Solyc11g028202.1,transposed,TE-like,Solyc11g063690.2,0.122476,0.141342,0.866519,0.681563
24077,Solyc11g028204.1,transposed,TE-like,Solyc11g063665.1,0.216097,0.214623,1.00687,1
24078,Solyc11g028206.1,transposed,TE-like,Solyc11g063740.2,0.0993975,0.1146,0.867343,0.733514
24079,Solyc11g028270.1,transposed,TE-like,Solyc02g086920.2,0.244759,0.384015,0.637369,0.0651831
24080,Solyc11g030550.2,transposed,TE-like,Solyc02g061650.2,0.367667,1.58308,0.232248,0.000134601
24081,Solyc11g030560.1,transposed,TE-like,Solyc11g061910.1,0.167723,0.252085,0.665343,0.324318
24082,Solyc11g030600.3,transposed,TE-like,Solyc01g006100.3,0.663356,4.53641,0.146229,2.97081e-71
24083,Solyc11g030643.1,transposed,TE-like,Solyc11g061818.1,0.162672,0.102332,1.58965,0.432328
24084,Solyc11g030647.1,transposed,TE-like,Solyc11g063690.2,0.11998,0.160182,0.749025,0.427212
24085,Solyc11g030720.2,transposed,TE-like,Solyc12g096760.2,0.293493,3.98027,0.0737369,1.11349e-51
24086,Solyc11g030760.1,transposed,NA,Solyc05g055567.1,0.225674,0.443734,0.50858,0.0881407
24087,Solyc11g030780.1,transposed,TE-like,Solyc11g008320.2,0.199109,0.511128,0.389549,0.00101007
24088,Solyc11g030820.1,transposed,NA,Solyc02g011930.1,0.233216,0.328336,0.710294,0.462506
24089,Solyc11g031950.1,transposed,TE-like,Solyc01g103360.3,0.240595,3.83444,0.0627458,1.32239e-40
24090,Solyc11g031980.1,transposed,TE-like,Solyc01g088690.3,0.311257,0.439101,0.708851,0.249416
24091,Solyc11g032010.1,transposed,TE-like,Solyc06g065380.3,0.257505,0.745484,0.34542,1.7971e-06
24092,Solyc11g032070.2,transposed,TE-like,Solyc11g067170.2,0.395087,0.805473,0.490504,8.70222e-05
24093,Solyc11g032090.2,transposed,TE-like,Solyc03g006010.3,0.322338,4.1336,0.07798,4.59638e-106
24094,Solyc11g032100.2,transposed,TE-like,Solyc02g089200.3,0.592265,3.67352,0.161226,1.06126e-14
24095,Solyc11g032140.1,transposed,TE-like,Solyc03g083147.1,0.234573,0.498028,0.471003,0.0339719
24096,Solyc11g032160.1,transposed,TE-like,Solyc06g051990.3,0.353964,0.919036,0.385147,0.000179991
24097,Solyc11g032180.1,transposed,TE-like,Solyc07g065950.3,0.18148,0.317538,0.571522,0.148146
24098,Solyc11g032200.2,transposed,TE-like,Solyc03g005020.3,0.59505,4.1513,0.143341,2.09762e-35
24099,Solyc11g032235.1,transposed,TE-like,Solyc01g103390.3,0.358967,3.41395,0.105147,1.39349e-17
24100,Solyc11g033270.2,transposed,TE-like,Solyc06g036080.3,0.728236,4.23578,0.171925,1.81813e-43
24101,Solyc11g033280.2,transposed,TE-like,Solyc08g062800.3,0.296075,4.13799,0.0715505,1.82948e-85
24102,Solyc11g039660.1,transposed,TE-like,Solyc11g005330.2,0.118762,0.589144,0.201584,0.00876687
24103,Solyc11g039740.2,transposed,Unclassified,Solyc01g109380.3,0.406524,4.11215,0.0988591,1.88466e-36
24104,Solyc11g039760.1,transposed,TE-like,Solyc02g088000.3,0.187996,0.584748,0.321499,0.00161916
24105,Solyc11g039810.2,transposed,TE-like,Solyc12g010130.1,0.172869,0.546445,0.316353,3.51656e-05
24106,Solyc11g039815.1,transposed,TE-like,Solyc12g010130.1,0.13581,0.157702,0.861182,0.733384
24107,Solyc11g039820.2,transposed,TE-like,Solyc12g010130.1,0.122773,0.420222,0.292161,4.69162e-05
24108,Solyc11g039850.1,transposed,TE-like,Solyc07g065950.3,0.156803,0.203786,0.769448,0.579841
24109,Solyc11g039900.2,transposed,TE-like,Solyc11g021310.1,0.197801,0.283011,0.698916,0.231053
24110,Solyc11g040040.2,transposed,TE-like,Solyc07g052970.3,0.546036,4.25428,0.12835,2.12442e-46
24111,Solyc11g040120.2,transposed,gbM,Solyc01g079507.1,0.734083,4.58001,0.16028,1.13432e-38
24112,Solyc11g040150.2,transposed,TE-like,Solyc01g099745.1,0.513153,3.14925,0.162944,5.61111e-30
24113,Solyc11g040160.1,transposed,TE-like,Solyc08g082250.3,0.185328,0.61635,0.300686,0.0775539
24114,Solyc11g040220.2,transposed,TE-like,Solyc03g120780.3,0.124561,0.513653,0.242501,0.000131943
24115,Solyc11g040222.1,transposed,gbM,Solyc12g088510.1,0.677483,3.65671,0.185271,8.70282e-21
24116,Solyc11g040260.2,transposed,TE-like,Solyc12g015730.2,1.06339,4.44336,0.23932,9.31483e-21
24117,Solyc11g040280.2,transposed,TE-like,Solyc10g053900.2,0.130887,0.988436,0.132419,1.63654e-50
24118,Solyc11g040330.2,transposed,gbM,Solyc01g111340.3,0.297983,4.31499,0.0690577,5.12716e-85
24119,Solyc11g040400.1,transposed,TE-like,Solyc05g006820.3,0.502181,3.1371,0.160078,4.28714e-10
24120,Solyc11g042450.1,transposed,TE-like,Solyc10g078460.2,0.0850349,0.408245,0.208294,0.000972442
24121,Solyc11g042460.2,transposed,gbM,Solyc01g103230.3,0.252001,4.76835,0.0528486,6.32072e-135
24122,Solyc11g042760.1,transposed,TE-like,Solyc05g055180.3,0.43865,3.3373,0.131439,2.8085e-12
24123,Solyc11g042810.2,transposed,Unclassified,Solyc07g052320.3,0.310995,4.19143,0.0741978,4.49048e-70
24124,Solyc11g042820.2,transposed,Unclassified,Solyc01g103030.3,0.203741,4.46282,0.0456529,1.46976e-106
24125,Solyc11g042930.2,transposed,TE-like,Solyc10g055570.2,0.0694038,1.55684,0.0445798,9.85082e-27
24126,Solyc11g043000.1,transposed,Unmethylated,Solyc01g111240.3,0.0604462,0.485769,0.124434,1.58652e-05
24127,Solyc11g043010.1,transposed,TE-like,Solyc01g111240.3,0.197099,0.791449,0.249035,4.3246e-33
24128,Solyc11g043085.1,transposed,TE-like,Solyc02g079260.2,0.591252,3.2105,0.184162,2.32942e-15
24129,Solyc11g043110.2,transposed,Unclassified,Solyc02g071610.3,0.455073,3.60477,0.126242,7.07718e-41
24130,Solyc11g043170.2,transposed,Unclassified,Solyc01g106050.3,0.132862,1.10589,0.120141,1.92806e-17
24131,Solyc11g043180.1,transposed,NA,Solyc08g068460.1,0.0518129,0.066089,0.783987,0.578675
24132,Solyc11g043210.2,transposed,TE-like,Solyc01g106050.3,0.0644139,0.612552,0.105157,4.08215e-60
24133,Solyc11g044250.2,transposed,TE-like,Solyc01g094290.3,0.675446,4.19135,0.161152,6.93291e-20
24134,Solyc11g044260.2,transposed,TE-like,Solyc01g094290.3,0.69214,3.88888,0.177979,7.18971e-21
24135,Solyc11g044270.2,transposed,TE-like,Solyc01g106420.3,0.147067,0.687636,0.213873,9.38537e-29
24136,Solyc11g044320.2,transposed,TE-like,Solyc07g040920.2,0.582415,3.62794,0.160536,5.14811e-21
24137,Solyc11g044360.2,transposed,TE-like,Solyc03g124040.3,0.942402,4.06455,0.231859,7.38947e-15
24138,Solyc11g044430.1,transposed,TE-like,Solyc01g099360.3,0.0671027,0.0261516,2.56591,0.197171
24139,Solyc11g044450.2,transposed,Unclassified,Solyc08g067795.1,0.553428,3.87655,0.142763,1.50327e-51
24140,Solyc11g044460.2,transposed,gbM,Solyc10g051330.2,0.156083,3.05122,0.0511541,1.23758e-75
24141,Solyc11g044470.2,transposed,Unclassified,Solyc04g049920.3,0.521681,3.76138,0.138694,1.85621e-17
24142,Solyc11g044480.2,transposed,TE-like,Solyc04g015580.3,0.44268,4.82993,0.0916535,3.60458e-99
24143,Solyc11g044535.1,transposed,TE-like,Solyc09g092070.3,0.799517,1.79527,0.445346,0.00173975
24144,Solyc11g044560.2,transposed,TE-like,Solyc10g050210.2,0.233495,0.937701,0.249008,9.29852e-17
24145,Solyc11g044570.2,transposed,TE-like,Solyc12g008340.2,0.302286,0.408891,0.739284,0.32544
24146,Solyc11g044593.1,transposed,TE-like,Solyc06g065380.3,0.318413,0.488779,0.651445,0.0205203
24147,Solyc11g044680.2,transposed,TE-like,Solyc11g021310.1,0.250161,0.431875,0.579243,0.0467504
24148,Solyc11g044740.2,transposed,TE-like,Solyc04g077780.3,0.163355,3.61279,0.0452157,1.42988e-49
24149,Solyc11g044840.2,transposed,Unclassified,Solyc04g054710.3,0.925477,4.17745,0.221541,6.75288e-22
24150,Solyc11g044880.2,transposed,TE-like,Solyc01g110190.3,0.129325,0.982623,0.131612,5.56782e-90
24151,Solyc11g044910.2,transposed,TE-like,Solyc01g079570.3,0.234672,2.59234,0.0905253,1.27245e-111
24152,Solyc11g044940.1,transposed,TE-like,Solyc06g051540.3,0.654875,4.59028,0.142665,1.25346e-67
24153,Solyc11g044965.1,transposed,TE-like,Solyc11g071970.2,0.85646,4.33752,0.197454,1.38198e-57
24154,Solyc11g045110.2,transposed,TE-like,Solyc03g098290.3,0.875773,4.63672,0.188878,2.40121e-40
24155,Solyc11g045120.2,transposed,TE-like,Solyc05g005260.2,0.703515,4.12895,0.170386,4.65814e-33
24156,Solyc11g045130.2,transposed,TE-like,Solyc03g117030.2,0.120571,3.75299,0.0321267,6.42877e-84
24157,Solyc11g045140.1,transposed,TE-like,Solyc08g077490.2,0.698175,3.40502,0.205043,5.01823e-09
24158,Solyc11g045230.2,transposed,gbM,Solyc09g075040.3,0.520498,3.9767,0.130887,3.41522e-37
24159,Solyc11g045310.2,transposed,TE-like,Solyc03g115910.2,0.68166,3.95277,0.172451,7.90221e-26
24160,Solyc11g045330.2,transposed,TE-like,Solyc02g080500.3,0.678414,4.3128,0.157303,1.05162e-36
24161,Solyc11g045350.2,transposed,TE-like,Solyc08g013900.3,0.207913,0.894357,0.232472,2.81327e-44
24162,Solyc11g045360.1,transposed,TE-like,Solyc05g006780.3,0.411222,3.52264,0.116737,2.51446e-37
24163,Solyc11g045460.2,transposed,Unclassified,NA,NA,NA,NA,NA
24164,Solyc11g045465.1,transposed,Unclassified,Solyc11g071720.2,0.453319,3.22798,0.140434,9.95209e-12
24165,Solyc11g045610.2,transposed,TE-like,Solyc01g103350.3,0.299143,4.45348,0.0671707,6.21384e-89
24166,Solyc11g045640.1,transposed,TE-like,Solyc02g077250.2,0.0405176,0.0930043,0.435653,0.0231171
24167,Solyc11g045670.2,transposed,TE-like,Solyc03g097630.3,0.365635,4.10428,0.0890862,6.34902e-55
24168,Solyc11g050760.2,transposed,TE-like,Solyc11g021230.1,0.0684946,0.0559535,1.22413,0.790389
24169,Solyc11g050790.1,transposed,TE-like,Solyc09g014220.3,0.504872,3.22496,0.156552,5.04627e-10
24170,Solyc11g050810.1,transposed,TE-like,Solyc09g072820.3,0.193295,3.84127,0.0503207,2.6931e-52
24171,Solyc11g051160.2,transposed,Unmethylated,Solyc09g015080.3,0.457956,4.18742,0.109365,5.084e-38
24172,Solyc11g056520.1,transposed,Unmethylated,Solyc02g011930.1,0.0807294,0.106913,0.755096,0.763914
24173,Solyc11g056590.2,transposed,TE-like,Solyc09g072820.3,0.4214,3.42564,0.123013,0
24174,Solyc11g061690.1,transposed,TE-like,Solyc06g062510.3,0.12529,0.337124,0.371642,0.0217394
24175,Solyc11g061750.2,transposed,TE-like,Solyc05g051380.3,0.422328,4.16603,0.101374,1.01642e-48
24176,Solyc11g061774.1,transposed,NA,Solyc11g063690.2,0.307361,0.584412,0.525933,0.0198138
24177,Solyc11g061812.1,transposed,TE-like,Solyc11g063690.2,0.105871,0.215309,0.491718,0.0333398
24178,Solyc11g061870.2,transposed,TE-like,Solyc11g063690.2,0.13815,0.238491,0.579268,0.0489554
24179,Solyc11g062010.2,transposed,TE-like,Solyc01g094800.3,0.886333,5.27069,0.168163,4.69852e-138
24180,Solyc11g062220.2,transposed,TE-like,Solyc02g084510.3,0.445475,4.39308,0.101404,8.20079e-57
24181,Solyc11g062360.2,transposed,TE-like,Solyc06g075100.3,0.801235,4.03198,0.19872,1.69113e-26
24182,Solyc11g062400.2,transposed,gbM,Solyc01g010660.3,0.29675,4.17598,0.0710612,2.22246e-109
24183,Solyc11g062410.2,transposed,TE-like,Solyc12g009570.2,0.274738,4.27583,0.0642537,5.03409e-65
24184,Solyc11g062440.2,transposed,Unclassified,Solyc06g076330.3,0.65134,4.20022,0.155073,2.51089e-53
24185,Solyc11g063460.1,transposed,Unclassified,Solyc11g063650.1,0.0462641,0.0282421,1.63813,0.688957
24186,Solyc11g064800.2,transposed,Unmethylated,Solyc04g080970.3,0.588252,3.67983,0.159858,0
24187,Solyc11g064835.1,transposed,TE-like,Solyc02g092490.3,NA,0.0103777,-1.06981e-13,NA
24188,Solyc11g064840.1,transposed,Unclassified,Solyc07g065220.2,0.467811,3.88988,0.120264,2.99411e-26
24189,Solyc11g064920.2,transposed,TE-like,Solyc02g078400.3,0.932027,4.65286,0.200313,1.42827e-13
24190,Solyc11g064953.1,transposed,TE-like,Solyc01g008730.3,0.43282,2.86883,0.15087,5.62523e-18
24191,Solyc11g064990.2,transposed,TE-like,Solyc08g080540.3,0.570511,3.81733,0.149453,2.35726e-27
24192,Solyc11g065000.2,transposed,Unclassified,Solyc10g078410.2,0.321606,2.34331,0.137245,1.00723e-24
24193,Solyc11g065030.2,transposed,TE-like,Solyc01g008690.3,0.0712018,0.792573,0.0898363,4.32876e-20
24194,Solyc11g065090.2,transposed,TE-like,Solyc10g054930.2,0.298811,3.5657,0.0838015,2.22916e-37
24195,Solyc11g065125.1,transposed,TE-like,Solyc12g099740.2,0.0905007,0.798996,0.113268,4.7583e-21
24196,Solyc11g065160.2,transposed,TE-like,Solyc11g066780.2,0.803795,5.08584,0.158046,4.14085e-73
24197,Solyc11g065190.2,transposed,Unclassified,Solyc03g113100.3,0.484292,3.30219,0.146658,0
24198,Solyc11g065210.3,transposed,TE-like,Solyc01g068240.3,0.314319,4.33846,0.0724494,4.24602e-62
24199,Solyc11g065220.2,transposed,gbM,Solyc12g008510.2,0.340657,4.39397,0.0775284,2.30495e-75
24200,Solyc11g065260.2,transposed,TE-like,Solyc12g056995.1,0.9012,4.35851,0.206768,1.42662e-23
24201,Solyc11g065490.2,transposed,TE-like,Solyc06g050620.3,0.726885,4.29819,0.169114,4.79713e-28
24202,Solyc11g065540.1,transposed,Unclassified,Solyc10g006880.3,0.54576,3.83542,0.142295,8.37037e-36
24203,Solyc11g065590.1,transposed,TE-like,Solyc05g055070.3,0.0857412,0.215256,0.398323,0.0138857
24204,Solyc11g065600.2,transposed,TE-like,Solyc12g098610.2,0.336728,3.75257,0.0897327,1.62001e-36
24205,Solyc11g065620.2,transposed,TE-like,Solyc10g050890.2,0.835525,4.40275,0.189773,3.47614e-35
24206,Solyc11g065670.1,transposed,Unmethylated,Solyc11g069440.1,NA,0.304163,0,NA
24207,Solyc11g065700.2,transposed,TE-like,Solyc01g087240.3,0.512389,3.89487,0.131555,2.89894e-24
24208,Solyc11g065710.2,transposed,Unclassified,Solyc03g007530.3,0.27418,4.52388,0.0606073,1.78685e-106
24209,Solyc11g065720.2,transposed,gbM,Solyc03g007530.3,0.271974,4.57178,0.0594897,3.63054e-93
24210,Solyc11g065730.2,transposed,TE-like,Solyc00g007070.3,0.399991,3.80887,0.105015,3.25026e-48
24211,Solyc11g065820.2,transposed,TE-like,Solyc01g087150.3,0.237298,2.40479,0.0986773,8.20669e-73
24212,Solyc11g065830.2,transposed,gbM,Solyc11g010290.2,0.518704,2.45908,0.210934,3.04717e-33
24213,Solyc11g065840.2,transposed,TE-like,Solyc01g087130.3,0.292806,3.54808,0.0825253,2.17303e-41
24214,Solyc11g065870.2,transposed,TE-like,Solyc04g072775.1,0.890248,4.28002,0.208001,1.28109e-30
24215,Solyc11g065880.2,transposed,TE-like,Solyc01g108500.3,0.341625,4.06719,0.0839954,5.15338e-66
24216,Solyc11g065890.2,transposed,TE-like,Solyc04g079880.3,0.721246,4.09544,0.17611,1.08869e-20
24217,Solyc11g065940.2,transposed,TE-like,Solyc12g098740.2,0.877956,3.78397,0.23202,1.11656e-15
24218,Solyc11g065950.2,transposed,TE-like,Solyc01g094660.3,0.678791,4.76998,0.142305,2.8185e-52
24219,Solyc11g065970.2,transposed,TE-like,Solyc06g050530.3,0.398804,3.47309,0.114827,4.03188e-26
24220,Solyc11g066010.2,transposed,TE-like,Solyc09g010700.3,0.328913,3.3904,0.0970132,1.15289e-28
24221,Solyc11g066080.1,transposed,NA,Solyc05g054530.1,0.391959,3.66888,0.106833,1.90533e-44
24222,Solyc11g066110.2,transposed,TE-like,Solyc05g014050.3,0.395749,4.29913,0.0920533,1.23052e-59
24223,Solyc11g066130.1,transposed,Unmethylated,Solyc03g079960.3,0.519559,3.79361,0.136956,1.95963e-44
24224,Solyc11g066290.2,transposed,Unclassified,Solyc04g016490.3,0.705289,4.00059,0.176296,1.93284e-36
24225,Solyc11g066300.2,transposed,TE-like,Solyc07g064490.3,0.504464,4.15759,0.121336,1.17655e-41
24226,Solyc11g066310.2,transposed,TE-like,Solyc03g112840.2,0.46844,2.62722,0.178302,2.48144e-24
24227,Solyc11g066320.2,transposed,Unclassified,Solyc06g068770.3,0.577462,4.15056,0.139129,5.48477e-50
24228,Solyc11g066390.2,transposed,TE-like,Solyc01g067740.3,0.300658,2.15443,0.139553,3.97423e-18
24229,Solyc11g066420.1,transposed,gbM,Solyc06g065440.1,0.47495,3.68971,0.128723,0
24230,Solyc11g066510.2,transposed,Unmethylated,Solyc04g074820.2,0.572686,3.43506,0.166718,3.51534e-20
24231,Solyc11g066520.2,transposed,Unclassified,Solyc11g066250.2,0.844968,4.04251,0.209021,8.26178e-36
24232,Solyc11g066580.2,transposed,TE-like,Solyc03g115220.3,0.396991,4.37168,0.0908095,3.77674e-85
24233,Solyc11g066660.2,transposed,TE-like,Solyc03g005390.3,0.830164,3.94861,0.210242,8.9365e-19
24234,Solyc11g066700.2,transposed,TE-like,Solyc09g008690.2,0.243799,4.04997,0.0601977,1.50399e-52
24235,Solyc11g066740.2,transposed,gbM,Solyc09g011340.3,0.244828,4.16744,0.0587479,2.41786e-68
24236,Solyc11g066770.2,transposed,TE-like,Solyc06g074650.3,0.105543,0.516754,0.204242,2.21041e-23
24237,Solyc11g066900.2,transposed,TE-like,Solyc11g010690.2,0.426737,4.61991,0.092369,2.81984e-86
24238,Solyc11g066910.2,transposed,TE-like,Solyc06g062360.3,0.0919215,0.391448,0.234824,1.22169e-11
24239,Solyc11g066960.2,transposed,TE-like,Solyc09g064910.1,0.523731,3.9413,0.132883,1.10496e-43
24240,Solyc11g067080.2,transposed,TE-like,Solyc11g007250.2,0.330123,4.29116,0.076931,2.38787e-72
24241,Solyc11g067210.1,transposed,gbM,Solyc02g079260.2,0.590846,4.69295,0.125901,7.16129e-84
24242,Solyc11g067280.2,transposed,gbM,Solyc06g008200.3,0.565537,3.8067,0.148564,1.17966e-30
24243,Solyc11g067320.1,transposed,TE-like,Solyc05g011870.1,0.527303,3.83913,0.137349,5.88921e-29
24244,Solyc11g068355.1,transposed,TE-like,Solyc09g009470.1,0.180145,2.08504,0.086399,3.7745e-72
24245,Solyc11g068440.2,transposed,TE-like,Solyc11g071520.2,0.504152,4.08774,0.123333,1.20672e-50
24246,Solyc11g068460.2,transposed,Unclassified,Solyc10g079890.2,0.33429,3.76837,0.0887095,6.21361e-58
24247,Solyc11g068540.2,transposed,gbM,Solyc07g041280.3,0.884123,3.92066,0.225503,8.5563e-17
24248,Solyc11g068910.2,transposed,gbM,Solyc12g009590.2,0.732635,1.78309,0.410879,4.92946e-11
24249,Solyc11g068920.1,transposed,TE-like,Solyc01g007010.2,0.355673,2.72232,0.130651,1.30989e-39
24250,Solyc11g069000.2,transposed,TE-like,Solyc01g090750.3,0.732439,4.45013,0.164588,1.53196e-25
24251,Solyc11g069010.2,transposed,gbM,Solyc03g006980.3,0.426084,4.2471,0.100323,3.30879e-62
24252,Solyc11g069020.2,transposed,TE-like,Solyc11g020100.2,0.571931,4.64885,0.123026,9.0579e-65
24253,Solyc11g069030.2,transposed,NA,Solyc09g008250.3,0.0410744,2.78331,0.0147574,6.8099e-28
24254,Solyc11g069040.3,transposed,TE-like,Solyc02g080630.3,0.634852,3.39814,0.186824,8.77519e-23
24255,Solyc11g069050.2,transposed,TE-like,Solyc08g076300.3,0.516592,4.28409,0.120584,7.67311e-52
24256,Solyc11g069095.1,transposed,TE-like,Solyc06g074950.1,0.283734,1.4059,0.201816,9.793e-07
24257,Solyc11g069180.2,transposed,gbM,Solyc10g076600.2,0.834561,4.1593,0.200649,5.09888e-18
24258,Solyc11g069190.2,transposed,TE-like,Solyc03g118290.3,0.624655,4.64138,0.134584,3.00312e-52
24259,Solyc11g069220.2,transposed,TE-like,Solyc02g082430.3,0.455249,4.32028,0.105375,4.50005e-61
24260,Solyc11g069260.2,transposed,TE-like,Solyc03g005860.3,0.752198,3.8182,0.197003,6.22061e-14
24261,Solyc11g069480.2,transposed,Unclassified,Solyc09g011230.3,0.474312,3.52817,0.134436,1.61528e-25
24262,Solyc11g069590.2,transposed,gbM,Solyc01g098740.3,0.682366,4.23421,0.161156,6.67135e-34
24263,Solyc11g069600.2,transposed,TE-like,Solyc05g056140.3,0.291733,4.66109,0.062589,3.79967e-130
24264,Solyc11g069630.1,transposed,TE-like,Solyc02g089900.1,0.710803,4.46663,0.159136,1.71203e-57
24265,Solyc11g069690.2,transposed,Unclassified,Solyc01g100320.3,0.604087,2.38787,0.252981,3.08513e-08
24266,Solyc11g069700.2,transposed,TE-like,Solyc03g119290.3,0.641697,4.20914,0.152453,3.50798e-51
24267,Solyc11g069710.2,transposed,TE-like,Solyc11g009100.2,0.588483,4.47028,0.131643,2.90451e-62
24268,Solyc11g069800.1,transposed,Unclassified,Solyc04g079730.1,0.180614,1.72982,0.104412,9.14501e-78
24269,Solyc11g069840.2,transposed,TE-like,Solyc04g079340.3,0.600503,4.31742,0.139088,4.30498e-72
24270,Solyc11g069860.2,transposed,Unclassified,Solyc03g112770.3,0.751017,3.28867,0.228365,4.95103e-07
24271,Solyc11g069940.1,transposed,Unmethylated,Solyc08g062970.1,0.159572,1.43346,0.11132,1.62746e-18
24272,Solyc11g069950.2,transposed,TE-like,Solyc04g082250.3,0.613449,4.56738,0.134311,1.21148e-47
24273,Solyc11g069960.2,transposed,TE-like,Solyc05g009100.3,0.500202,4.4809,0.11163,7.84569e-62
24274,Solyc11g069970.1,transposed,TE-like,Solyc08g065140.1,0.185771,1.82414,0.10184,2.41449e-38
24275,Solyc11g071195.1,transposed,TE-like,Solyc08g066550.3,0.388401,1.34343,0.289112,1.11808e-06
24276,Solyc11g071205.1,transposed,Unclassified,Solyc11g070130.2,0.239827,0.297938,0.804958,0.754462
24277,Solyc11g071230.2,transposed,TE-like,Solyc04g076920.3,0.436603,4.20003,0.103952,3.94095e-45
24278,Solyc11g071270.2,transposed,gbM,Solyc08g068370.3,0.148557,0.665601,0.223192,1.09831e-34
24279,Solyc11g071280.2,transposed,gbM,Solyc01g098700.3,0.956472,4.12758,0.231727,2.35542e-10
24280,Solyc11g071290.2,transposed,Unclassified,Solyc04g082170.3,0.467797,4.06967,0.114947,1.59638e-44
24281,Solyc11g071300.2,transposed,TE-like,Solyc08g068320.3,0.205994,0.893048,0.230664,5.03154e-46
24282,Solyc11g071310.1,transposed,TE-like,Solyc08g068290.3,0.115521,0.954871,0.12098,3.10411e-39
24283,Solyc11g071330.2,transposed,gbM,Solyc01g107240.3,0.891139,3.67955,0.242187,4.10216e-08
24284,Solyc11g071340.2,transposed,gbM,Solyc09g076050.3,0.68651,4.3463,0.157953,1.55924e-25
24285,Solyc11g071350.1,transposed,TE-like,Solyc06g074100.1,0.349799,2.52355,0.138614,2.02165e-40
24286,Solyc11g071440.2,transposed,TE-like,Solyc11g006540.2,0.301133,2.37274,0.126914,1.58272e-28
24287,Solyc11g071460.2,transposed,TE-like,Solyc01g094237.1,0.390069,2.30282,0.169388,1.58035e-26
24288,Solyc11g071500.2,transposed,gbM,Solyc04g008870.3,0.382814,3.74238,0.102292,7.52373e-36
24289,Solyc11g071530.1,transposed,gbM,Solyc02g092300.1,0.488566,3.59017,0.136084,8.80671e-25
24290,Solyc11g071550.2,transposed,TE-like,Solyc01g111210.3,0.353194,4.38194,0.0806022,1.26025e-70
24291,Solyc11g071870.2,transposed,TE-like,Solyc10g012240.3,0.140547,3.52876,0.0398291,1.71689e-54
24292,Solyc11g071880.2,transposed,gbM,Solyc05g009100.3,0.662927,4.44163,0.149253,6.53271e-54
24293,Solyc11g071910.2,transposed,gbM,Solyc07g063270.3,0.852289,4.25191,0.200449,8.59594e-33
24294,Solyc11g071990.2,transposed,TE-like,Solyc11g006540.2,0.328513,1.91348,0.171683,8.44736e-35
24295,Solyc11g072020.1,transposed,TE-like,Solyc07g064130.2,0.728282,3.85972,0.188688,8.7568e-21
24296,Solyc11g072070.2,transposed,TE-like,Solyc01g009060.3,0.0830856,1.61749,0.051367,3.37682e-63
24297,Solyc11g072210.1,transposed,TE-like,Solyc07g066160.1,0.548394,3.88634,0.141108,2.673e-29
24298,Solyc11g072220.2,transposed,gbM,Solyc05g005630.3,1.03452,4.10842,0.251805,4.68606e-39
24299,Solyc11g072230.1,transposed,Unclassified,Solyc12g008580.2,0.723846,4.17497,0.173377,1.04258e-29
24300,Solyc11g072240.2,transposed,TE-like,Solyc10g077010.2,NA,1.25278,4.63131e-12,NA
24301,Solyc11g072260.2,transposed,TE-like,Solyc01g091220.3,NA,1.90019,7.68138e-12,NA
24302,Solyc11g072270.2,transposed,Unmethylated,Solyc10g081170.2,0.435887,3.33212,0.130814,1.27645e-28
24303,Solyc11g072280.2,transposed,TE-like,Solyc03g007130.3,0.152485,0.79422,0.191993,4.69597e-41
24304,Solyc11g072310.2,transposed,TE-like,Solyc03g006880.3,0.138231,1.52071,0.0908988,2.23287e-53
24305,Solyc11g072510.2,transposed,TE-like,Solyc01g102730.3,0.470391,4.15196,0.113294,1.5443e-27
24306,Solyc11g072520.2,transposed,TE-like,Solyc06g074530.1,0.356592,4.22349,0.0844306,3.06191e-84
24307,Solyc11g072710.2,transposed,Unclassified,Solyc01g090240.3,0.620638,4.4074,0.140817,1.37304e-60
24308,Solyc11g072720.2,transposed,Unclassified,Solyc11g072900.1,0.0623856,0.0670965,0.929789,0.867298
24309,Solyc11g072840.1,transposed,Unmethylated,Solyc06g075830.2,0.0133119,1.08982,0.0122147,2.16823e-27
24310,Solyc11g072850.2,transposed,TE-like,Solyc12g096940.2,0.843517,3.77717,0.22332,2.75795e-21
24311,Solyc11g072860.2,transposed,gbM,Solyc04g011390.1,NA,1.91329,4.41487e-11,NA
24312,Solyc11g072880.2,transposed,gbM,Solyc01g096190.3,0.24072,4.87807,0.0493474,1.32758e-271
24313,Solyc11g072910.1,transposed,gbM,Solyc07g063475.1,0.35995,4.6239,0.0778457,1.12443e-147
24314,Solyc11g072920.2,transposed,TE-like,Solyc10g078890.2,0.139214,3.82172,0.0364272,4.16727e-67
24315,Solyc11g072930.2,transposed,TE-like,Solyc03g121230.3,0.793214,4.42388,0.179303,1.20092e-37
24316,Solyc11g073040.1,transposed,Unclassified,Solyc06g075630.3,0.308695,1.24446,0.248055,1.27753e-07
24317,Solyc11g073050.2,transposed,gbM,Solyc09g010370.3,0.0394904,3.60927,0.0109414,1.65886e-77
24318,Solyc11g073060.2,transposed,Unclassified,Solyc06g075780.2,0.334838,3.3619,0.099598,1.27197e-18
24319,Solyc11g073090.1,transposed,gbM,Solyc07g040960.1,0.80998,3.94894,0.205113,6.27058e-24
24320,Solyc11g073120.2,transposed,TE-like,Solyc06g075660.3,0.221822,1.83852,0.120653,1.11499e-20
24321,Solyc11g073130.2,transposed,TE-like,Solyc04g014370.3,0.854527,3.76093,0.227212,7.28268e-11
24322,Solyc11g073160.2,transposed,gbM,Solyc11g010300.2,0.307899,4.33319,0.071056,1.37739e-107
24323,Solyc11g073170.1,transposed,gbM,Solyc06g053640.1,0.726388,3.6104,0.201193,1.02401e-14
24324,Solyc11g073190.2,transposed,gbM,Solyc01g010650.3,0.735044,3.93415,0.186837,1.63419e-22
24325,Solyc11g073230.1,transposed,Unmethylated,Solyc04g076070.1,0.738066,4.20694,0.17544,5.20556e-21
24326,Solyc11g073270.1,transposed,TE-like,Solyc04g079850.2,0.862162,4.70491,0.183247,1.10532e-36
24327,Solyc11g073280.2,transposed,Unclassified,Solyc11g011130.2,0.367048,3.81618,0.0961821,4.10589e-43
24328,Solyc12g005020.2,transposed,Unmethylated,Solyc02g083400.3,0.569929,3.77817,0.150848,3.98762e-19
24329,Solyc12g005040.2,transposed,Unclassified,Solyc07g064610.3,0.0403038,1.13693,0.0354497,7.11388e-19
24330,Solyc12g005070.2,transposed,Unclassified,Solyc07g056040.3,0.633709,3.57265,0.177378,1.85102e-14
24331,Solyc12g005080.2,transposed,TE-like,Solyc11g007720.2,0.760951,4.2585,0.17869,2.20836e-26
24332,Solyc12g005130.2,transposed,gbM,Solyc07g064420.3,0.149454,0.744836,0.200654,1.20478e-23
24333,Solyc12g005260.1,transposed,Unclassified,Solyc07g064030.3,0.214443,0.706458,0.303547,1.31937e-05
24334,Solyc12g005270.2,transposed,Unmethylated,Solyc03g005227.1,0.124283,3.27297,0.0379725,1.96207e-43
24335,Solyc12g005290.2,transposed,TE-like,Solyc07g063735.1,0.177281,1.5254,0.116219,1.82744e-78
24336,Solyc12g005300.2,transposed,Unclassified,Solyc09g065620.3,0.256354,0.939784,0.27278,9.07868e-15
24337,Solyc12g005320.2,transposed,TE-like,Solyc08g005790.3,0.490403,2.27146,0.215898,1.99338e-21
24338,Solyc12g005330.2,transposed,Unclassified,Solyc07g063910.3,0.0119908,0.925399,0.0129574,1.89168e-54
24339,Solyc12g005340.2,transposed,gbM,Solyc07g063940.2,0.168762,0.750847,0.224763,3.60904e-31
24340,Solyc12g005350.2,transposed,TE-like,Solyc02g085020.3,0.561721,2.59478,0.216481,3.63891e-19
24341,Solyc12g005360.2,transposed,TE-like,Solyc03g117640.1,0.761402,3.87427,0.196528,7.43792e-34
24342,Solyc12g005380.2,transposed,TE-like,Solyc10g008640.3,0.192,4.22502,0.0454435,2.83068e-89
24343,Solyc12g005400.2,transposed,TE-like,Solyc02g088560.3,0.428498,4.58324,0.0934924,2.67919e-79
24344,Solyc12g005420.2,transposed,Unclassified,Solyc04g081020.3,0.590351,3.63794,0.162276,0
24345,Solyc12g005450.1,transposed,Unclassified,Solyc05g010140.3,0.658769,4.04093,0.163024,3.20271e-29
24346,Solyc12g005460.1,transposed,Unclassified,Solyc12g013895.1,0.605488,3.24442,0.186624,1.25788e-08
24347,Solyc12g005465.1,transposed,Unclassified,Solyc10g007070.3,0.468768,3.37797,0.138772,2.21502e-21
24348,Solyc12g005480.2,transposed,gbM,Solyc07g053790.2,0.157919,0.962954,0.163995,1.26066e-55
24349,Solyc12g005490.1,transposed,TE-like,Solyc02g077640.1,0.286723,3.70269,0.0774363,8.21014e-30
24350,Solyc12g005580.2,transposed,TE-like,Solyc01g006950.3,0.269296,3.86461,0.0696826,1.03703e-63
24351,Solyc12g005660.2,transposed,Unmethylated,Solyc07g053140.3,0.241217,1.38448,0.174229,7.83855e-15
24352,Solyc12g005700.2,transposed,TE-like,Solyc07g052910.3,0.141114,3.31266,0.0425985,4.29238e-22
24353,Solyc12g005720.1,transposed,Unclassified,Solyc02g079990.3,0.618338,3.63911,0.169915,9.77889e-41
24354,Solyc12g005830.2,transposed,TE-like,Solyc02g080260.3,0.285513,4.56511,0.0625424,7.52274e-100
24355,Solyc12g005910.2,transposed,Unclassified,Solyc02g032930.3,0.279929,2.41644,0.115844,9.02082e-29
24356,Solyc12g005950.2,transposed,TE-like,Solyc08g081990.3,0.578559,4.45526,0.12986,2.94434e-75
24357,Solyc12g006090.1,transposed,TE-like,Solyc07g065650.2,0.249921,1.68617,0.148219,1.88171e-24
24358,Solyc12g006120.2,transposed,Unmethylated,Solyc04g054150.1,0.306405,3.36345,0.0910984,8.26242e-28
24359,Solyc12g006190.1,transposed,TE-like,Solyc05g013500.3,0.837084,4.16882,0.200796,9.93335e-25
24360,Solyc12g006250.2,transposed,TE-like,Solyc07g065850.3,0.177455,3.82236,0.0464256,3.29788e-48
24361,Solyc12g006360.2,transposed,TE-like,Solyc02g032660.3,0.472982,4.41071,0.107235,1.21661e-49
24362,Solyc12g006430.2,transposed,TE-like,Solyc02g088750.2,0.763232,6.08661,0.125395,5.03744e-16
24363,Solyc12g006460.2,transposed,Unclassified,Solyc08g007050.2,0.406568,2.21572,0.183492,1.14149e-21
24364,Solyc12g006490.2,transposed,TE-like,Solyc07g063110.3,0.329648,4.22651,0.0779954,1.46715e-60
24365,Solyc12g006500.1,transposed,Unclassified,Solyc02g066910.3,0.487804,4.09974,0.118984,3.09154e-37
24366,Solyc12g006630.2,transposed,Unclassified,Solyc06g071180.3,0.558558,3.58575,0.155772,2.98859e-27
24367,Solyc12g006690.2,transposed,Unclassified,Solyc07g065710.3,0.419807,4.24514,0.0988912,8.81942e-75
24368,Solyc12g006700.2,transposed,gbM,Solyc06g067970.2,0.412971,3.80527,0.108526,2.67923e-38
24369,Solyc12g006790.2,transposed,TE-like,Solyc09g082830.3,0.175904,4.78554,0.0367574,1.52712e-242
24370,Solyc12g006800.2,transposed,TE-like,Solyc01g108300.3,0.619343,4.01738,0.154166,9.99549e-30
24371,Solyc12g006820.1,transposed,TE-like,Solyc09g083050.3,0.161985,4.30826,0.0375988,2.87741e-168
24372,Solyc12g006830.2,transposed,gbM,Solyc06g084090.3,0.070088,3.47032,0.0201964,1.29435e-46
24373,Solyc12g006840.2,transposed,TE-like,Solyc07g063700.2,0.520629,4.59478,0.113309,7.9682e-92
24374,Solyc12g006850.2,transposed,TE-like,Solyc02g070530.3,0.384763,4.57098,0.0841751,7.61352e-108
24375,Solyc12g006860.2,transposed,TE-like,Solyc04g080100.3,0.475661,4.36237,0.109037,1.70023e-48
24376,Solyc12g006870.2,transposed,TE-like,Solyc06g067950.3,0.22295,2.8257,0.0789009,1.54925e-41
24377,Solyc12g006880.2,transposed,TE-like,Solyc08g078203.1,0.362492,3.69414,0.098126,1.06428e-38
24378,Solyc12g006920.2,transposed,TE-like,Solyc02g067980.3,0.372279,4.36811,0.0852267,5.475e-76
24379,Solyc12g006940.2,transposed,TE-like,Solyc08g067770.3,0.307434,4.19916,0.0732133,1.79049e-72
24380,Solyc12g006990.2,transposed,TE-like,Solyc08g067930.3,0.531438,4.52038,0.117565,6.68381e-42
24381,Solyc12g006997.1,transposed,NA,Solyc01g105000.3,0.571042,2.2696,0.251605,1.97125e-07
24382,Solyc12g007010.2,transposed,TE-like,Solyc06g083990.3,0.608707,3.96224,0.153627,7.2526e-30
24383,Solyc12g007020.2,transposed,Unclassified,Solyc12g049500.2,0.705525,4.38535,0.160882,2.54618e-29
24384,Solyc12g007030.2,transposed,gbM,Solyc03g114150.3,0.377352,4.36677,0.0864144,1.16588e-67
24385,Solyc12g007070.2,transposed,Unmethylated,Solyc06g072750.3,0.83508,4.11774,0.2028,1.1023e-14
24386,Solyc12g007190.2,transposed,Unmethylated,Solyc07g020710.3,0.374788,1.48802,0.25187,5.01952e-07
24387,Solyc12g008330.2,transposed,TE-like,Solyc03g121290.3,0.879885,2.30338,0.381997,5.7442e-11
24388,Solyc12g008470.2,transposed,TE-like,Solyc06g083440.3,0.484747,3.42132,0.141684,1.67004e-07
24389,Solyc12g008660.1,transposed,Unclassified,Solyc01g087170.3,0.692259,4.1587,0.16646,5.66827e-56
24390,Solyc12g008740.1,transposed,TE-like,Solyc01g095080.3,0.311016,4.118,0.0755259,8.06471e-77
24391,Solyc12g008750.2,transposed,TE-like,Solyc02g085570.3,0.158568,4.37934,0.0362081,1.78298e-117
24392,Solyc12g008760.2,transposed,TE-like,Solyc04g008860.3,0.596936,4.11068,0.145216,6.16175e-27
24393,Solyc12g008770.2,transposed,TE-like,Solyc08g062860.3,0.335808,4.07264,0.0824546,5.62579e-57
24394,Solyc12g008780.2,transposed,Unclassified,Solyc07g065340.1,0.302584,3.94093,0.07678,2.50177e-83
24395,Solyc12g008800.2,transposed,Unclassified,Solyc12g044610.2,0.320288,3.39077,0.0944589,0
24396,Solyc12g009010.2,transposed,gbM,Solyc06g008330.2,0.287566,4.26596,0.0674094,4.51553e-121
24397,Solyc12g009040.2,transposed,TE-like,Solyc07g045290.3,0.102249,0.744353,0.137366,9.29597e-62
24398,Solyc12g009050.2,transposed,TE-like,Solyc08g062210.3,0.572448,3.89468,0.146982,2.85564e-19
24399,Solyc12g009060.2,transposed,gbM,Solyc02g069680.3,0.544725,3.70717,0.146938,1.85946e-18
24400,Solyc12g009065.1,transposed,TE-like,Solyc07g053420.3,0.656385,3.21119,0.204405,0
24401,Solyc12g009140.2,transposed,TE-like,Solyc08g016510.3,0.702672,2.51772,0.279091,5.73945e-10
24402,Solyc12g009420.2,transposed,TE-like,Solyc04g015530.2,0.4124,3.61966,0.113933,6.33743e-34
24403,Solyc12g009425.1,transposed,TE-like,Solyc01g100980.3,0.612842,3.24722,0.188728,6.1137e-10
24404,Solyc12g009490.2,transposed,Unclassified,Solyc06g068360.3,0.265623,2.93884,0.0903836,2.34707e-26
24405,Solyc12g009660.2,transposed,TE-like,Solyc09g008720.2,0.371375,4.04078,0.0919068,1.32227e-77
24406,Solyc12g009980.2,transposed,TE-like,Solyc08g006780.3,0.22557,1.82076,0.123888,7.77774e-24
24407,Solyc12g010000.2,transposed,Unclassified,Solyc08g006790.3,0.441601,3.16414,0.139564,2.44136e-17
24408,Solyc12g010210.2,transposed,Unmethylated,Solyc00g007270.3,0.134445,0.528513,0.254384,1.16487e-11
24409,Solyc12g010220.2,transposed,TE-like,Solyc03g117810.3,0.810821,3.72555,0.217638,5.85307e-13
24410,Solyc12g010370.1,transposed,Unclassified,Solyc07g054450.3,0.219584,1.41424,0.155266,1.1572e-22
24411,Solyc12g010440.2,transposed,gbM,Solyc03g093140.3,0.389937,4.40351,0.0885514,1.77737e-63
24412,Solyc12g010490.2,transposed,TE-like,Solyc03g117720.3,0.23934,3.0883,0.077499,1.75475e-40
24413,Solyc12g010500.2,transposed,TE-like,Solyc07g062720.2,0.617407,3.4727,0.177789,2.2375e-19
24414,Solyc12g010530.2,transposed,gbM,Solyc12g006000.1,0.771462,4.42023,0.17453,6.64403e-43
24415,Solyc12g010600.2,transposed,gbM,Solyc10g078860.2,0.622381,4.83576,0.128704,2.40659e-110
24416,Solyc12g010650.1,transposed,gbM,Solyc04g072500.1,0.401038,1.50055,0.267261,1.1785e-21
24417,Solyc12g010670.1,transposed,TE-like,Solyc07g054080.2,0.301812,3.18878,0.094648,2.27412e-25
24418,Solyc12g010690.2,transposed,gbM,Solyc02g078600.3,0.133795,2.51542,0.0531897,2.99208e-104
24419,Solyc12g010700.2,transposed,gbM,Solyc04g072560.3,0.869658,4.1712,0.208491,1.92185e-25
24420,Solyc12g010720.1,transposed,NA,Solyc04g072490.3,0.26239,1.69821,0.154509,3.85905e-07
24421,Solyc12g010730.2,transposed,TE-like,Solyc10g008480.3,0.0952009,0.950096,0.100201,7.40232e-33
24422,Solyc12g010740.2,transposed,TE-like,Solyc07g054500.3,0.171132,1.11183,0.153919,1.11266e-09
24423,Solyc12g010745.1,transposed,TE-like,Solyc02g078780.3,0.358706,4.38833,0.0817408,2.85555e-62
24424,Solyc12g010750.2,transposed,gbM,Solyc07g054490.3,0.0842658,0.581612,0.144883,4.09427e-23
24425,Solyc12g010755.1,transposed,NA,Solyc07g054450.3,0.219584,1.41424,0.155266,1.1572e-22
24426,Solyc12g010780.1,transposed,Unmethylated,Solyc10g007140.3,0.803683,3.28469,0.244675,1.47534e-06
24427,Solyc12g010790.2,transposed,gbM,Solyc07g053480.3,0.0357838,0.534165,0.0669901,1.41155e-26
24428,Solyc12g010800.2,transposed,TE-like,Solyc07g053450.3,0.201387,1.53586,0.131123,2.98615e-32
24429,Solyc12g010810.1,transposed,Unclassified,Solyc02g077380.2,0.591047,3.43728,0.171952,0
24430,Solyc12g010840.2,transposed,TE-like,Solyc07g053280.3,0.0730446,1.58299,0.0461435,7.20132e-91
24431,Solyc12g010860.2,transposed,gbM,Solyc05g012420.3,0.163109,3.80876,0.0428246,5.91015e-56
24432,Solyc12g010890.2,transposed,Unclassified,Solyc03g122030.1,0.5662,3.97901,0.142297,1.68794e-34
24433,Solyc12g010940.1,transposed,TE-like,Solyc02g072210.1,0.467651,3.45048,0.135532,3.03422e-26
24434,Solyc12g010995.1,transposed,TE-like,Solyc07g055695.1,0.0503035,0.510652,0.0985085,5.98861e-10
24435,Solyc12g011040.2,transposed,TE-like,Solyc01g006560.3,0.0789146,0.383858,0.205583,1.08538e-17
24436,Solyc12g011050.2,transposed,TE-like,Solyc06g053320.3,0.775948,4.68063,0.165779,3.17834e-58
24437,Solyc12g011170.2,transposed,TE-like,Solyc06g068090.3,0.232315,4.6232,0.0502498,1.58015e-198
24438,Solyc12g011280.2,transposed,Unclassified,Solyc12g009200.2,0.638074,2.7695,0.230394,1.84006e-13
24439,Solyc12g011290.2,transposed,gbM,Solyc11g010920.2,0.516595,4.87255,0.106022,1.76576e-110
24440,Solyc12g011300.2,transposed,NA,Solyc07g056440.3,0.210495,2.12932,0.0988557,8.02176e-29
24441,Solyc12g011420.2,transposed,gbM,Solyc03g119440.3,0.946238,4.47983,0.211222,1.56325e-36
24442,Solyc12g011440.2,transposed,Unclassified,Solyc08g016190.3,0.295255,3.06573,0.0963082,7.3941e-13
24443,Solyc12g013470.2,transposed,TE-like,Solyc10g078460.2,0.386655,3.54365,0.109112,1.91145e-34
24444,Solyc12g013560.2,transposed,gbM,Solyc02g078860.3,0.23693,1.78349,0.132846,8.39587e-48
24445,Solyc12g013570.2,transposed,TE-like,Solyc01g005470.3,0.466614,3.10511,0.150273,0
24446,Solyc12g013580.2,transposed,TE-like,Solyc02g086910.3,0.766721,3.76904,0.203426,3.43165e-16
24447,Solyc12g013590.2,transposed,TE-like,Solyc03g031900.2,0.548483,4.82867,0.113589,1.71999e-118
24448,Solyc12g013660.2,transposed,TE-like,Solyc04g054910.3,0.595223,3.46664,0.1717,6.7326e-13
24449,Solyc12g013700.2,transposed,TE-like,Solyc02g078500.2,0.252112,3.73783,0.0674489,1.08618e-61
24450,Solyc12g013770.2,transposed,TE-like,Solyc02g084990.3,0.372087,3.87231,0.0960892,6.98482e-43
24451,Solyc12g013780.2,transposed,TE-like,Solyc08g078115.1,0.241227,1.74366,0.138345,1.93165e-09
24452,Solyc12g013865.1,transposed,gbM,Solyc07g063100.3,0.472099,1.02505,0.460564,0.000174367
24453,Solyc12g013960.2,transposed,TE-like,Solyc02g076680.3,0.744761,4.48795,0.165947,4.9467e-31
24454,Solyc12g013970.2,transposed,TE-like,Solyc02g076780.3,0.306887,2.59608,0.118212,3.75525e-34
24455,Solyc12g013990.2,transposed,TE-like,Solyc02g076780.3,0.251537,4.02625,0.0624742,7.54135e-71
24456,Solyc12g014050.2,transposed,gbM,Solyc05g005480.2,0.740254,3.74754,0.197531,5.21548e-15
24457,Solyc12g014060.2,transposed,gbM,Solyc02g086850.2,0.740061,3.75444,0.197116,1.19054e-30
24458,Solyc12g014310.2,transposed,Unclassified,Solyc04g064870.3,0.396993,3.62245,0.109593,6.33196e-25
24459,Solyc12g014330.1,transposed,TE-like,Solyc04g076070.1,0.799931,4.21323,0.189862,2.32935e-26
24460,Solyc12g014350.2,transposed,gbM,Solyc02g071880.3,0.370247,4.43426,0.0834969,5.37931e-105
24461,Solyc12g014380.2,transposed,TE-like,Solyc04g076090.3,0.852872,4.3093,0.197914,1.02568e-40
24462,Solyc12g014417.1,transposed,TE-like,Solyc07g064130.2,0.645219,3.4944,0.184644,9.09743e-16
24463,Solyc12g014420.2,transposed,TE-like,Solyc12g008580.2,0.488244,4.18878,0.11656,1.57722e-74
24464,Solyc12g014430.2,transposed,TE-like,Solyc08g082670.3,0.309683,2.10168,0.14735,6.47321e-72
24465,Solyc12g014480.2,transposed,TE-like,Solyc04g014700.3,0.661031,3.4196,0.193307,5.39202e-10
24466,Solyc12g014530.2,transposed,gbM,Solyc02g085350.3,0.734652,4.46601,0.164498,5.16028e-28
24467,Solyc12g015790.1,transposed,Unmethylated,Solyc00g007270.3,0.0974264,0.773505,0.125954,1.36068e-21
24468,Solyc12g015800.2,transposed,TE-like,Solyc07g065810.2,0.182216,2.3811,0.0765257,3.55481e-48
24469,Solyc12g015820.1,transposed,Unmethylated,Solyc12g015910.1,0.0875178,0.12056,0.725925,0.353958
24470,Solyc12g015830.1,transposed,TE-like,Solyc12g015910.1,0.0375469,0.0466854,0.804252,0.770942
24471,Solyc12g015850.1,transposed,TE-like,Solyc06g049070.3,0.824315,4.12957,0.199612,6.36969e-13
24472,Solyc12g015890.1,transposed,Unmethylated,Solyc01g080220.3,0.0828916,0.0715883,1.15789,0.995402
24473,Solyc12g016080.1,transposed,TE-like,Solyc12g009340.2,0.0502065,0.0992411,0.505905,0.345004
24474,Solyc12g016190.2,transposed,TE-like,Solyc12g094440.2,0.444974,3.79415,0.117279,2.99674e-33
24475,Solyc12g017240.2,transposed,Unclassified,Solyc07g055990.3,0.205945,3.84829,0.0535161,2.54862e-72
24476,Solyc12g017260.2,transposed,TE-like,Solyc12g006420.2,0.331034,2.71536,0.121911,1.08849e-83
24477,Solyc12g017290.1,transposed,TE-like,Solyc12g096700.2,0.160732,0.23989,0.670025,0.156266
24478,Solyc12g017360.2,transposed,TE-like,Solyc09g091920.3,0.405741,2.9405,0.137984,5.13701e-20
24479,Solyc12g017370.2,transposed,TE-like,Solyc12g098370.2,0.48368,3.8442,0.125821,6.62348e-59
24480,Solyc12g017390.2,transposed,TE-like,Solyc07g065710.3,0.297818,4.24466,0.0701628,1.61296e-124
24481,Solyc12g017410.2,transposed,TE-like,Solyc09g074640.3,0.690224,4.10266,0.168238,3.16139e-34
24482,Solyc12g017470.2,transposed,TE-like,Solyc07g017290.3,0.0447631,0.179285,0.249675,2.955e-06
24483,Solyc12g017480.2,transposed,TE-like,Solyc00g007300.3,0.66407,3.81754,0.173952,1.09912e-24
24484,Solyc12g017515.1,transposed,gbM,Solyc08g015690.3,0.108902,1.69346,0.0643073,1.68778e-54
24485,Solyc12g017540.2,transposed,TE-like,Solyc08g015780.3,0.099748,0.906585,0.110026,9.22245e-59
24486,Solyc12g017570.2,transposed,TE-like,Solyc08g015860.3,0.0291436,0.963393,0.0302511,5.65241e-74
24487,Solyc12g017635.1,transposed,TE-like,Solyc02g084780.3,0.246185,0.782385,0.31466,0.000366584
24488,Solyc12g017660.2,transposed,TE-like,Solyc02g084800.3,0.172931,0.401127,0.431112,0.0124652
24489,Solyc12g017700.2,transposed,TE-like,Solyc03g115390.3,0.148487,1.4739,0.100744,2.52633e-84
24490,Solyc12g017800.2,transposed,TE-like,Solyc11g020100.2,0.157707,0.389624,0.404766,2.47974e-06
24491,Solyc12g017810.1,transposed,TE-like,Solyc11g020100.2,0.189781,0.283454,0.669528,0.0838477
24492,Solyc12g017835.1,transposed,TE-like,Solyc01g091460.3,0.601853,5.21123,0.115491,1.15585e-138
24493,Solyc12g017840.2,transposed,TE-like,Solyc08g006140.2,0.544674,3.92854,0.138645,1.51418e-33
24494,Solyc12g017850.2,transposed,TE-like,Solyc07g017220.3,0.21196,1.52422,0.139062,1.50416e-16
24495,Solyc12g017860.2,transposed,TE-like,Solyc05g047520.3,0.0904153,0.842752,0.107286,1.22479e-78
24496,Solyc12g017870.2,transposed,TE-like,Solyc01g101050.3,0.270382,3.90601,0.0692219,1.90342e-58
24497,Solyc12g019050.2,transposed,TE-like,Solyc09g008720.2,0.348349,4.01483,0.0867657,8.25506e-60
24498,Solyc12g019060.2,transposed,TE-like,Solyc08g014570.3,0.0994165,0.6766,0.146935,7.42698e-41
24499,Solyc12g019430.2,transposed,TE-like,Solyc08g079630.3,0.646158,3.80241,0.169934,1.72662e-19
24500,Solyc12g019440.2,transposed,Unclassified,Solyc08g005790.3,0.451614,2.32031,0.194635,2.13176e-25
24501,Solyc12g019480.2,transposed,Unclassified,Solyc02g092470.3,0.50041,4.76202,0.105084,7.19756e-105
24502,Solyc12g019590.1,transposed,TE-like,Solyc02g011930.1,0.338886,0.738274,0.459024,0.0199116
24503,Solyc12g019610.2,transposed,TE-like,Solyc11g010920.2,0.925219,3.84991,0.240322,3.18452e-11
24504,Solyc12g019620.2,transposed,TE-like,Solyc09g091660.3,0.266231,2.80103,0.0950478,2.08891e-92
24505,Solyc12g019640.2,transposed,gbM,Solyc12g098210.2,0.204342,6.12776,0.0333469,2.4109e-105
24506,Solyc12g019740.2,transposed,Unclassified,Solyc03g115870.3,0.364284,3.67519,0.0991198,5.46072e-40
24507,Solyc12g019750.2,transposed,TE-like,Solyc03g007320.3,0.758073,4.11073,0.184413,3.7411e-37
24508,Solyc12g019880.1,transposed,TE-like,Solyc10g078460.2,0.106103,1.29472,0.0819507,2.8264e-93
24509,Solyc12g019975.1,transposed,Unclassified,Solyc10g084890.2,0.190871,0.518653,0.368013,0.0124285
24510,Solyc12g019990.1,transposed,Unclassified,Solyc10g084890.2,0.179997,0.28,0.642848,0.295044
24511,Solyc12g020110.2,transposed,TE-like,Solyc11g066790.2,0.691207,4.71083,0.146727,4.57193e-90
24512,Solyc12g020120.2,transposed,Unclassified,Solyc11g069470.2,0.313426,0.97099,0.32279,0.00221923
24513,Solyc12g021130.2,transposed,TE-like,Solyc04g082750.3,0.845704,4.24649,0.199154,4.89664e-30
24514,Solyc12g021180.2,transposed,TE-like,Solyc01g080040.3,0.654435,2.50628,0.261118,2.81877e-07
24515,Solyc12g021230.2,transposed,TE-like,Solyc01g087500.3,0.945541,4.48824,0.210671,6.632e-26
24516,Solyc12g021250.2,transposed,TE-like,Solyc01g005330.3,0.155908,2.24538,0.0694349,4.45089e-25
24517,Solyc12g021340.2,transposed,TE-like,Solyc10g076700.2,0.844212,3.66922,0.230079,9.52846e-09
24518,Solyc12g026400.2,transposed,TE-like,Solyc09g074420.3,0.45475,4.46277,0.101899,1.8298e-74
24519,Solyc12g026430.2,transposed,gbM,Solyc03g114030.3,0.0549022,0.659105,0.0832981,7.89847e-56
24520,Solyc12g027540.2,transposed,TE-like,Solyc09g007680.3,0.464114,3.70491,0.12527,1.70986e-38
24521,Solyc12g027610.1,transposed,TE-like,Solyc05g055070.3,0.264718,0.516929,0.512096,0.00316956
24522,Solyc12g027650.1,transposed,TE-like,Solyc04g054150.1,0.382694,3.29553,0.116125,0
24523,Solyc12g027700.1,transposed,TE-like,NA,NA,NA,NA,NA
24524,Solyc12g027730.2,transposed,TE-like,Solyc03g113600.3,0.209602,1.08037,0.194009,2.45504e-32
24525,Solyc12g027753.1,transposed,Unclassified,Solyc11g021130.1,0.0591623,0.0318304,1.85868,0.853014
24526,Solyc12g027850.2,transposed,TE-like,Solyc12g095860.2,0.50161,3.967,0.126446,1.82159e-36
24527,Solyc12g027880.2,transposed,Unclassified,Solyc05g014530.1,0.16954,3.82736,0.0442969,1.27445e-48
24528,Solyc12g027883.1,transposed,Unclassified,Solyc02g093860.3,0.162342,2.78226,0.0583492,4.30013e-20
24529,Solyc12g035170.2,transposed,TE-like,Solyc09g010450.1,0.715845,4.5377,0.157755,2.28877e-45
24530,Solyc12g035240.2,transposed,gbM,Solyc10g008340.3,0.810311,4.29268,0.188766,2.5401e-21
24531,Solyc12g035280.1,transposed,TE-like,Solyc07g045240.3,0.246714,0.820779,0.300585,4.37216e-12
24532,Solyc12g035313.1,transposed,TE-like,Solyc07g045240.3,0.250493,1.09759,0.22822,1.99252e-08
24533,Solyc12g035420.2,transposed,TE-like,Solyc03g121980.3,0.275843,0.508184,0.542801,0.00744252
24534,Solyc12g035470.2,transposed,TE-like,Solyc02g093430.3,0.0906048,1.51437,0.0598301,5.18739e-53
24535,Solyc12g035520.2,transposed,TE-like,Solyc05g015650.3,0.193062,0.636976,0.303092,2.87793e-25
24536,Solyc12g035550.1,transposed,TE-like,Solyc11g021300.1,0.0965927,0.038508,2.50838,0.338254
24537,Solyc12g035580.1,transposed,TE-like,Solyc07g021250.1,0.117367,0.198603,0.590964,0.367789
24538,Solyc12g035620.2,transposed,Unmethylated,Solyc01g090880.3,0.243926,0.356079,0.685033,0.516579
24539,Solyc12g035710.2,transposed,TE-like,Solyc01g080160.3,0.0947174,0.718436,0.131838,2.62754e-47
24540,Solyc12g035740.1,transposed,TE-like,NA,NA,NA,NA,NA
24541,Solyc12g035790.1,transposed,TE-like,Solyc02g011930.1,0.763541,1.82042,0.419432,7.83427e-09
24542,Solyc12g036143.1,transposed,TE-like,Solyc03g007530.3,0.849014,3.70545,0.229126,2.09669e-11
24543,Solyc12g036220.2,transposed,gbM,Solyc03g115780.2,0.1916,0.789356,0.242729,5.85142e-24
24544,Solyc12g036250.2,transposed,TE-like,Solyc12g062670.2,0.616667,3.25009,0.189739,2.26864e-13
24545,Solyc12g036480.2,transposed,TE-like,Solyc06g069710.3,0.482358,3.99636,0.120699,5.85763e-32
24546,Solyc12g036510.1,transposed,TE-like,Solyc12g100220.2,0.109203,0.177699,0.614538,0.0470083
24547,Solyc12g036550.2,transposed,TE-like,Solyc11g021310.1,0.0322073,0.03738,0.861618,0.958473
24548,Solyc12g036653.1,transposed,TE-like,Solyc04g081490.3,0.148774,1.51231,0.0983752,2.86943e-09
24549,Solyc12g036657.1,transposed,Unclassified,Solyc10g086760.2,0.320516,0.451832,0.70937,0.20421
24550,Solyc12g036745.1,transposed,TE-like,Solyc08g083400.3,0.660033,3.4745,0.189965,0
24551,Solyc12g036810.2,transposed,TE-like,Solyc07g065880.3,0.530079,4.62852,0.114524,1.38588e-98
24552,Solyc12g036830.2,transposed,TE-like,Solyc01g100120.3,0.272132,2.7065,0.100548,6.05667e-10
24553,Solyc12g037940.2,transposed,TE-like,Solyc10g078860.2,0.566279,3.22268,0.175717,8.36979e-25
24554,Solyc12g037950.2,transposed,TE-like,Solyc01g005470.3,0.380426,3.34162,0.113845,2.2233e-21
24555,Solyc12g037970.2,transposed,Unclassified,Solyc02g093040.3,0.429964,3.85864,0.111429,6.45711e-45
24556,Solyc12g037980.2,transposed,TE-like,Solyc06g076090.3,0.548231,4.09771,0.133789,1.90258e-35
24557,Solyc12g038160.2,transposed,TE-like,Solyc02g068070.3,0.960501,4.24725,0.226146,2.09812e-17
24558,Solyc12g038170.1,transposed,TE-like,Solyc12g049040.1,0.189667,0.315755,0.600677,0.0991184
24559,Solyc12g038230.1,transposed,TE-like,Solyc12g008340.2,0.312905,1.05705,0.296018,2.97481e-05
24560,Solyc12g038390.1,transposed,TE-like,Solyc06g069310.3,0.0992314,0.361228,0.274706,0.000312058
24561,Solyc12g038400.2,transposed,TE-like,Solyc03g114460.3,0.158097,3.50103,0.0451572,1.20934e-85
24562,Solyc12g038410.2,transposed,Unclassified,Solyc06g069320.3,0.506175,1.75727,0.288046,6.39421e-13
24563,Solyc12g038423.1,transposed,TE-like,Solyc01g091870.3,0.142382,0.199691,0.713014,0.377947
24564,Solyc12g038455.1,transposed,Unclassified,Solyc05g048850.3,0.36599,2.82339,0.129628,1.0179e-08
24565,Solyc12g038490.2,transposed,TE-like,Solyc03g115250.3,0.276292,0.666696,0.414419,8.84813e-32
24566,Solyc12g038520.2,transposed,TE-like,Solyc03g114850.3,0.271848,1.04039,0.261294,1.00571e-06
24567,Solyc12g038690.1,transposed,Unclassified,Solyc05g055070.3,0.113756,0.346135,0.328646,0.0122425
24568,Solyc12g038840.2,transposed,TE-like,Solyc04g014690.3,0.186473,1.43602,0.129854,2.92683e-11
24569,Solyc12g039040.1,transposed,Unclassified,Solyc08g066600.3,0.151711,0.589554,0.257333,0.000969102
24570,Solyc12g039080.2,transposed,Unclassified,Solyc03g121230.3,0.566697,3.61007,0.156977,1.51943e-18
24571,Solyc12g039100.1,transposed,TE-like,Solyc01g010150.3,0.462247,2.54153,0.181878,7.33393e-05
24572,Solyc12g039120.2,transposed,Unclassified,Solyc03g115360.3,0.0367293,1.53698,0.0238971,8.96987e-38
24573,Solyc12g039180.2,transposed,TE-like,Solyc03g115370.3,0.0855488,0.676323,0.126491,4.23686e-63
24574,Solyc12g040320.2,transposed,TE-like,Solyc03g115410.3,0.0928636,0.699331,0.132789,7.10744e-22
24575,Solyc12g040330.1,transposed,TE-like,Solyc09g010450.1,0.219768,0.802788,0.273756,9.39761e-06
24576,Solyc12g040370.1,transposed,TE-like,Solyc05g009040.3,0.288604,1.42682,0.202272,6.62233e-14
24577,Solyc12g040460.2,transposed,gbM,Solyc03g006290.3,0.637447,3.793,0.168059,1.47377e-14
24578,Solyc12g040510.2,transposed,Unclassified,Solyc06g069010.3,0.02509,1.58745,0.0158052,8.42949e-91
24579,Solyc12g040640.2,transposed,TE-like,Solyc07g063880.3,0.434998,4.27575,0.101736,5.83076e-70
24580,Solyc12g040680.2,transposed,gbM,Solyc01g080240.3,0.186273,4.2584,0.0437425,0
24581,Solyc12g040750.1,transposed,TE-like,Solyc12g099980.2,0.160671,0.506882,0.316978,8.68307e-05
24582,Solyc12g040860.2,transposed,TE-like,Solyc12g008580.2,0.503297,4.18155,0.120361,2.83431e-75
24583,Solyc12g041870.2,transposed,TE-like,Solyc11g011390.2,0.194671,2.75213,0.0707346,2.08797e-43
24584,Solyc12g041875.1,transposed,TE-like,Solyc11g011380.2,0.130514,3.34639,0.0390014,1.45189e-21
24585,Solyc12g042025.1,transposed,TE-like,Solyc09g089730.3,0.349463,0.613065,0.570026,0.111226
24586,Solyc12g042065.1,transposed,gbM,Solyc03g118340.3,0.0246933,0.826404,0.0298805,9.9444e-72
24587,Solyc12g042077.1,transposed,TE-like,Solyc03g118290.3,0.0631899,0.729452,0.0866265,3.58642e-46
24588,Solyc12g042080.2,transposed,TE-like,Solyc06g073810.3,0.00288845,0.248754,0.0116117,5.87524e-15
24589,Solyc12g042173.1,transposed,TE-like,Solyc03g118260.2,0.0973021,0.548469,0.177407,1.39456e-07
24590,Solyc12g042177.1,transposed,TE-like,Solyc03g118260.2,0.146296,1.72294,0.0849109,1.52599e-12
24591,Solyc12g042230.2,transposed,TE-like,Solyc04g007550.3,0.585392,3.78629,0.154609,4.28063e-30
24592,Solyc12g042390.1,transposed,Unmethylated,Solyc08g007350.2,0.500496,2.75967,0.18136,1.72804e-14
24593,Solyc12g042470.2,transposed,TE-like,Solyc03g098100.3,0.223218,3.99604,0.0558597,6.2763e-60
24594,Solyc12g042570.2,transposed,TE-like,Solyc08g006060.3,0.235317,4.09083,0.057523,7.19462e-57
24595,Solyc12g042640.1,transposed,gbM,Solyc08g081200.3,0.679354,3.80222,0.178673,6.74925e-35
24596,Solyc12g042750.2,transposed,TE-like,Solyc03g116780.3,0.225695,1.21756,0.185366,4.38163e-17
24597,Solyc12g042760.1,transposed,Unmethylated,Solyc05g009990.3,0.715557,4.23197,0.169084,3.89072e-33
24598,Solyc12g042910.2,transposed,gbM,Solyc04g074180.4,0.851041,4.26104,0.199726,4.89717e-37
24599,Solyc12g042990.2,transposed,TE-like,Solyc03g120300.3,0.227185,0.689913,0.329295,3.28978e-22
24600,Solyc12g043005.1,transposed,TE-like,Solyc06g066730.3,0.314325,1.29355,0.242994,4.14003e-06
24601,Solyc12g043030.2,transposed,TE-like,Solyc09g065560.3,0.323519,1.97224,0.164037,4.764e-50
24602,Solyc12g043070.2,transposed,NA,Solyc03g095680.2,0.0311643,0.0761563,0.409215,0.00586594
24603,Solyc12g043090.2,transposed,gbM,Solyc03g122030.1,0.741171,3.98375,0.186048,1.19556e-23
24604,Solyc12g044300.2,transposed,gbM,Solyc03g025720.3,0.670886,3.9885,0.168205,2.52753e-21
24605,Solyc12g044320.2,transposed,Unclassified,Solyc03g044830.3,0.586638,4.07506,0.143958,3.62378e-64
24606,Solyc12g044400.2,transposed,TE-like,Solyc04g082250.3,0.703278,4.5372,0.155003,3.68971e-45
24607,Solyc12g044450.2,transposed,TE-like,Solyc10g007450.2,0.0706417,0.238106,0.296682,3.59611e-08
24608,Solyc12g044535.1,transposed,TE-like,Solyc12g089090.2,0.388512,0.479115,0.810896,0.575264
24609,Solyc12g044750.2,transposed,TE-like,Solyc05g014000.3,0.482412,3.91384,0.123258,1.76995e-56
24610,Solyc12g044870.1,transposed,TE-like,Solyc05g055070.3,0.0670807,0.170869,0.392587,0.00249794
24611,Solyc12g044930.2,transposed,Unclassified,Solyc12g098190.2,0.245276,1.47872,0.165871,1.73302e-16
24612,Solyc12g049210.1,transposed,NA,Solyc07g040730.1,0.471036,3.09805,0.152043,1.32161e-14
24613,Solyc12g049230.2,transposed,TE-like,Solyc07g045230.3,0.736601,4.59576,0.160278,3.37245e-57
24614,Solyc12g049290.2,transposed,Unclassified,Solyc07g041340.2,0.180278,2.49161,0.0723541,2.75112e-20
24615,Solyc12g049300.2,transposed,TE-like,Solyc08g008485.1,0.231181,3.12069,0.0740801,0
24616,Solyc12g049340.2,transposed,Unclassified,Solyc02g085870.3,0.131407,0.331528,0.396366,0.000210689
24617,Solyc12g049350.2,transposed,TE-like,Solyc06g009710.3,0.159987,0.578039,0.276775,1.1388e-08
24618,Solyc12g049370.2,transposed,TE-like,Solyc03g110960.3,0.689059,3.54097,0.194596,6.13126e-12
24619,Solyc12g049440.2,transposed,TE-like,Solyc07g066120.3,0.389944,3.48264,0.111968,2.01754e-12
24620,Solyc12g049470.2,transposed,TE-like,Solyc07g066120.3,0.184141,0.831945,0.221338,1.32259e-05
24621,Solyc12g049520.2,transposed,TE-like,Solyc03g122040.3,0.089089,0.766495,0.116229,9.86859e-17
24622,Solyc12g049540.2,transposed,TE-like,Solyc00g007010.3,0.822563,4.35205,0.189006,1.33225e-59
24623,Solyc12g055770.1,transposed,gbM,Solyc04g077760.1,0.834151,1.72692,0.483027,1.22406e-11
24624,Solyc12g055780.2,transposed,gbM,Solyc01g106020.3,0.607281,4.54007,0.13376,5.73566e-45
24625,Solyc12g055840.2,transposed,Unmethylated,Solyc11g071520.2,0.463479,4.10908,0.112794,8.52361e-73
24626,Solyc12g055850.2,transposed,gbM,Solyc01g096150.3,0.255104,3.84651,0.0663208,1.88158e-44
24627,Solyc12g055855.1,transposed,Unclassified,Solyc08g082920.3,0.060477,0.651364,0.0928467,1.21705e-17
24628,Solyc12g055920.2,transposed,TE-like,Solyc03g083320.3,0.210155,3.68896,0.0569687,5.59019e-40
24629,Solyc12g055960.1,transposed,TE-like,Solyc07g063110.3,0.336234,4.13251,0.0813632,3.94449e-79
24630,Solyc12g056250.2,transposed,Unclassified,Solyc08g080900.3,0.187081,0.984733,0.189982,3.16548e-17
24631,Solyc12g056500.1,transposed,TE-like,Solyc10g081520.1,0.537503,2.47847,0.216869,1.18806e-09
24632,Solyc12g056520.2,transposed,gbM,Solyc04g071350.3,0.129081,0.830181,0.155485,3.50837e-17
24633,Solyc12g056523.1,transposed,TE-like,Solyc04g071350.3,0.452568,2.18724,0.206913,8.36656e-08
24634,Solyc12g056525.1,transposed,TE-like,Solyc04g071350.3,0.127777,0.343392,0.372102,0.000366729
24635,Solyc12g056527.1,transposed,TE-like,Solyc04g071350.3,0.253902,1.47141,0.172557,1.53032e-18
24636,Solyc12g056530.2,transposed,TE-like,Solyc04g071340.4,0.0289034,1.83308,0.0157677,1.00295e-53
24637,Solyc12g056540.1,transposed,Unclassified,Solyc10g008910.1,0.016673,3.47642,0.00479601,2.93401e-65
24638,Solyc12g056640.2,transposed,TE-like,Solyc06g049070.3,0.7411,4.06218,0.182439,2.32918e-28
24639,Solyc12g056660.2,transposed,TE-like,Solyc04g051580.3,0.179797,2.10537,0.0853996,4.92272e-51
24640,Solyc12g056720.2,transposed,TE-like,Solyc03g005320.3,0.512307,4.20522,0.121826,6.57814e-67
24641,Solyc12g056730.1,transposed,gbM,Solyc04g064940.3,0.501486,4.92474,0.10183,3.87962e-115
24642,Solyc12g056810.2,transposed,TE-like,Solyc10g009310.3,0.418307,4.37231,0.0956718,5.03036e-68
24643,Solyc12g056860.2,transposed,gbM,Solyc04g072460.3,0.0817997,0.869225,0.0941065,3.12447e-28
24644,Solyc12g057050.2,transposed,TE-like,Solyc06g073600.3,0.381634,3.88172,0.0983157,1.56448e-28
24645,Solyc12g062280.2,transposed,TE-like,Solyc03g114210.3,0.103735,4.02296,0.0257858,1.92314e-137
24646,Solyc12g062290.2,transposed,TE-like,Solyc09g074420.3,0.449444,4.46263,0.100713,2.44914e-68
24647,Solyc12g062343.1,transposed,TE-like,Solyc07g056050.1,0.189978,2.95219,0.0643516,3.55946e-19
24648,Solyc12g062510.1,transposed,TE-like,Solyc05g010120.3,0.0211047,0.0454165,0.464693,0.190005
24649,Solyc12g062520.1,transposed,TE-like,Solyc08g006960.3,0.27108,0.479609,0.565211,0.021811
24650,Solyc12g062560.1,transposed,TE-like,Solyc07g021200.1,0.0450808,0.0201269,2.23983,0.633953
24651,Solyc12g062640.1,transposed,Unclassified,Solyc07g021280.1,0.413472,2.40759,0.171736,5.69872e-06
24652,Solyc12g062860.2,transposed,TE-like,Solyc04g076200.3,0.661606,3.52034,0.187938,1.70663e-08
24653,Solyc12g062870.2,transposed,TE-like,Solyc01g101000.3,0.0923369,1.97569,0.0467366,3.28876e-93
24654,Solyc12g062930.2,transposed,TE-like,Solyc10g080930.2,0.102376,0.0919705,1.11314,0.757597
24655,Solyc12g062940.2,transposed,Unclassified,Solyc08g007310.3,0.671134,4.13434,0.162332,3.9235e-54
24656,Solyc12g063050.2,transposed,TE-like,Solyc07g005450.3,0.737145,4.23438,0.174086,3.73554e-33
24657,Solyc12g068070.2,transposed,TE-like,Solyc02g093160.3,0.79947,4.57673,0.174682,3.0917e-36
24658,Solyc12g070151.1,transposed,TE-like,Solyc06g068430.3,0.221921,0.457821,0.484733,0.0174184
24659,Solyc12g070220.2,transposed,TE-like,Solyc02g011920.1,0.313826,0.594507,0.527875,0.00888325
24660,Solyc12g070270.2,transposed,TE-like,Solyc03g114960.3,0.89751,4.28181,0.20961,1.51151e-24
24661,Solyc12g070280.2,transposed,gbM,Solyc03g005860.3,0.476197,3.7864,0.125765,1.07292e-38
24662,Solyc12g077370.2,transposed,Unclassified,Solyc03g006110.3,0.376549,4.21449,0.0893463,2.35084e-79
24663,Solyc12g077390.2,transposed,Unclassified,Solyc01g010660.3,0.277145,4.18455,0.0662305,2.01376e-70
24664,Solyc12g077590.2,transposed,TE-like,Solyc08g066540.3,0.593284,3.56389,0.166471,2.36339e-11
24665,Solyc12g077595.1,transposed,TE-like,Solyc10g018250.2,0.195528,0.154505,1.26551,0.530992
24666,Solyc12g077650.2,transposed,TE-like,Solyc11g021130.1,0.104941,0.0187066,5.60984,0.078762
24667,Solyc12g077660.2,transposed,TE-like,Solyc06g069890.3,0.394304,0.709379,0.555843,0.2829
24668,Solyc12g082710.1,transposed,TE-like,Solyc01g091870.3,0.257697,0.428644,0.601192,0.0211886
24669,Solyc12g087855.1,transposed,TE-like,Solyc04g074810.3,0.279664,1.22504,0.22829,2.74438e-05
24670,Solyc12g087980.2,transposed,TE-like,Solyc08g078030.3,0.674209,3.55574,0.189612,2.93822e-24
24671,Solyc12g088000.2,transposed,TE-like,Solyc10g007110.3,0.198129,4.1506,0.047735,6.27798e-73
24672,Solyc12g088040.2,transposed,TE-like,Solyc09g008640.1,0.425658,4.52438,0.094081,6.69835e-101
24673,Solyc12g088110.2,transposed,TE-like,Solyc04g076750.2,0.153675,1.84221,0.083419,5.41604e-81
24674,Solyc12g088130.2,transposed,Unclassified,Solyc02g091690.3,0.240298,1.78033,0.134974,1.59846e-15
24675,Solyc12g088140.2,transposed,gbM,Solyc02g091700.3,0.469912,3.21392,0.146212,9.91689e-14
24676,Solyc12g088480.2,transposed,TE-like,Solyc02g090200.3,0.340974,3.81715,0.0893269,1.94336e-44
24677,Solyc12g088490.1,transposed,TE-like,Solyc03g117500.1,0.609656,3.55353,0.171564,7.13841e-11
24678,Solyc12g088640.2,transposed,TE-like,Solyc12g057020.2,0.279662,2.38547,0.117236,1.60686e-26
24679,Solyc12g088720.2,transposed,gbM,Solyc10g085750.2,0.490905,4.45207,0.110264,6.94211e-113
24680,Solyc12g088880.2,transposed,gbM,Solyc06g068440.3,0.904894,4.02249,0.224959,2.43601e-14
24681,Solyc12g088910.2,transposed,TE-like,Solyc01g108510.3,0.274989,3.94397,0.069724,8.59446e-52
24682,Solyc12g088930.1,transposed,gbM,Solyc05g051760.2,0.45392,3.76365,0.120606,6.40948e-30
24683,Solyc12g089020.2,transposed,gbM,Solyc02g089920.1,0.435845,4.40122,0.0990281,2.90041e-48
24684,Solyc12g089050.2,transposed,TE-like,Solyc07g065070.1,0.619178,2.39655,0.258363,1.38995e-14
24685,Solyc12g089130.2,transposed,TE-like,Solyc04g080290.3,0.102983,1.2009,0.0857549,3.1702e-36
24686,Solyc12g089160.2,transposed,TE-like,Solyc01g109650.3,0.398589,4.68653,0.0850499,5.20652e-96
24687,Solyc12g089300.2,transposed,TE-like,Solyc05g006160.3,0.557682,2.2535,0.247474,1.4656e-06
24688,Solyc12g089320.2,transposed,TE-like,Solyc03g114060.3,0.816016,4.8341,0.168804,2.48056e-63
24689,Solyc12g089330.2,transposed,TE-like,Solyc09g007860.3,0.385577,4.44786,0.0866884,1.24538e-57
24690,Solyc12g089340.2,transposed,TE-like,Solyc02g083560.3,0.12581,1.97011,0.0638597,3.74586e-155
24691,Solyc12g094490.2,transposed,TE-like,Solyc09g009120.3,0.710753,4.7589,0.149352,2.11931e-85
24692,Solyc12g094520.2,transposed,Unclassified,Solyc08g076300.3,0.521499,4.44406,0.117348,2.01282e-53
24693,Solyc12g094540.1,transposed,Unmethylated,Solyc08g007350.2,0.579199,1.98828,0.291307,2.66386e-06
24694,Solyc12g094585.1,transposed,TE-like,Solyc04g082290.3,0.244019,1.75042,0.139406,8.20176e-26
24695,Solyc12g094590.2,transposed,gbM,Solyc01g112070.3,0.228718,4.29112,0.0533003,9.41917e-100
24696,Solyc12g094670.1,transposed,TE-like,Solyc04g082520.2,0.240836,1.56971,0.153427,2.96172e-48
24697,Solyc12g094680.2,transposed,TE-like,Solyc04g082510.3,0.142704,1.97308,0.0723257,3.57224e-40
24698,Solyc12g094710.2,transposed,Unclassified,Solyc02g038760.3,0.421248,2.19593,0.191831,1.26496e-27
24699,Solyc12g095780.2,transposed,TE-like,Solyc08g081240.3,0.625669,4.14971,0.150774,2.21145e-21
24700,Solyc12g095790.2,transposed,gbM,Solyc06g049070.3,0.648676,4.08746,0.158699,9.84707e-32
24701,Solyc12g095810.2,transposed,gbM,Solyc12g044310.2,0.383025,4.49689,0.0851757,6.39458e-73
24702,Solyc12g095870.2,transposed,gbM,Solyc08g066050.3,0.0404125,1.13916,0.0354758,1.86233e-42
24703,Solyc12g095890.2,transposed,TE-like,Solyc08g066200.3,0.0920658,0.609589,0.151029,6.85058e-44
24704,Solyc12g095960.2,transposed,gbM,Solyc11g040370.2,0.670949,4.50113,0.149063,1.01868e-36
24705,Solyc12g096010.2,transposed,TE-like,Solyc05g047550.3,0.320551,4.59493,0.0697618,2.0986e-110
24706,Solyc12g096020.2,transposed,TE-like,Solyc03g121880.3,0.313845,2.56692,0.122265,6.0361e-50
24707,Solyc12g096030.1,transposed,Unclassified,Solyc02g089110.3,0.487473,4.06492,0.119922,5.45651e-37
24708,Solyc12g096040.2,transposed,TE-like,Solyc07g041190.3,0.0925666,1.41513,0.065412,7.57361e-46
24709,Solyc12g096050.2,transposed,TE-like,Solyc08g005410.3,0.0976846,0.873004,0.111895,3.97405e-65
24710,Solyc12g096140.2,transposed,TE-like,Solyc02g081250.2,0.543811,3.9461,0.13781,6.28274e-65
24711,Solyc12g096190.2,transposed,TE-like,Solyc07g064280.3,0.84079,4.24485,0.198073,4.21286e-22
24712,Solyc12g096240.2,transposed,TE-like,Solyc10g007110.3,0.198712,3.96266,0.0501462,1.31616e-71
24713,Solyc12g096270.2,transposed,Unclassified,Solyc09g082940.3,0.486995,3.07718,0.15826,3.29092e-08
24714,Solyc12g096340.2,transposed,TE-like,Solyc07g007990.3,0.822305,2.12244,0.387434,7.49732e-09
24715,Solyc12g096370.2,transposed,TE-like,Solyc04g077760.1,0.801988,4.55969,0.175886,9.86722e-32
24716,Solyc12g096430.1,transposed,gbM,Solyc04g076210.2,0.63125,4.37161,0.144398,8.65541e-56
24717,Solyc12g096440.1,transposed,TE-like,Solyc07g052320.3,0.274083,3.88575,0.0705354,4.49322e-56
24718,Solyc12g096460.2,transposed,TE-like,Solyc06g067970.2,0.56525,3.76108,0.150289,3.94387e-17
24719,Solyc12g096520.2,transposed,TE-like,Solyc04g081860.3,0.480643,3.8071,0.126249,0
24720,Solyc12g096560.2,transposed,gbM,Solyc09g092400.2,0.349312,4.06083,0.0860198,6.60443e-45
24721,Solyc12g096635.1,transposed,Unclassified,Solyc12g018990.2,0.207389,0.830918,0.249591,2.2307e-06
24722,Solyc12g096690.2,transposed,TE-like,Solyc06g083990.3,0.641931,3.93004,0.16334,6.72318e-20
24723,Solyc12g096780.2,transposed,TE-like,Solyc11g072645.1,0.215057,1.10081,0.195363,1.36389e-23
24724,Solyc12g096990.2,transposed,TE-like,Solyc10g077070.2,0.62602,4.44769,0.140752,2.92533e-82
24725,Solyc12g098120.2,transposed,NA,Solyc06g062430.3,0.130657,3.71647,0.0351562,1.85009e-56
24726,Solyc12g098150.2,transposed,Unclassified,Solyc09g082720.3,0.673447,3.95928,0.170093,2.90511e-25
24727,Solyc12g098170.1,transposed,NA,Solyc12g006130.2,0.67135,3.69634,0.181626,4.48567e-30
24728,Solyc12g098320.2,transposed,NA,Solyc06g007930.3,0.384812,3.39292,0.113416,2.85164e-21
24729,Solyc12g098380.2,transposed,TE-like,Solyc03g113600.3,0.836755,4.33898,0.192846,1.80575e-24
24730,Solyc12g098400.2,transposed,TE-like,Solyc01g112070.3,0.292396,4.34723,0.0672602,1.55193e-86
24731,Solyc12g098440.2,transposed,TE-like,Solyc11g012010.2,0.579571,3.59505,0.161214,4.48566e-23
24732,Solyc12g098460.2,transposed,TE-like,Solyc05g009790.1,0.686249,3.6732,0.186826,1.75976e-09
24733,Solyc12g098510.1,transposed,NA,Solyc01g099520.3,0.550425,3.09483,0.177853,1.23062e-15
24734,Solyc12g098520.2,transposed,gbM,Solyc03g006000.3,0.556633,4.12317,0.135001,9.19703e-47
24735,Solyc12g098530.2,transposed,TE-like,Solyc06g073380.3,0.487942,4.00964,0.121692,4.2089e-26
24736,Solyc12g098560.2,transposed,TE-like,Solyc12g008580.2,0.615905,4.11908,0.149525,6.27863e-58
24737,Solyc12g098620.2,transposed,TE-like,Solyc05g010610.3,0.612236,3.99355,0.153306,1.55382e-46
24738,Solyc12g098630.2,transposed,TE-like,Solyc07g065210.3,0.575462,4.96978,0.115792,2.59214e-91
24739,Solyc12g098820.2,transposed,TE-like,Solyc05g053230.3,0.216217,4.14383,0.0521782,7.70887e-83
24740,Solyc12g098830.2,transposed,TE-like,Solyc04g080430.3,0.818764,4.34583,0.188402,5.32488e-61
24741,Solyc12g099010.2,transposed,TE-like,Solyc01g094060.3,0.806422,4.69261,0.171849,1.02807e-64
24742,Solyc12g099070.1,transposed,TE-like,Solyc08g048290.3,0.292733,4.45599,0.0656942,2.55874e-104
24743,Solyc12g099090.2,transposed,TE-like,Solyc01g103540.3,0.62585,4.30644,0.145329,2.47715e-44
24744,Solyc12g099110.2,transposed,gbM,Solyc01g057830.3,0.074044,0.616475,0.120109,4.50805e-38
24745,Solyc12g099180.2,transposed,gbM,Solyc08g066200.3,0.622805,4.23596,0.147028,4.75255e-26
24746,Solyc12g099230.2,transposed,TE-like,Solyc01g109740.3,0.531907,3.94449,0.134848,3.60275e-32
24747,Solyc12g099290.2,transposed,TE-like,Solyc06g071290.3,0.741884,4.30753,0.17223,3.15847e-28
24748,Solyc12g099310.2,transposed,gbM,Solyc03g123660.3,0.714611,3.77211,0.189446,3.82422e-18
24749,Solyc12g099390.2,transposed,TE-like,Solyc01g065550.3,0.145274,0.797763,0.182102,3.03214e-14
24750,Solyc12g099530.2,transposed,TE-like,Solyc01g066830.3,0.233837,1.27047,0.184056,4.48937e-31
24751,Solyc12g099620.1,transposed,TE-like,Solyc02g079260.2,0.677072,4.6095,0.146886,2.45706e-56
24752,Solyc12g099810.2,transposed,TE-like,Solyc04g076570.3,0.45184,4.34131,0.104079,4.48197e-43
24753,Solyc12g099850.1,transposed,TE-like,Solyc09g065710.1,0.671049,4.60704,0.145657,1.89755e-48
24754,Solyc12g099860.2,transposed,TE-like,Solyc10g080070.2,0.56929,4.10152,0.1388,1.18399e-37
24755,Solyc12g099870.2,transposed,TE-like,Solyc12g099980.2,0.218331,0.530328,0.411691,2.31277e-13
24756,Solyc12g099900.1,transposed,TE-like,Solyc02g094340.1,0.521061,4.2393,0.122912,4.01567e-54
24757,Solyc12g099970.2,transposed,Unclassified,Solyc11g012710.2,0.378243,3.89529,0.0971026,1.67461e-35
24758,Solyc12g099990.2,transposed,TE-like,Solyc10g077010.2,NA,1.50875,4.24661e-12,NA
24759,Solyc12g100000.2,transposed,gbM,Solyc09g025270.3,0.467065,4.51292,0.103495,3.7351e-78
24760,Solyc12g100040.1,transposed,TE-like,Solyc09g008830.3,0.4884,3.43118,0.142342,0
24761,Solyc12g100060.1,transposed,Unmethylated,Solyc01g086960.3,0.354587,3.53509,0.100305,3.05932e-19
24762,Solyc12g100120.2,transposed,TE-like,Solyc11g061700.2,0.138536,1.16553,0.118861,3.20459e-74
24763,Solyc12g100130.1,transposed,TE-like,Solyc01g094720.3,0.69376,2.85769,0.24277,8.43283e-15
24764,Solyc12g100140.2,transposed,TE-like,Solyc11g056650.2,0.189902,0.663812,0.286077,8.86393e-10
24765,Solyc12g100170.1,transposed,Unclassified,Solyc06g066840.3,0.446953,3.85654,0.115895,5.17919e-28
24766,Solyc12g100200.2,transposed,TE-like,Solyc01g006490.3,0.0792887,0.992701,0.0798717,7.10544e-69
24767,Solyc12g100300.2,transposed,gbM,Solyc01g006150.3,0.124534,0.698172,0.178371,1.66403e-25
24768,Solyc12g100310.2,transposed,TE-like,Solyc01g006120.3,0.0655338,0.697138,0.094004,1.00327e-58
24769,Solyc12g100330.2,transposed,TE-like,Solyc01g006100.3,0.190745,1.707,0.111743,1.29189e-80
24770,Solyc12g100340.1,transposed,TE-like,Solyc03g114460.3,0.621475,3.86043,0.160986,8.48642e-25
